328|328|8489|9899|3552|1854|1|181.00|27.15|2008-01-28 10:13:32
519|525|15304|7889|4924|1854|1|124.00|18.60|2008-01-28 09:11:54
520|525|15304|7888|4924|1854|2|248.00|37.20|2008-01-28 09:12:17
569|576|43103|8481|2221|1855|1|24.00|3.60|2008-01-29 02:56:33
799|819|2219|6273|2662|1857|1|219.00|32.85|2008-01-31 03:53:02
811|827|2366|8204|1664|1845|1|53.00|7.95|2008-01-19 04:29:22
1016|1028|49913|19452|4480|1856|2|104.00|15.60|2008-01-30 10:33:02
1038|1053|18961|8566|2067|1844|2|500.00|75.00|2008-01-18 12:42:44
1057|1071|19593|6410|95|1835|2|88.00|13.20|2008-01-09 01:51:17
1058|1071|19593|10792|95|1840|3|132.00|19.80|2008-01-14 01:51:25
1164|1216|36299|11219|7330|1857|2|432.00|64.80|2008-01-31 10:09:37
1165|1216|36299|2575|7330|1847|1|216.00|32.40|2008-01-21 10:20:32
1203|1253|32913|8627|4486|1847|2|170.00|25.50|2008-01-21 01:12:56
1204|1253|32913|13882|4486|1853|4|340.00|51.00|2008-01-27 01:15:26
1377|1458|38681|4223|2360|1843|2|158.00|23.70|2008-01-17 01:23:14
1391|1477|26200|2703|7704|1853|1|53.00|7.95|2008-01-27 02:18:14
1470|1554|9896|11096|935|1847|1|60.00|9.00|2008-01-21 08:54:50
1499|1579|2027|11062|4776|1847|4|1000.00|150.00|2008-01-21 11:19:29
1526|1613|33523|4104|5798|1854|2|80.00|12.00|2008-01-28 01:43:37
1867|1990|38539|7416|2337|1852|1|65.00|9.75|2008-01-26 10:30:11
1868|1990|38539|2635|2337|1847|4|260.00|39.00|2008-01-21 10:34:00
1945|2092|42560|10059|8609|1839|3|582.00|87.30|2008-01-13 02:22:11
2247|2423|2577|8197|777|1857|1|114.00|17.10|2008-01-31 07:44:07
2491|2667|13724|3151|8186|1850|2|174.00|26.10|2008-01-24 09:24:58
2633|2825|29672|4223|6521|1835|2|366.00|54.90|2008-01-09 03:23:26
2933|3137|42553|3908|3189|1838|3|243.00|36.45|2008-01-12 06:06:19
2936|3137|42553|9229|3189|1845|1|81.00|12.15|2008-01-19 06:11:30
2981|3176|13694|7951|7671|1842|3|261.00|39.15|2008-01-16 08:13:52
3088|3308|459|17985|6823|1857|1|40.00|6.00|2008-01-31 01:42:35
3952|4258|40561|4821|6561|1846|2|410.00|61.50|2008-01-20 12:57:07
3953|4258|40561|10541|6561|1853|1|205.00|30.75|2008-01-27 01:07:55
3994|4294|23698|1913|8664|1846|1|162.00|24.30|2008-01-20 02:46:51
4034|4323|14124|2801|6655|1847|1|100.00|15.00|2008-01-21 04:19:59
4396|4726|23329|3133|8337|1840|1|178.00|26.70|2008-01-14 07:05:33
4536|4875|9470|245|4403|1836|2|184.00|27.60|2008-01-10 12:05:06
4818|5188|34443|13318|5309|1849|1|138.00|20.70|2008-01-23 10:36:36
4854|5216|3670|7734|1491|1853|1|241.00|36.15|2008-01-27 11:41:13
4973|5324|12898|12713|8614|1855|2|168.00|25.20|2008-01-29 04:06:46
5109|5488|8870|4346|4565|1836|2|40.00|6.00|2008-01-10 08:38:14
5515|5964|16861|3961|5462|1834|3|372.00|55.80|2008-01-08 10:34:43
5516|5964|16861|7876|5462|1839|1|124.00|18.60|2008-01-13 10:40:37
5788|6290|21417|3421|4554|1856|4|608.00|91.20|2008-01-30 07:44:54
5913|6423|31699|23753|5876|1857|1|234.00|35.10|2008-01-31 12:21:59
6383|6934|12455|10973|5653|1844|2|278.00|41.70|2008-01-18 04:29:26
6413|6972|35174|11626|3820|1848|1|155.00|23.25|2008-01-22 05:28:31
6476|7044|29786|8361|7061|1851|1|207.00|31.05|2008-01-25 07:12:03
6477|7044|29786|5712|7061|1847|2|414.00|62.10|2008-01-21 07:17:00
6559|7140|42496|15296|2202|1850|1|23.00|3.45|2008-01-24 10:03:25
6560|7140|42496|10973|2202|1845|2|46.00|6.90|2008-01-19 10:03:40
6754|7349|4033|11032|307|1857|1|72.00|10.80|2008-01-31 05:04:12
6880|7458|39013|7251|1745|1851|2|244.00|36.60|2008-01-25 09:14:09
6881|7461|40808|4219|181|1854|1|59.00|8.85|2008-01-28 09:14:21
6944|7541|26824|3180|4160|1854|2|498.00|74.70|2008-01-28 11:37:45
7019|7621|19823|14739|5497|1846|4|656.00|98.40|2008-01-20 02:11:19
7020|7621|19823|16049|5497|1848|1|164.00|24.60|2008-01-22 02:14:36
7026|7630|1687|1043|637|1834|1|213.00|31.95|2008-01-08 02:23:18
7027|7630|1687|9919|637|1844|2|426.00|63.90|2008-01-18 02:25:12
7041|7643|29141|2018|2156|1839|2|330.00|49.50|2008-01-13 02:43:47
7042|7643|29141|14602|2156|1854|3|495.00|74.25|2008-01-28 02:46:03
7043|7643|29141|2958|2156|1840|1|165.00|24.75|2008-01-14 02:46:49
7333|7930|9710|5674|4894|1855|2|274.00|41.10|2008-01-29 11:35:12
7340|7937|11449|15606|3590|1847|2|424.00|63.60|2008-01-21 11:43:02
7390|8020|728|3|5462|1842|1|117.00|17.55|2008-01-16 01:06:09
7391|8020|728|5491|5462|1848|3|351.00|52.65|2008-01-22 01:09:34
7584|8214|5839|2289|8113|1855|4|512.00|76.80|2008-01-29 07:13:41
7650|8278|11040|7928|1584|1856|1|126.00|18.90|2008-01-30 09:04:26
7651|8278|11040|7494|1584|1855|4|504.00|75.60|2008-01-29 09:04:46
7745|8356|1200|4684|4929|1856|4|748.00|112.20|2008-01-30 11:19:19
7746|8356|1200|741|4929|1851|1|187.00|28.05|2008-01-25 11:21:21
8045|8660|9432|7213|6513|1846|4|940.00|141.00|2008-01-20 09:03:06
8046|8660|9432|2250|6513|1840|1|235.00|35.25|2008-01-14 09:03:22
8068|8682|2908|6041|51|1847|1|190.00|28.50|2008-01-21 10:00:48
8166|8774|37763|4015|4804|1842|4|564.00|84.60|2008-01-16 12:49:06
8376|9006|475|14607|7925|1855|1|120.00|18.00|2008-01-29 06:28:11
8841|9526|2941|6002|8534|1849|2|446.00|66.90|2008-01-23 07:17:36
8932|9648|46439|1869|7706|1842|4|588.00|88.20|2008-01-16 09:50:55
8939|9651|19678|5508|1818|1836|4|716.00|107.40|2008-01-10 09:57:45
8975|9690|27286|44|3709|1833|2|122.00|18.30|2008-01-07 10:39:41
8976|9690|27286|12193|3709|1847|1|61.00|9.15|2008-01-21 10:40:39
8977|9690|27286|17210|3709|1853|3|183.00|27.45|2008-01-27 10:42:39
9252|10024|5382|4480|917|1850|1|83.00|12.45|2008-01-24 05:58:12
9253|10024|5382|3931|917|1849|2|166.00|24.90|2008-01-23 06:00:41
9418|10219|33640|5812|2276|1857|4|640.00|96.00|2008-01-31 10:15:39
9487|10279|11083|13668|6774|1856|3|318.00|47.70|2008-01-30 12:11:47
9705|10513|38965|6326|7115|1836|2|208.00|31.20|2008-01-10 06:04:48
9738|10561|18016|4759|59|1842|1|144.00|21.60|2008-01-16 06:49:30
9739|10561|18016|4966|59|1842|2|288.00|43.20|2008-01-16 06:49:52
9979|10861|5519|173|1920|1856|1|73.00|10.95|2008-01-30 12:05:01
10015|10900|33297|15342|1281|1846|1|217.00|32.55|2008-01-20 12:52:04
10068|10970|31450|5983|7546|1835|1|105.00|15.75|2008-01-09 02:05:46
10095|10998|43046|4703|6752|1840|1|217.00|32.55|2008-01-14 02:44:38
10168|11088|7808|10378|6869|1847|2|102.00|15.30|2008-01-21 04:37:50
10194|11124|8901|20591|7517|1853|2|496.00|74.40|2008-01-27 05:20:21
10195|11124|8901|6507|7517|1836|1|248.00|37.20|2008-01-10 05:20:33
10254|11176|39919|9844|5362|1838|2|214.00|32.10|2008-01-12 06:55:06
11098|12045|11868|14265|2202|1850|1|62.00|9.30|2008-01-24 05:22:08
11251|12185|38500|4935|4389|1855|4|88.00|13.20|2008-01-29 09:18:06
11616|12569|15173|3725|5607|1850|1|236.00|35.40|2008-01-24 05:59:57
12165|13140|24635|957|1929|1835|2|86.00|12.90|2008-01-09 06:38:13
12374|13355|5393|5172|932|1851|2|68.00|10.20|2008-01-25 11:28:16
13237|14295|13373|17207|2088|1847|2|282.00|42.30|2008-01-21 07:06:15
13550|14684|3807|5682|7558|1847|4|380.00|57.00|2008-01-21 02:35:26
13551|14684|3807|11631|7558|1854|2|190.00|28.50|2008-01-28 02:36:14
13606|14741|21021|6054|1242|1838|4|768.00|115.20|2008-01-12 03:45:17
13621|14752|39605|1779|1808|1829|1|233.00|34.95|2008-01-03 04:06:19
14300|15473|48557|6847|1584|1851|1|96.00|14.40|2008-01-25 06:38:58
14540|15714|23666|16782|1670|1853|1|91.00|13.65|2008-01-27 12:04:11
14634|15820|36821|3488|627|1841|2|398.00|59.70|2008-01-15 01:57:32
14635|15820|36821|8331|627|1846|4|796.00|119.40|2008-01-20 02:00:19
15139|16373|25297|15834|6900|1854|4|356.00|53.40|2008-01-28 01:09:13
15140|16373|25297|3742|6900|1839|2|178.00|26.70|2008-01-13 01:09:46
15141|16373|25297|17707|6900|1856|1|89.00|13.35|2008-01-30 01:14:41
15171|16416|6394|15310|5300|1850|2|358.00|53.70|2008-01-24 01:51:53
15172|16416|6394|12619|5300|1847|1|179.00|26.85|2008-01-21 01:52:34
15323|16588|39551|2722|1733|1856|1|157.00|23.55|2008-01-30 05:17:42
15463|16729|14856|10159|691|1853|4|768.00|115.20|2008-01-27 08:06:19
15464|16729|14856|8650|691|1851|1|192.00|28.80|2008-01-25 08:08:30
15538|16813|13432|152|3431|1852|2|302.00|45.30|2008-01-26 09:38:27
15646|16932|44427|2734|3718|1837|1|203.00|30.45|2008-01-11 11:49:04
15647|16932|44427|6461|3718|1841|2|406.00|60.90|2008-01-15 11:49:10
15841|17111|48749|3343|1923|1842|2|126.00|18.90|2008-01-16 03:45:26
16110|17409|44385|3117|3544|1842|3|513.00|76.95|2008-01-16 09:46:59
16405|17756|15422|8068|1096|1842|2|496.00|74.40|2008-01-16 03:46:32
16483|17830|37863|9659|2539|1845|4|580.00|87.00|2008-01-19 05:26:04
16484|17830|37863|52|2539|1834|3|435.00|65.25|2008-01-08 05:30:16
16485|17830|37863|4885|2539|1839|1|145.00|21.75|2008-01-13 05:31:23
16501|17845|28639|3380|6295|1846|4|128.00|19.20|2008-01-20 05:48:11
16502|17845|28639|5698|6295|1848|2|64.00|9.60|2008-01-22 05:48:37
16722|18088|43964|24983|6508|1856|2|262.00|39.30|2008-01-30 10:19:43
16723|18088|43964|21156|6508|1852|1|131.00|19.65|2008-01-26 10:20:00
16880|18250|49317|20026|6972|1851|2|402.00|60.30|2008-01-25 01:44:41
17003|18375|36704|4053|2893|1845|2|366.00|54.90|2008-01-19 04:33:43
17582|19074|19944|9240|3246|1840|1|131.00|19.65|2008-01-14 03:25:19
17596|19087|8777|2885|6114|1835|3|132.00|19.80|2008-01-09 03:43:33
17609|19118|5226|5821|691|1855|3|387.00|58.05|2008-01-29 03:50:27
17713|19231|2093|7400|3714|1844|2|282.00|42.30|2008-01-18 06:06:19
17803|19319|24730|6195|1281|1853|2|310.00|46.50|2008-01-27 07:56:36
17986|19478|19670|980|7514|1852|4|720.00|108.00|2008-01-26 11:36:59
18440|19975|6448|4885|5786|1849|1|174.00|26.10|2008-01-23 08:00:24
18651|20217|43613|2400|5814|1837|1|139.00|20.85|2008-01-11 12:01:38
18863|20451|1715|1867|7399|1839|1|235.00|35.25|2008-01-13 04:15:20
18905|20486|33922|9104|2683|1850|1|240.00|36.00|2008-01-24 05:09:37
19010|20591|17361|4965|8072|1842|1|87.00|13.05|2008-01-16 06:47:47
19763|21395|29394|2583|3919|1836|2|292.00|43.80|2008-01-10 09:05:13
20002|21666|25552|8131|1794|1846|1|175.00|26.25|2008-01-20 01:42:42
20021|21681|47532|9945|5346|1839|1|67.00|10.05|2008-01-13 02:01:23
20092|21753|13808|19165|7460|1850|2|302.00|45.30|2008-01-24 03:15:10
20120|21778|14605|11590|2004|1842|1|117.00|17.55|2008-01-16 03:45:59
20121|21778|14605|4354|2004|1834|2|234.00|35.10|2008-01-08 03:46:00
20292|21999|36440|3672|1612|1845|4|624.00|93.60|2008-01-19 06:51:08
20404|22118|33805|12789|8282|1855|1|129.00|19.35|2008-01-29 09:11:21
20562|22311|1110|19760|8429|1854|1|24.00|3.60|2008-01-28 11:57:42
20576|22341|10720|1709|6024|1843|1|81.00|12.15|2008-01-17 12:11:37
21286|23218|40003|2100|3724|1831|4|352.00|52.80|2008-01-05 01:39:59
21287|23218|40003|5736|3724|1835|2|176.00|26.40|2008-01-09 01:40:09
21852|23760|2018|2646|1708|1840|1|210.00|31.50|2008-01-14 12:16:40
21854|23760|2018|7848|1708|1846|2|420.00|63.00|2008-01-20 12:19:27
22034|23937|25619|4163|8791|1836|1|238.00|35.70|2008-01-10 03:40:16
22196|24088|29454|3194|6712|1832|2|310.00|46.50|2008-01-06 06:52:46
22455|24357|19200|10942|4349|1857|4|192.00|28.80|2008-01-31 11:30:52
22474|24378|34811|12422|7595|1856|4|592.00|88.80|2008-01-30 11:48:40
22725|24687|25200|8279|3772|1848|2|424.00|63.60|2008-01-22 04:18:03
22903|24900|19147|2582|5986|1848|2|442.00|66.30|2008-01-22 07:38:18
22933|24941|19347|48|1015|1855|1|186.00|27.90|2008-01-29 08:12:52
22990|25033|6944|8933|6332|1844|4|792.00|118.80|2008-01-18 09:00:48
22991|25033|6944|18610|6332|1856|2|396.00|59.40|2008-01-30 09:02:08
23126|25191|29192|4348|5532|1849|4|588.00|88.20|2008-01-23 11:39:51
23131|25201|46728|11703|3091|1853|3|474.00|71.10|2008-01-27 11:42:58
23132|25201|46728|9794|3091|1850|2|316.00|47.40|2008-01-24 11:44:04
23207|25284|17024|4163|6588|1841|1|148.00|22.20|2008-01-15 01:17:34
23864|26106|44061|15257|4130|1856|4|776.00|116.40|2008-01-30 01:05:03
24201|26508|48376|2288|4490|1848|2|408.00|61.20|2008-01-22 07:17:28
24261|26580|40270|9694|8524|1856|2|84.00|12.60|2008-01-30 08:34:00
24420|26746|17652|537|7177|1853|1|157.00|23.55|2008-01-27 11:41:45
24688|27067|49904|10206|4867|1840|2|464.00|69.60|2008-01-14 04:55:02
24842|27224|14545|3959|7170|1841|4|88.00|13.20|2008-01-15 07:34:46
24843|27224|14545|6973|7170|1845|1|22.00|3.30|2008-01-19 07:34:57
25079|27468|24084|5276|4804|1844|2|438.00|65.70|2008-01-18 12:11:25
25091|27486|38810|8725|4791|1844|4|976.00|146.40|2008-01-18 12:22:14
25092|27486|38810|10083|4791|1846|3|732.00|109.80|2008-01-20 12:23:58
25093|27486|38810|869|4791|1835|1|244.00|36.60|2008-01-09 12:24:20
25094|27486|38810|8149|4791|1843|2|488.00|73.20|2008-01-17 12:24:52
25568|27983|37388|1672|7330|1851|2|58.00|8.70|2008-01-25 09:42:21
25644|28063|49815|17843|4324|1851|1|78.00|11.70|2008-01-25 11:24:33
25767|28197|13520|6815|5431|1841|3|708.00|106.20|2008-01-15 01:59:06
25768|28197|13520|18613|5431|1855|2|472.00|70.80|2008-01-29 02:00:54
25769|28197|13520|1617|5431|1834|1|236.00|35.40|2008-01-08 02:01:57
25988|28413|7190|6341|771|1847|2|320.00|48.00|2008-01-21 05:45:48
26048|28467|38863|8858|1863|1852|1|189.00|28.35|2008-01-26 06:56:13
26380|28780|7889|2534|1530|1850|2|500.00|75.00|2008-01-24 01:33:35
26575|29000|37256|546|8534|1842|1|197.00|29.55|2008-01-16 05:52:11
27088|29536|46404|6600|7717|1841|2|206.00|30.90|2008-01-15 03:38:15
27118|29571|21945|7597|1606|1838|2|148.00|22.20|2008-01-12 04:19:06
27119|29571|21945|14316|1606|1846|1|74.00|11.10|2008-01-20 04:20:03
27554|30053|8746|19286|64|1856|1|121.00|18.15|2008-01-30 12:40:00
27555|30053|8746|16441|64|1852|2|242.00|36.30|2008-01-26 12:40:13
27616|30121|15308|23528|603|1856|1|92.00|13.80|2008-01-30 01:51:52
27617|30121|15308|6600|603|1835|2|184.00|27.60|2008-01-09 01:52:40
27750|30281|5892|2953|4830|1847|2|196.00|29.40|2008-01-21 04:02:50
27791|30326|22726|351|4124|1853|1|248.00|37.20|2008-01-27 05:00:52
28128|30692|25920|2922|5798|1846|1|67.00|10.05|2008-01-20 11:52:10
28129|30692|25920|3953|5798|1847|2|134.00|20.10|2008-01-21 11:52:33
28169|30722|37815|4343|8075|1855|2|502.00|75.30|2008-01-29 12:34:54
28518|31146|16006|12722|5302|1857|1|333.00|49.95|2008-01-31 06:40:58
28560|31206|18862|2903|5743|1840|4|1128.00|169.20|2008-01-14 07:30:26
28595|31252|40733|7597|7476|1839|2|128.00|19.20|2008-01-13 08:17:16
28781|31481|10857|3526|7169|1849|1|284.00|42.60|2008-01-23 12:08:17
28858|31571|28945|9066|4695|1843|1|241.00|36.15|2008-01-17 01:34:50
28883|31603|28055|3472|6451|1834|2|502.00|75.30|2008-01-08 02:01:10
29033|31790|42720|7162|8239|1835|3|162.00|24.30|2008-01-09 04:52:37
29062|31830|8044|9045|2095|1846|1|347.00|52.05|2008-01-20 05:20:38
29544|32389|3995|183|363|1829|3|159.00|23.85|2008-01-03 02:52:50
29545|32389|3995|20977|363|1854|2|106.00|15.90|2008-01-28 02:54:28
29888|32798|32653|5628|2124|1852|1|167.00|25.05|2008-01-26 09:34:07
30030|32932|44423|1861|826|1836|4|1216.00|182.40|2008-01-10 12:03:43
30031|32932|44423|6062|826|1841|1|304.00|45.60|2008-01-15 12:03:51
30438|33426|13758|3115|7886|1849|2|564.00|84.60|2008-01-23 07:17:45
30439|33426|13758|7696|7886|1855|1|282.00|42.30|2008-01-29 07:20:35
30543|33541|36415|12476|2909|1850|2|178.00|26.70|2008-01-24 09:20:00
30752|33828|43678|4413|6808|1855|1|262.00|39.30|2008-01-29 01:31:42
30785|33874|43040|6330|8673|1856|2|550.00|82.50|2008-01-30 02:05:09
31207|34378|43525|4369|985|1854|4|924.00|138.60|2008-01-28 09:45:07
31243|34418|43136|3134|213|1840|2|672.00|100.80|2008-01-14 10:32:36
31329|34539|709|207|7143|1831|2|542.00|81.30|2008-01-05 12:19:08
31526|34794|40413|16240|8064|1847|1|197.00|29.55|2008-01-21 04:12:37
31863|35198|45702|13893|6206|1853|4|584.00|87.60|2008-01-27 10:28:39
32461|35899|26925|7017|2720|1856|2|278.00|41.70|2008-01-30 09:48:38
32607|36030|45519|891|2761|1845|1|316.00|47.40|2008-01-19 12:18:38
32668|36092|31503|1874|6084|1849|3|540.00|81.00|2008-01-23 01:19:52
32676|36098|18733|2509|525|1837|1|71.00|10.65|2008-01-11 01:31:50
32683|36107|27603|2056|433|1838|2|108.00|16.20|2008-01-12 01:35:22
32954|36394|32549|300|1588|1857|2|628.00|94.20|2008-01-31 06:53:01
33043|36501|8738|6704|3180|1852|4|740.00|111.00|2008-01-26 08:28:35
33095|36572|30047|660|2903|1827|2|234.00|35.10|2008-01-01 09:41:06
33122|36596|17654|6976|5624|1854|2|444.00|66.60|2008-01-28 10:12:12
33773|37364|34403|19897|470|1854|3|942.00|141.30|2008-01-28 10:01:23
33774|37364|34403|17789|470|1852|1|314.00|47.10|2008-01-26 10:02:29
33775|37364|34403|10990|470|1844|2|628.00|94.20|2008-01-18 10:03:04
33867|37451|1581|9909|4033|1857|4|1244.00|186.60|2008-01-31 11:39:15
33992|37594|5889|3642|750|1857|2|252.00|37.80|2008-01-31 01:47:24
34025|37627|5894|6419|2883|1845|4|624.00|93.60|2008-01-19 02:24:16
34026|37627|5894|2842|2883|1841|2|312.00|46.80|2008-01-15 02:24:42
34036|37640|27440|1831|7965|1836|4|1388.00|208.20|2008-01-10 02:39:44
34239|37884|2934|1291|3450|1852|1|66.00|9.90|2008-01-26 06:05:38
34303|37966|31673|683|5309|1853|4|236.00|35.40|2008-01-27 07:14:29
34435|38128|48432|5440|1929|1857|4|352.00|52.80|2008-01-31 09:52:28
34644|38376|3335|1772|759|1834|1|39.00|5.85|2008-01-08 02:21:45
34837|38624|12823|5440|892|1849|4|196.00|29.40|2008-01-23 05:54:20
34974|38775|20218|2257|8795|1833|4|884.00|132.60|2008-01-07 08:35:03
35046|38850|2922|7992|2508|1852|5|1090.00|163.50|2008-01-26 09:46:16
35078|38887|27595|7721|6782|1856|1|83.00|12.45|2008-01-30 10:29:47
35161|38988|10276|2985|571|1836|2|354.00|53.10|2008-01-10 12:09:01
35294|39171|5182|5253|1477|1854|2|502.00|75.30|2008-01-28 02:38:19
35772|39749|32117|2257|8196|1846|4|1368.00|205.20|2008-01-20 12:22:38
35904|39926|17768|6842|4830|1849|2|660.00|99.00|2008-01-23 02:54:58
35987|40048|35809|20407|2703|1853|4|104.00|15.60|2008-01-27 04:29:49
35988|40048|35809|21781|2703|1855|2|52.00|7.80|2008-01-29 04:30:54
36013|40070|12222|10114|3813|1844|4|1340.00|201.00|2008-01-18 05:04:46
36014|40070|12222|1919|3813|1834|1|335.00|50.25|2008-01-08 05:06:11
36015|40070|12222|7258|3813|1840|2|670.00|100.50|2008-01-14 05:07:38
36199|40306|42016|6967|5606|1838|1|261.00|39.15|2008-01-12 08:42:51
36259|40362|5825|1879|8221|1849|1|306.00|45.90|2008-01-23 10:03:45
36801|40946|14412|2394|6773|1845|3|138.00|20.70|2008-01-19 09:00:45
36802|40946|14412|11297|6773|1856|2|92.00|13.80|2008-01-30 09:01:01
36887|41076|31901|880|1062|1852|1|190.00|28.50|2008-01-26 10:58:52
36888|41076|31901|1862|1062|1853|2|380.00|57.00|2008-01-27 11:02:26
36895|41081|42927|2020|4100|1831|2|126.00|18.90|2008-01-05 11:13:42
36905|41094|34813|414|8446|1833|4|1108.00|166.20|2008-01-07 11:20:53
37226|41469|40354|6740|7074|1857|1|192.00|28.80|2008-01-31 05:11:38
37242|41486|46201|1500|6782|1829|2|448.00|67.20|2008-01-03 05:40:16
37326|41577|15881|7512|3117|1857|4|824.00|123.60|2008-01-31 07:12:37
37336|41582|34129|12|1434|1854|1|36.00|5.40|2008-01-28 07:22:02
37372|41642|22226|10137|3120|1851|1|262.00|39.30|2008-01-25 08:00:32
37584|41867|279|9062|48|1848|3|828.00|124.20|2008-01-22 11:57:47
37585|41867|279|10787|48|1850|2|552.00|82.80|2008-01-24 11:58:01
37600|41885|22605|3895|3531|1856|2|346.00|51.90|2008-01-30 12:21:07
37601|41885|22605|1597|3531|1853|1|173.00|25.95|2008-01-27 12:24:00
37660|41959|32350|245|3822|1843|1|50.00|7.50|2008-01-17 01:19:42
37993|42328|13315|17102|1821|1850|2|182.00|27.30|2008-01-24 08:06:36
38059|42406|34991|7123|8228|1842|3|267.00|40.05|2008-01-16 09:28:40
38090|42466|41780|839|4389|1834|1|298.00|44.70|2008-01-08 10:08:55
38091|42466|41780|16207|4389|1852|4|1192.00|178.80|2008-01-26 10:09:02
38092|42466|41780|17192|4389|1853|2|596.00|89.40|2008-01-27 10:09:03
38136|42515|26760|5442|674|1835|4|808.00|121.20|2008-01-09 10:59:16
38165|42546|32016|19682|8186|1856|1|240.00|36.00|2008-01-30 11:34:25
38167|42546|32016|1288|8186|1834|2|480.00|72.00|2008-01-08 11:38:17
38309|42687|2479|8452|3541|1844|4|372.00|55.80|2008-01-18 02:33:42
38311|42687|2479|6055|3541|1841|3|279.00|41.85|2008-01-15 02:37:06
38633|43072|27166|5045|695|1852|1|204.00|30.60|2008-01-26 08:51:17
38634|43072|27166|3687|695|1850|4|816.00|122.40|2008-01-24 08:51:42
38792|43254|14380|20970|7517|1853|4|664.00|99.60|2008-01-27 12:02:14
38882|43343|18467|245|4383|1857|1|263.00|39.45|2008-01-31 01:43:08
39035|43506|18878|10686|8643|1841|1|70.00|10.50|2008-01-15 04:54:50
39425|44004|32895|3729|5580|1847|2|688.00|103.20|2008-01-21 12:53:59
39426|44004|32895|10326|5580|1855|4|1376.00|206.40|2008-01-29 12:54:15
39625|44216|9332|1707|4476|1829|1|115.00|17.25|2008-01-03 04:21:34
39879|44530|6506|1983|838|1854|1|142.00|21.30|2008-01-28 09:14:15
39972|44649|20290|6161|7984|1857|4|692.00|103.80|2008-01-31 11:11:13
40163|44867|12060|3680|6135|1844|4|1136.00|170.40|2008-01-18 03:07:44
40376|45173|11535|8764|4231|1853|4|824.00|123.60|2008-01-27 06:49:30
40523|45332|7121|1301|8553|1846|2|232.00|34.80|2008-01-20 09:29:58
40526|45332|7121|6171|8553|1852|3|348.00|52.20|2008-01-26 09:35:03
40617|45435|46960|23076|1538|1854|2|370.00|55.50|2008-01-28 11:27:24
40618|45435|46960|13965|1538|1843|1|185.00|27.75|2008-01-17 11:27:52
40619|45435|46960|11954|1538|1841|3|555.00|83.25|2008-01-15 11:27:56
40988|45879|18749|1526|7872|1832|1|214.00|32.10|2008-01-06 05:52:25
41383|46371|10397|4496|6096|1840|4|852.00|127.80|2008-01-14 12:59:42
41384|46371|10397|7518|6096|1844|1|213.00|31.95|2008-01-18 12:59:55
41558|46565|44097|2437|3136|1848|1|187.00|28.05|2008-01-22 04:24:52
41829|46887|9566|8941|3301|1852|1|114.00|17.10|2008-01-26 09:41:12
41881|46937|794|6927|7095|1856|1|197.00|29.55|2008-01-30 10:23:27
41922|46976|41269|10719|1010|1850|2|600.00|90.00|2008-01-24 11:10:50
41924|46976|41269|2465|1010|1840|4|1200.00|180.00|2008-01-14 11:12:45
41981|47042|20029|3127|3884|1839|1|195.00|29.25|2008-01-13 12:14:01
42047|47110|38245|382|4223|1840|1|62.00|9.30|2008-01-14 01:17:42
42048|47110|38245|2242|4223|1842|2|124.00|18.60|2008-01-16 01:17:45
42100|47165|42318|4472|720|1835|1|237.00|35.55|2008-01-09 02:16:59
42121|47180|3589|308|6513|1848|2|420.00|63.00|2008-01-22 02:33:13
42944|48210|5988|4148|4345|1833|2|128.00|19.20|2008-01-07 06:38:17
42945|48210|5988|17396|4345|1849|1|64.00|9.60|2008-01-23 06:38:56
42988|48245|15698|6572|2932|1854|1|47.00|7.05|2008-01-28 07:34:49
43134|48441|9149|17473|281|1850|1|272.00|40.80|2008-01-24 09:48:10
43135|48441|9149|1405|281|1831|2|544.00|81.60|2008-01-05 09:48:31
43218|48556|37651|4941|4802|1845|3|900.00|135.00|2008-01-19 11:17:58
43315|48666|3384|15931|1664|1848|1|44.00|6.60|2008-01-22 12:58:07
43317|48666|3384|5682|1664|1835|2|88.00|13.20|2008-01-09 01:00:21
43319|48671|46200|20534|5598|1856|2|84.00|12.60|2008-01-30 01:02:59
43320|48671|46200|18597|5598|1854|1|42.00|6.30|2008-01-28 01:03:18
43340|48691|9335|762|1068|1851|1|35.00|5.25|2008-01-25 01:33:03
43341|48691|9335|4941|1068|1856|3|105.00|15.75|2008-01-30 01:35:34
43567|48985|2164|3277|8046|1836|4|952.00|142.80|2008-01-10 06:04:44
43568|48985|2164|1996|8046|1835|2|476.00|71.40|2008-01-09 06:06:37
43576|48992|5144|8370|3820|1853|2|86.00|12.90|2008-01-27 06:13:59
43654|49067|14175|619|6099|1849|4|872.00|130.80|2008-01-23 07:46:38
43655|49067|14175|451|6099|1849|2|436.00|65.40|2008-01-23 07:47:04
44169|49659|49725|14926|3888|1847|4|436.00|65.40|2008-01-21 04:58:38
44170|49659|49725|6399|3888|1837|2|218.00|32.70|2008-01-11 04:59:11
44171|49659|49725|10805|3888|1842|1|109.00|16.35|2008-01-16 04:59:28
44193|49687|4112|11369|7785|1854|1|214.00|32.10|2008-01-28 05:28:32
44266|49768|43261|8747|4347|1840|2|136.00|20.40|2008-01-14 07:08:51
44380|49888|32425|5518|8471|1850|2|648.00|97.20|2008-01-24 09:15:04
44415|49930|6312|18793|7942|1853|2|264.00|39.60|2008-01-27 09:56:44
44416|49930|6312|15225|7942|1849|1|132.00|19.80|2008-01-23 09:57:20
44437|49961|32614|2848|4003|1837|3|537.00|80.55|2008-01-11 10:16:20
44748|50344|21534|20197|6405|1855|1|271.00|40.65|2008-01-29 03:55:54
44913|50512|20501|2618|6910|1835|2|396.00|59.40|2008-01-09 07:20:09
45272|50947|40856|4297|3509|1842|2|348.00|52.20|2008-01-16 02:09:37
45348|51024|31514|7071|907|1848|2|192.00|28.80|2008-01-22 03:39:40
45487|51184|33098|680|6373|1842|2|682.00|102.30|2008-01-16 06:26:31
45541|51243|27697|10549|2751|1856|1|332.00|49.80|2008-01-30 07:16:34
45676|51410|9998|10393|1937|1852|3|258.00|38.70|2008-01-26 09:50:18
45691|51425|32371|4074|5112|1831|2|448.00|67.20|2008-01-05 10:12:22
45737|51479|29100|10829|4231|1854|1|137.00|20.55|2008-01-28 11:08:12
45977|51747|23076|1394|6189|1851|2|428.00|64.20|2008-01-25 03:31:47
46100|51896|13642|7141|136|1846|4|1368.00|205.20|2008-01-20 06:09:03
46129|51925|49614|9536|7955|1841|2|428.00|64.20|2008-01-15 06:42:53
46130|51925|49614|11155|7955|1843|1|214.00|32.10|2008-01-17 06:42:58
46336|52154|6442|11986|7182|1851|1|117.00|17.55|2008-01-25 11:09:26
46365|52185|3123|2778|5034|1839|2|420.00|63.00|2008-01-13 11:49:57
46457|52283|40030|13874|4381|1851|2|674.00|101.10|2008-01-25 01:43:51
46458|52283|40030|5786|4381|1841|1|337.00|50.55|2008-01-15 01:48:34
46641|52514|6616|17633|6869|1852|2|502.00|75.30|2008-01-26 05:00:07
46642|52514|6616|16674|6869|1851|1|251.00|37.65|2008-01-25 05:00:24
46740|52612|46683|9091|274|1839|2|212.00|31.80|2008-01-13 07:15:33
46984|52955|35402|5355|7272|1848|2|164.00|24.60|2008-01-22 12:06:18
47319|53361|30053|13925|8545|1854|1|277.00|41.55|2008-01-28 06:19:12
48167|54419|2328|158|6557|1850|1|246.00|36.90|2008-01-24 10:19:40
48168|54419|2328|1751|6557|1852|4|984.00|147.60|2008-01-26 10:20:20
48299|54593|16049|15386|6904|1853|1|299.00|44.85|2008-01-27 01:00:32
48300|54593|16049|11938|6904|1849|4|1196.00|179.40|2008-01-23 01:01:15
48301|54593|16049|10559|6904|1847|3|897.00|134.55|2008-01-21 01:02:01
48367|54672|10673|8589|4761|1857|4|108.00|16.20|2008-01-31 02:23:17
48608|54935|1205|11301|1664|1848|1|140.00|21.00|2008-01-22 07:20:57
48609|54935|1205|7621|1664|1844|3|420.00|63.00|2008-01-18 07:21:06
48798|55108|19731|17909|4598|1853|1|161.00|24.15|2008-01-27 10:51:50
49015|55378|8166|15096|5470|1851|1|308.00|46.20|2008-01-25 02:57:31
49069|55441|18969|8939|5829|1842|1|42.00|6.30|2008-01-16 04:02:30
49321|55684|47821|4288|4787|1856|1|90.00|13.50|2008-01-30 08:57:32
49389|55758|18460|3787|4744|1842|1|208.00|31.20|2008-01-16 10:26:09
49390|55758|18460|91|4744|1838|2|416.00|62.40|2008-01-12 10:28:55
49495|55853|26544|14060|903|1844|1|156.00|23.40|2008-01-18 12:35:51
49496|55853|26544|12611|903|1843|2|312.00|46.80|2008-01-17 12:36:16
49505|55864|49185|1794|1850|1856|3|648.00|97.20|2008-01-30 12:46:00
49788|56200|24834|569|999|1832|3|594.00|89.10|2008-01-06 06:05:38
49845|56291|35657|684|4345|1831|2|622.00|93.30|2008-01-05 07:14:08
49846|56291|35657|21624|4345|1856|1|311.00|46.65|2008-01-30 07:14:59
50166|56645|34906|3489|8084|1844|4|1204.00|180.60|2008-01-18 01:07:32
50167|56645|34906|14587|8084|1857|1|301.00|45.15|2008-01-31 01:08:38
50291|56764|5092|7475|8541|1845|2|508.00|76.20|2008-01-19 03:27:21
50293|56766|25043|19746|3717|1850|1|96.00|14.40|2008-01-24 03:31:35
50294|56766|25043|7467|3717|1835|4|384.00|57.60|2008-01-09 03:32:07
50306|56777|35983|8182|7810|1841|2|484.00|72.60|2008-01-15 03:38:44
50753|57270|24381|7438|4248|1836|4|1036.00|155.40|2008-01-10 11:37:20
50754|57270|24381|8955|4248|1838|3|777.00|116.55|2008-01-12 11:38:45
50897|57416|15945|406|4194|1854|1|237.00|35.55|2008-01-28 02:17:40
50938|57465|37275|8022|6841|1856|2|410.00|61.50|2008-01-30 03:07:58
51026|57542|19540|3874|6583|1853|2|322.00|48.30|2008-01-27 04:42:06
51120|57646|36775|10865|3888|1852|1|80.00|12.00|2008-01-26 06:45:17
51138|57663|1985|22725|2874|1854|2|362.00|54.30|2008-01-28 07:05:56
51139|57663|1985|7479|2874|1835|4|724.00|108.60|2008-01-09 07:09:50
51296|57846|47258|19322|5420|1856|4|664.00|99.60|2008-01-30 10:12:19
51343|57906|1353|10403|3033|1847|4|492.00|73.80|2008-01-21 11:01:29
51371|57951|195|5111|6306|1854|1|130.00|19.50|2008-01-28 11:29:42
51402|57983|7924|16104|7676|1854|2|640.00|96.00|2008-01-28 12:01:38
51631|58258|28347|3378|4910|1857|1|250.00|37.50|2008-01-31 04:31:33
51709|58362|39418|3324|8092|1831|2|136.00|20.40|2008-01-05 05:55:12
51710|58362|39418|13602|8092|1844|1|68.00|10.20|2008-01-18 05:57:59
51711|58362|39418|18254|8092|1849|3|204.00|30.60|2008-01-23 05:59:24
52200|58904|4380|4702|1330|1851|1|417.00|62.55|2008-01-25 02:56:08
52208|58916|8897|10772|2216|1843|1|499.00|74.85|2008-01-17 03:07:14
52209|58916|8897|18342|2216|1853|2|998.00|149.70|2008-01-27 03:07:48
52761|59543|17398|363|4089|1838|2|458.00|68.70|2008-01-12 01:37:44
52762|59543|17398|15273|4089|1856|4|916.00|137.40|2008-01-30 01:40:42
52868|59667|19990|12920|2577|1855|2|134.00|20.10|2008-01-29 03:51:48
52988|59788|41252|8431|4804|1852|2|582.00|87.30|2008-01-26 06:08:29
52989|59788|41252|1289|4804|1843|1|291.00|43.65|2008-01-17 06:08:59
53177|60012|47744|6655|8614|1843|1|321.00|48.15|2008-01-17 09:53:23
53178|60012|47744|3523|8614|1840|4|1284.00|192.60|2008-01-14 09:54:45
53250|60069|12644|7066|7942|1838|4|1528.00|229.20|2008-01-12 11:24:56
53251|60069|12644|3532|7942|1834|2|764.00|114.60|2008-01-08 11:26:45
53253|60069|12644|20754|7942|1854|3|1146.00|171.90|2008-01-28 11:30:49
53488|60328|15434|395|218|1843|4|1504.00|225.60|2008-01-17 03:58:58
53503|60337|24072|282|5303|1852|1|205.00|30.75|2008-01-26 04:20:54
53757|60663|92|129|4107|1828|1|491.00|73.65|2008-01-02 08:54:44
54210|61146|30377|1269|7003|1836|2|958.00|143.70|2008-01-10 05:08:46
54277|61224|45691|5812|1863|1856|2|388.00|58.20|2008-01-30 06:23:34
54462|61409|4035|5389|237|1857|2|944.00|141.60|2008-01-31 10:03:36
54465|61413|5313|2517|6820|1846|2|460.00|69.00|2008-01-20 10:08:38
54810|61756|8479|6887|8673|1839|2|954.00|143.10|2008-01-13 05:19:29
54831|61783|33503|15555|754|1852|2|224.00|33.60|2008-01-26 05:38:41
54851|61804|32256|16260|2221|1851|1|58.00|8.70|2008-01-25 06:04:05
54852|61804|32256|592|2221|1832|2|116.00|17.40|2008-01-06 06:05:29
55264|62334|46331|7479|2850|1857|4|724.00|108.60|2008-01-31 02:43:10
55411|62525|6912|2074|695|1834|1|406.00|60.90|2008-01-08 06:18:00
55412|62525|6912|1685|695|1834|2|812.00|121.80|2008-01-08 06:19:10
55850|63007|44348|2159|770|1848|4|1640.00|246.00|2008-01-22 03:12:10
55862|63024|4058|3660|7839|1849|1|413.00|61.95|2008-01-23 03:17:41
55863|63024|4058|8054|7839|1854|2|826.00|123.90|2008-01-28 03:17:56
55896|63056|9834|21932|7074|1853|2|46.00|6.90|2008-01-27 04:03:41
56189|63396|48583|2553|2221|1833|1|382.00|57.30|2008-01-07 10:12:25
56357|63624|23488|13102|8298|1846|1|107.00|16.05|2008-01-20 01:07:34
56358|63624|23488|18540|8298|1853|2|214.00|32.10|2008-01-27 01:08:27
56454|63757|16250|22746|3879|1854|1|298.00|44.70|2008-01-28 02:48:50
56455|63757|16250|17238|3879|1847|2|596.00|89.40|2008-01-21 02:49:13
56808|64190|24004|234|8390|1850|2|966.00|144.90|2008-01-24 09:44:19
57080|64544|36196|4809|2160|1833|1|52.00|7.80|2008-01-07 01:05:02
57304|64813|39893|513|1865|1846|4|1588.00|238.20|2008-01-20 01:12:45
57305|64813|39893|75|1865|1846|1|397.00|59.55|2008-01-20 01:12:47
57378|64896|48929|9321|3798|1851|2|42.00|6.30|2008-01-25 01:15:43
57539|65086|8910|6704|7903|1857|1|280.00|42.00|2008-01-31 01:22:15
57598|65170|15633|2585|6772|1853|4|1160.00|174.00|2008-01-27 01:24:27
57655|65265|16823|2914|42|1838|2|564.00|84.60|2008-01-12 01:26:44
57743|65362|17354|15710|5379|1857|1|207.00|31.05|2008-01-31 01:29:31
57791|65420|29983|11825|548|1853|4|788.00|118.20|2008-01-27 01:31:04
57793|65420|29983|1720|548|1841|2|394.00|59.10|2008-01-15 01:31:09
58257|65957|6609|5804|4436|1836|1|25.00|3.75|2008-01-10 01:48:52
58490|66235|36619|6353|3228|1836|2|480.00|72.00|2008-01-10 01:57:27
58492|66235|36619|16998|3228|1849|4|960.00|144.00|2008-01-23 01:57:31
58868|66605|8449|15126|7230|1852|2|714.00|107.10|2008-01-26 02:11:42
58869|66605|8449|692|7230|1834|1|357.00|53.55|2008-01-08 02:11:43
59308|67136|11656|19233|5465|1850|3|456.00|68.40|2008-01-24 02:27:57
59309|67136|11656|1294|5465|1828|1|152.00|22.80|2008-01-02 02:28:01
59310|67136|11656|1156|5465|1828|2|304.00|45.60|2008-01-02 02:28:02
59311|67136|11656|23628|5465|1855|4|608.00|91.20|2008-01-29 02:28:04
59336|67175|10922|10173|7445|1845|2|538.00|80.70|2008-01-19 02:29:03
59479|67340|19424|3994|7717|1842|1|197.00|29.55|2008-01-16 02:34:26
59676|67562|6017|17311|934|1854|1|421.00|63.15|2008-01-28 02:42:13
59690|67575|19700|11331|3862|1846|3|156.00|23.40|2008-01-20 02:42:46
59691|67575|19700|12683|3862|1848|2|104.00|15.60|2008-01-22 02:42:47
59851|67769|32395|19464|5696|1856|2|338.00|50.70|2008-01-30 02:48:55
59865|67786|22290|21419|4695|1853|3|1068.00|160.20|2008-01-27 02:49:17
59885|67809|1408|9287|7272|1847|2|228.00|34.20|2008-01-21 02:49:56
60143|68088|9072|115|8177|1847|4|208.00|31.20|2008-01-21 03:00:07
60454|68469|49493|8485|42|1843|1|318.00|47.70|2008-01-17 03:11:41
60455|68469|49493|18611|42|1855|2|636.00|95.40|2008-01-29 03:11:41
60456|68469|49493|10115|42|1845|4|1272.00|190.80|2008-01-19 03:11:42
60549|68583|26834|404|4826|1833|2|496.00|74.40|2008-01-07 03:16:36
60550|68583|26834|6249|4826|1840|3|744.00|111.60|2008-01-14 03:16:36
60774|68838|24037|7228|6570|1837|1|247.00|37.05|2008-01-11 03:25:04
60945|69036|1428|12096|2468|1844|3|1308.00|196.20|2008-01-18 03:31:02
60946|69036|1428|13131|2468|1845|1|436.00|65.40|2008-01-19 03:31:04
61066|69169|12819|9726|1118|1857|1|286.00|42.90|2008-01-31 03:35:28
61067|69169|12819|7732|1118|1855|2|572.00|85.80|2008-01-29 03:35:29
61458|69625|1910|6761|4735|1854|1|146.00|21.90|2008-01-28 03:50:48
61781|70018|46841|11185|4390|1852|2|92.00|13.80|2008-01-26 04:04:01
61922|70174|1931|17302|6415|1853|4|256.00|38.40|2008-01-27 04:09:36
61959|70230|46800|14572|7903|1857|6|2964.00|444.60|2008-01-31 04:10:53
61960|70230|46800|13998|7903|1856|1|494.00|74.10|2008-01-30 04:10:54
61969|70244|36420|14764|3291|1851|4|712.00|106.80|2008-01-25 04:11:08
62014|70296|43193|8018|6884|1846|1|413.00|61.95|2008-01-20 04:12:32
62121|70425|22022|22080|7593|1854|1|358.00|53.70|2008-01-28 04:16:48
62122|70425|22022|9732|7593|1839|2|716.00|107.40|2008-01-13 04:16:54
62231|70539|38615|1722|4345|1841|1|250.00|37.50|2008-01-15 04:20:46
62354|70697|46668|2334|6387|1845|1|367.00|55.05|2008-01-19 04:25:22
62361|70702|38140|9799|267|1849|2|312.00|46.80|2008-01-23 04:25:39
62428|70803|49714|4130|8656|1853|6|1218.00|182.70|2008-01-27 04:28:23
62623|71015|39722|17393|7872|1856|2|710.00|106.50|2008-01-30 04:36:00
62684|71076|34217|5249|5355|1842|2|248.00|37.20|2008-01-16 04:38:03
62685|71076|34217|4418|5355|1841|1|124.00|18.60|2008-01-15 04:38:05
62998|71415|27824|15092|6544|1846|1|462.00|69.30|2008-01-20 04:49:43
63255|71691|6721|11544|8113|1845|1|365.00|54.75|2008-01-19 04:58:37
63452|71899|18075|6729|7839|1853|1|40.00|6.00|2008-01-27 05:06:01
63736|72218|49182|1508|6118|1841|3|744.00|111.60|2008-01-15 05:16:04
63836|72334|17243|5431|6419|1849|4|1380.00|207.00|2008-01-23 05:20:02
63878|72390|37084|17349|773|1856|2|336.00|50.40|2008-01-30 05:21:49
64016|72532|30867|12454|5668|1849|1|72.00|10.80|2008-01-23 05:27:00
64180|72739|13676|2825|2432|1832|1|453.00|67.95|2008-01-06 05:33:25
64183|72747|184|4912|4358|1837|1|425.00|63.75|2008-01-11 05:33:26
64622|73252|40113|14967|7052|1846|2|252.00|37.80|2008-01-20 05:50:11
64623|73252|40113|6394|7052|1836|1|126.00|18.90|2008-01-10 05:50:13
64654|73287|26854|2961|6448|1831|3|225.00|33.75|2008-01-05 05:51:25
64655|73287|26854|11588|6448|1841|2|150.00|22.50|2008-01-15 05:51:26
64666|73295|36543|7571|8702|1842|1|452.00|67.80|2008-01-16 05:51:50
64734|73372|12258|2287|6320|1832|4|792.00|118.80|2008-01-06 05:54:23
64736|73374|37612|1222|1475|1852|2|358.00|53.70|2008-01-26 05:54:29
64777|73418|18467|7727|1480|1845|1|114.00|17.10|2008-01-19 05:55:40
64778|73418|18467|363|1480|1836|2|228.00|34.20|2008-01-10 05:55:41
64812|73462|28832|13336|4107|1846|2|784.00|117.60|2008-01-20 05:56:58
64813|73462|28832|562|4107|1830|1|392.00|58.80|2008-01-04 05:57:00
65360|74132|46209|7981|3554|1855|1|115.00|17.25|2008-01-29 06:17:46
65372|74151|8499|15078|3446|1848|2|376.00|56.40|2008-01-22 06:18:09
65373|74151|8499|13110|3446|1845|1|188.00|28.20|2008-01-19 06:18:10
65666|74484|28026|14130|7061|1850|1|498.00|74.70|2008-01-24 06:29:37
66042|74899|13589|6279|6609|1834|1|204.00|30.60|2008-01-08 06:44:42
66213|75148|38228|841|7400|1841|6|2916.00|437.40|2008-01-15 06:51:12
66282|75203|26824|1375|911|1854|4|360.00|54.00|2008-01-28 06:53:43
66283|75203|26824|2744|911|1856|1|90.00|13.50|2008-01-30 06:53:45
66366|75289|17606|10338|383|1842|4|336.00|50.40|2008-01-16 06:56:32
66367|75289|17606|3881|383|1834|3|252.00|37.80|2008-01-08 06:56:32
66484|75427|39894|21329|6116|1855|3|723.00|108.45|2008-01-29 07:00:53
66953|76003|47177|11802|1668|1853|1|277.00|41.55|2008-01-27 07:17:26
67222|76292|32779|2851|8471|1833|1|224.00|33.60|2008-01-07 07:27:53
67331|76447|29538|1489|2143|1853|2|320.00|48.00|2008-01-27 07:32:19
67442|76591|46898|6120|7256|1847|1|65.00|9.75|2008-01-21 07:36:36
67443|76591|46898|6075|7256|1847|2|130.00|19.50|2008-01-21 07:36:40
67549|76718|7800|1571|5557|1842|2|176.00|26.40|2008-01-16 07:40:29
67550|76718|7800|9523|5557|1852|4|352.00|52.80|2008-01-26 07:40:29
67559|76731|22844|13489|3176|1851|2|506.00|75.90|2008-01-25 07:40:45
67648|76835|40448|4109|2699|1849|4|1836.00|275.40|2008-01-23 07:43:57
68317|77634|42186|19864|2026|1853|1|100.00|15.00|2008-01-27 08:09:01
68435|77757|32086|23060|8490|1856|2|692.00|103.80|2008-01-30 08:12:48
68533|77898|49370|12484|4791|1845|4|284.00|42.60|2008-01-19 08:16:22
68632|78024|14922|973|5888|1850|1|448.00|67.20|2008-01-24 08:19:40
68648|78041|2735|3392|4194|1847|2|870.00|130.50|2008-01-21 08:20:13
68790|78214|18402|17751|3874|1851|3|450.00|67.50|2008-01-25 08:26:08
68791|78214|18402|8511|3874|1840|2|300.00|45.00|2008-01-14 08:26:10
68844|78262|4101|17018|213|1855|1|429.00|64.35|2008-01-29 08:28:08
69430|78984|32375|5818|733|1857|4|1124.00|168.60|2008-01-31 08:49:07
69445|78995|15354|3827|4499|1842|4|332.00|49.80|2008-01-16 08:49:36
69876|79463|48756|2297|293|1856|1|220.00|33.00|2008-01-30 09:06:21
70201|79815|42389|12137|1923|1842|4|1676.00|251.40|2008-01-16 09:18:10
70202|79815|42389|8941|1923|1838|2|838.00|125.70|2008-01-12 09:18:12
70203|79815|42389|3698|1923|1832|1|419.00|62.85|2008-01-06 09:18:16
70237|79859|47016|151|2570|1852|2|390.00|58.50|2008-01-26 09:19:25
70242|79864|13425|11585|2426|1850|1|139.00|20.85|2008-01-24 09:19:30
70523|80204|48620|6924|6748|1851|2|480.00|72.00|2008-01-25 09:30:19
70805|80505|46673|5948|237|1857|2|624.00|93.60|2008-01-31 09:40:04
70886|80607|2026|7981|853|1855|1|356.00|53.40|2008-01-29 09:42:46
70890|80616|27593|8224|649|1854|2|180.00|27.00|2008-01-28 09:42:54
70902|80626|32638|4692|3666|1847|2|640.00|96.00|2008-01-21 09:43:12
70957|80697|18381|11660|31|1841|4|1832.00|274.80|2008-01-15 09:45:04
70975|80731|19301|1921|7079|1835|2|650.00|97.50|2008-01-09 09:45:50
71117|80906|339|17362|2726|1851|2|824.00|123.60|2008-01-25 09:51:18
71176|80973|17471|3822|8382|1846|2|644.00|96.60|2008-01-20 09:53:32
71182|80979|8713|479|65|1838|4|1812.00|271.80|2008-01-12 09:53:49
71218|81011|40414|643|7460|1854|1|54.00|8.10|2008-01-28 09:55:14
71253|81058|16646|2541|2486|1857|2|636.00|95.40|2008-01-31 09:56:29
71262|81069|19353|13044|8390|1856|2|186.00|27.90|2008-01-30 09:56:43
71661|81610|123|2025|7096|1856|2|690.00|103.50|2008-01-30 10:11:40
71775|81747|3971|7110|8673|1855|4|1432.00|214.80|2008-01-29 10:15:43
72050|82128|17568|4309|3223|1832|2|336.00|50.40|2008-01-06 10:26:53
72051|82128|17568|23595|3223|1855|1|168.00|25.20|2008-01-29 10:26:55
72170|82269|34091|1689|8064|1831|2|762.00|114.30|2008-01-05 10:31:27
72171|82269|34091|15861|8064|1848|1|381.00|57.15|2008-01-22 10:31:29
72373|82508|49478|5452|1272|1851|2|636.00|95.40|2008-01-25 10:38:11
73013|83289|34304|2339|5495|1841|2|740.00|111.00|2008-01-15 11:02:09
73014|83289|34304|4554|5495|1844|4|1480.00|222.00|2008-01-18 11:02:10
73356|83692|42414|5748|5259|1851|1|326.00|48.90|2008-01-25 11:15:25
73532|83908|1142|5753|6650|1846|1|242.00|36.30|2008-01-20 11:21:42
73548|83921|11466|632|6849|1844|1|283.00|42.45|2008-01-18 11:22:32
73549|83921|11466|7563|6849|1853|3|849.00|127.35|2008-01-27 11:22:33
73610|83986|38016|15080|6696|1846|1|221.00|33.15|2008-01-20 11:24:27
73777|84197|19485|9758|3594|1842|2|882.00|132.30|2008-01-16 11:30:59
73934|84376|23916|5659|8183|1845|2|110.00|16.50|2008-01-19 11:36:04
74359|84865|35685|2514|3139|1840|2|494.00|74.10|2008-01-14 11:53:41
74366|84869|24180|15861|6158|1856|1|247.00|37.05|2008-01-30 11:54:03
74367|84869|24180|11452|6158|1850|4|988.00|148.20|2008-01-24 11:54:06
74388|84890|49808|7570|1085|1853|2|894.00|134.10|2008-01-27 11:54:56
74531|85052|46091|23045|4231|1856|2|476.00|71.40|2008-01-30 12:00:34
74606|85150|10995|6417|2683|1853|3|192.00|28.80|2008-01-27 12:03:49
74607|85150|10995|397|2683|1846|1|64.00|9.60|2008-01-20 12:03:49
74613|85156|42526|8872|4730|1840|2|358.00|53.70|2008-01-14 12:03:59
74638|85192|4978|9955|4804|1856|2|206.00|30.90|2008-01-30 12:04:52
74709|85288|11599|76|2933|1857|1|105.00|15.75|2008-01-31 12:07:40
74810|85389|24659|14940|8285|1844|1|321.00|48.15|2008-01-18 12:11:12
74975|85578|27403|14578|1297|1844|2|344.00|51.60|2008-01-18 12:17:49
75294|85969|43110|4137|1553|1850|2|104.00|15.60|2008-01-24 12:28:29
75431|86131|32849|697|3625|1830|2|976.00|146.40|2008-01-04 12:33:43
75555|86273|4527|522|7064|1836|3|1419.00|212.85|2008-01-10 12:38:16
75654|86391|45374|19472|1317|1850|2|416.00|62.40|2008-01-24 12:41:58
75805|86576|34708|1921|5497|1831|2|80.00|12.00|2008-01-05 12:47:54
75859|86638|19001|14116|5193|1846|4|1368.00|205.20|2008-01-20 12:49:53
75891|86678|27312|16375|6405|1848|1|340.00|51.00|2008-01-22 12:51:06
75894|86682|29121|2584|351|1838|1|38.00|5.70|2008-01-12 12:51:09
75935|86727|46392|6093|7096|1853|2|474.00|71.10|2008-01-27 12:52:53
76683|87609|31392|16383|5169|1853|1|375.00|56.25|2008-01-27 10:10:03
76684|87609|31392|15970|5169|1853|2|750.00|112.50|2008-01-27 10:10:57
76722|87659|7745|1850|1085|1849|2|656.00|98.40|2008-01-23 10:58:05
76743|87694|27101|5558|1611|1854|2|228.00|34.20|2008-01-28 11:30:19
76779|87732|34533|17628|533|1856|1|76.00|11.40|2008-01-30 12:17:46
76895|87872|3503|12851|5470|1856|1|20.00|3.00|2008-01-30 02:23:32
76967|87957|45620|16832|6823|1848|1|348.00|52.20|2008-01-22 03:43:25
76968|87957|45620|12690|6823|1843|2|696.00|104.40|2008-01-17 03:44:44
76969|87957|45620|7842|6823|1837|3|1044.00|156.60|2008-01-11 03:45:05
77016|88004|37408|305|7693|1845|3|930.00|139.50|2008-01-19 04:43:59
77307|88298|23953|10610|7872|1854|1|120.00|18.00|2008-01-28 10:56:47
77737|88775|28045|7802|2874|1839|4|1348.00|202.20|2008-01-13 06:23:21
77738|88775|28045|574|2874|1830|2|674.00|101.10|2008-01-04 06:23:43
77795|88834|21340|19020|7593|1854|2|142.00|21.30|2008-01-28 07:31:55
77796|88834|21340|15765|7593|1850|1|71.00|10.65|2008-01-24 07:36:55
77849|88895|16616|367|1563|1851|1|123.00|18.45|2008-01-25 08:37:58
77870|88922|21198|3166|4607|1849|2|788.00|118.20|2008-01-23 09:04:08
77981|89048|10037|797|1326|1839|2|400.00|60.00|2008-01-13 11:15:04
78015|89088|26661|1242|2089|1857|1|459.00|68.85|2008-01-31 11:57:55
78435|89557|14472|6662|4901|1835|1|253.00|37.95|2008-01-09 07:28:23
78601|89731|4824|6018|700|1843|2|730.00|109.50|2008-01-17 10:45:50
78714|89852|10715|19142|3947|1852|2|916.00|137.40|2008-01-26 12:37:41
78715|89852|10715|6959|3947|1838|3|1374.00|206.10|2008-01-12 12:39:26
78716|89852|10715|5692|3947|1836|1|458.00|68.70|2008-01-10 12:39:29
78883|90057|17957|9482|4486|1848|2|502.00|75.30|2008-01-22 04:08:35
79055|90265|42739|7593|5571|1853|1|473.00|70.95|2008-01-27 07:40:03
79202|90419|17748|225|5678|1856|4|1240.00|186.00|2008-01-30 10:26:44
79242|90472|34301|11007|444|1856|1|396.00|59.40|2008-01-30 11:05:10
79274|90512|24834|12499|1491|1845|1|498.00|74.70|2008-01-19 11:35:33
79399|90684|39167|18428|2197|1854|4|1332.00|199.80|2008-01-28 01:43:36
79804|91153|14843|3092|2343|1839|1|208.00|31.20|2008-01-13 09:06:07
79805|91153|14843|1161|2343|1837|4|832.00|124.80|2008-01-11 09:06:39
79830|91183|31183|5749|5724|1838|1|374.00|56.10|2008-01-12 10:02:31
79844|91202|17593|12937|5193|1848|3|1095.00|164.25|2008-01-22 10:18:40
79848|91207|15920|15575|683|1848|2|670.00|100.50|2008-01-22 10:23:14
79849|91207|15920|17271|683|1850|1|335.00|50.25|2008-01-24 10:23:35
79850|91207|15920|20546|683|1854|3|1005.00|150.75|2008-01-28 10:24:15
79883|91235|25432|12190|7984|1854|1|101.00|15.15|2008-01-28 11:02:31
80090|91455|12503|2756|1771|1851|2|210.00|31.50|2008-01-25 02:52:11
80730|92119|14447|5494|3181|1854|3|537.00|80.55|2008-01-28 03:28:48
80732|92119|14447|5837|3181|1855|1|179.00|26.85|2008-01-29 03:34:41
80733|92119|14447|5475|3181|1854|4|716.00|107.40|2008-01-28 03:35:41
81116|92528|28975|2482|3880|1849|4|368.00|55.20|2008-01-23 11:31:39
81127|92539|40379|2283|6605|1840|2|276.00|41.40|2008-01-14 11:42:19
81354|92774|13060|893|5687|1856|2|516.00|77.40|2008-01-30 04:30:44
81365|92781|20936|2066|6526|1838|4|924.00|138.60|2008-01-12 04:36:43
81420|92842|9020|9037|2761|1849|4|688.00|103.20|2008-01-23 05:54:20
81638|93099|29753|861|3714|1857|2|970.00|145.50|2008-01-31 10:12:46
81803|93280|46545|8357|1673|1843|2|720.00|108.00|2008-01-17 01:32:32
81813|93291|19739|8771|5979|1841|2|394.00|59.10|2008-01-15 01:43:30
82177|93712|34509|5485|4654|1843|2|428.00|64.20|2008-01-17 08:44:01
82214|93753|6648|5302|4887|1834|2|274.00|41.10|2008-01-08 09:26:18
82237|93786|28083|4051|6116|1832|1|484.00|72.60|2008-01-06 09:57:05
82238|93786|28083|3456|6116|1832|2|968.00|145.20|2008-01-06 09:57:17
82742|94339|18965|5173|3622|1837|1|403.00|60.45|2008-01-11 07:31:58
82853|94434|32138|19670|7430|1850|1|134.00|20.10|2008-01-24 09:35:43
82875|94467|346|326|8524|1852|4|1480.00|222.00|2008-01-26 10:01:07
82976|94584|48027|6293|4991|1840|2|476.00|71.40|2008-01-14 11:41:04
83267|94906|5416|797|3534|1844|1|484.00|72.60|2008-01-18 05:08:10
83268|94906|5416|9969|3534|1855|2|968.00|145.20|2008-01-29 05:11:45
83298|94947|40601|355|2572|1839|2|314.00|47.10|2008-01-13 05:54:29
83308|94960|24984|14290|4155|1854|1|178.00|26.70|2008-01-28 06:08:40
83413|95113|12936|19444|5011|1856|1|412.00|61.80|2008-01-30 08:13:24
83414|95113|12936|17383|5011|1853|4|1648.00|247.20|2008-01-27 08:13:47
83635|95381|1140|9024|5325|1840|2|900.00|135.00|2008-01-14 12:43:36
83951|95764|37885|713|7593|1855|1|207.00|31.05|2008-01-29 07:06:15
84281|96154|51|152|6286|1829|1|498.00|74.70|2008-01-03 01:55:35
84282|96154|51|1963|6286|1831|4|1992.00|298.80|2008-01-05 01:57:21
84359|96244|16813|117|6787|1852|2|128.00|19.20|2008-01-26 03:55:00
84522|96447|45885|12403|7119|1850|3|510.00|76.50|2008-01-24 07:06:38
84523|96447|45885|14623|7119|1853|2|340.00|51.00|2008-01-27 07:07:43
84746|96712|16673|1737|1135|1840|1|357.00|53.55|2008-01-14 11:26:00
84747|96712|16673|16179|1135|1857|2|714.00|107.10|2008-01-31 11:28:22
84878|96864|2894|2499|6598|1837|2|996.00|149.40|2008-01-11 02:01:04
84879|96864|2894|17466|6598|1855|1|498.00|74.70|2008-01-29 02:04:09
85257|97320|16392|6290|7990|1834|1|164.00|24.60|2008-01-08 09:35:33
85267|97330|19893|9408|1346|1845|2|830.00|124.50|2008-01-19 09:47:31
85268|97330|19893|3604|1346|1838|1|415.00|62.25|2008-01-12 09:48:57
85465|97564|23947|13764|79|1852|4|404.00|60.60|2008-01-26 01:44:29
85571|97690|24288|8046|4183|1856|1|332.00|49.80|2008-01-30 03:36:30
85703|97837|8025|2154|6207|1831|2|328.00|49.20|2008-01-05 06:10:09
85859|98021|32379|7045|5456|1838|4|1516.00|227.40|2008-01-12 09:19:28
86070|98265|32947|10836|7230|1849|2|272.00|40.80|2008-01-23 02:00:54
86195|98397|7401|481|726|1853|4|1476.00|221.40|2008-01-27 04:40:25
86440|98702|27274|5074|2512|1846|1|262.00|39.30|2008-01-20 09:09:10
86461|98722|18337|9408|2406|1850|2|710.00|106.50|2008-01-24 09:38:28
86489|98744|49474|8529|2012|1842|2|906.00|135.90|2008-01-16 10:16:21
86752|99044|15022|14569|8793|1846|1|362.00|54.30|2008-01-20 03:09:45
86844|99152|21859|554|5447|1849|2|296.00|44.40|2008-01-23 04:49:53
86942|99266|2119|6450|7815|1841|1|250.00|37.50|2008-01-15 06:42:43
87156|99521|31583|2177|4803|1843|1|89.00|13.35|2008-01-17 10:35:47
87250|99633|16717|22484|4499|1855|2|174.00|26.10|2008-01-29 12:18:54
87406|99814|2196|5958|4839|1838|1|190.00|28.50|2008-01-12 03:10:44
87523|99937|38999|11012|7423|1843|1|197.00|29.55|2008-01-17 05:29:20
87524|99937|38999|11302|7423|1843|2|394.00|59.10|2008-01-17 05:30:51
87587|100031|11852|16014|2017|1854|2|554.00|83.10|2008-01-28 06:36:53
87588|100031|11852|8806|2017|1845|1|277.00|41.55|2008-01-19 06:37:56
87589|100031|11852|14428|2017|1852|4|1108.00|166.20|2008-01-26 06:38:28
87638|100092|2185|15638|5598|1847|2|650.00|97.50|2008-01-21 07:27:22
87785|100261|19763|11676|5106|1856|1|238.00|35.70|2008-01-30 10:21:08
87870|100358|21470|3049|7116|1843|1|74.00|11.10|2008-01-17 12:08:16
88595|101218|29052|92|8659|1851|4|1312.00|196.80|2008-01-25 01:25:51
88596|101218|29052|2665|8659|1854|2|656.00|98.40|2008-01-28 01:25:55
89317|101981|22073|8372|945|1841|1|272.00|40.80|2008-01-15 03:15:17
89318|101981|22073|16054|945|1850|2|544.00|81.60|2008-01-24 03:15:46
89349|102027|36303|16005|3463|1848|2|310.00|46.50|2008-01-22 03:47:36
89768|102511|8717|16446|1026|1857|2|990.00|148.50|2008-01-31 11:30:26
89826|102570|7268|8705|3139|1846|3|564.00|84.60|2008-01-20 12:34:43
89827|102570|7268|11457|3139|1849|2|376.00|56.40|2008-01-23 12:34:58
89902|102652|29181|14649|6583|1850|1|316.00|47.40|2008-01-24 01:50:22
90063|102804|28715|4275|743|1854|3|894.00|134.10|2008-01-28 05:08:15
90093|102835|10209|6162|1272|1854|2|606.00|90.90|2008-01-28 05:51:28
90635|103466|4547|13941|6499|1847|2|850.00|127.50|2008-01-21 04:47:08
90636|103466|4547|8040|6499|1840|1|425.00|63.75|2008-01-14 04:47:59
90644|103478|37138|3880|184|1850|2|668.00|100.20|2008-01-24 05:00:07
90913|103762|36758|117|7168|1845|2|134.00|20.10|2008-01-19 10:15:32
90930|103775|5485|4379|5465|1842|2|658.00|98.70|2008-01-16 10:37:57
90936|103778|40287|3311|7036|1838|2|694.00|104.10|2008-01-12 10:42:54
91116|103980|36230|8008|2564|1853|2|798.00|119.70|2008-01-27 02:03:39
91176|104056|27332|671|8479|1840|3|792.00|118.80|2008-01-14 03:07:17
91403|104316|39967|154|213|1840|1|243.00|36.45|2008-01-14 07:26:47
91545|104467|2139|2105|6763|1830|4|104.00|15.60|2008-01-04 10:08:46
91789|104734|1901|4067|4720|1854|1|209.00|31.35|2008-01-28 02:31:46
91822|104766|2590|7107|1924|1845|1|331.00|49.65|2008-01-19 03:05:16
91833|104777|15590|2013|73|1851|1|141.00|21.15|2008-01-25 03:16:31
91881|104848|44663|4676|5532|1847|1|131.00|19.65|2008-01-21 04:09:35
91947|104922|31484|22969|6977|1854|2|142.00|21.30|2008-01-28 05:29:10
92259|105296|40230|3067|5346|1845|1|282.00|42.30|2008-01-19 11:12:43
92330|105380|31765|5997|1221|1834|1|31.00|4.65|2008-01-08 12:42:49
92331|105380|31765|6121|1221|1834|4|124.00|18.60|2008-01-08 12:46:15
92332|105380|31765|21740|1221|1853|2|62.00|9.30|2008-01-27 12:46:27
92406|105473|10174|1476|5779|1838|1|335.00|50.25|2008-01-12 02:17:45
92572|105670|32972|7896|136|1852|4|1964.00|294.60|2008-01-26 05:08:07
92601|105702|28530|3610|5457|1844|4|1036.00|155.40|2008-01-18 05:33:36
92602|105702|28530|328|5457|1840|1|259.00|38.85|2008-01-14 05:34:38
92764|105898|33212|10840|7332|1840|1|256.00|38.40|2008-01-14 09:01:15
93165|106354|19951|4807|5309|1848|3|1227.00|184.05|2008-01-22 04:42:27
93166|106354|19951|540|5309|1843|1|409.00|61.35|2008-01-17 04:42:58
93213|106409|30368|5838|1488|1857|1|150.00|22.50|2008-01-31 05:35:48
93359|106618|1604|254|8580|1852|1|239.00|35.85|2008-01-26 08:26:16
93761|107090|3669|4310|2402|1845|1|390.00|58.50|2008-01-19 04:24:51
94040|107404|26899|4073|1904|1833|1|470.00|70.50|2008-01-07 09:52:33
94200|107579|43351|11|1720|1832|1|380.00|57.00|2008-01-06 12:27:59
94597|108006|2899|10708|91|1850|2|728.00|109.20|2008-01-24 08:03:23
94598|108006|2899|6963|91|1846|4|1456.00|218.40|2008-01-20 08:03:38
94768|108195|45159|666|4068|1829|1|246.00|36.90|2008-01-03 11:30:26
94860|108285|17747|15652|1267|1855|1|194.00|29.10|2008-01-29 01:37:00
94920|108362|14111|10245|3837|1846|2|324.00|48.60|2008-01-20 02:42:26
94953|108396|44469|10674|3598|1840|4|1860.00|279.00|2008-01-14 03:20:25
94954|108396|44469|2383|3598|1830|1|465.00|69.75|2008-01-04 03:21:44
95022|108465|36734|5883|2814|1850|1|62.00|9.30|2008-01-24 04:43:26
95192|108670|36544|16397|4525|1848|4|1740.00|261.00|2008-01-22 08:10:08
95193|108670|36544|21422|4525|1854|2|870.00|130.50|2008-01-28 08:10:12
95244|108729|13264|1141|397|1849|1|21.00|3.15|2008-01-23 09:15:18
95334|108823|37621|11593|3446|1841|1|165.00|24.75|2008-01-15 11:02:04
95599|109156|43118|17179|7116|1849|1|472.00|70.80|2008-01-23 04:22:45
96087|109714|5085|4984|3494|1856|4|1996.00|299.40|2008-01-30 02:30:52
96404|110055|19482|18633|2699|1850|4|624.00|93.60|2008-01-24 09:45:26
96405|110055|19482|21771|2699|1854|1|156.00|23.40|2008-01-28 09:47:15
96406|110055|19482|13702|2699|1844|2|312.00|46.80|2008-01-18 09:47:16
96838|110541|29987|4676|1937|1840|1|163.00|24.45|2008-01-14 07:16:29
96936|110650|16378|12296|5811|1857|2|796.00|119.40|2008-01-31 09:05:41
96971|110688|23687|6684|1346|1837|4|936.00|140.40|2008-01-11 09:49:51
96972|110688|23687|8022|1346|1838|1|234.00|35.10|2008-01-12 09:50:42
97076|110804|27541|2340|2202|1831|2|948.00|142.20|2008-01-05 12:23:28
97161|110898|32990|7750|8182|1847|2|868.00|130.20|2008-01-21 01:47:54
97337|111132|43959|8203|826|1850|2|232.00|34.80|2008-01-24 05:53:49
97479|111320|27014|8573|923|1855|1|175.00|26.25|2008-01-29 08:39:53
97825|111738|8365|4334|2265|1835|1|51.00|7.65|2008-01-09 03:42:32
98190|112177|3790|3540|46|1848|2|106.00|15.90|2008-01-22 11:36:39
98209|112201|14497|9227|7036|1853|2|872.00|130.80|2008-01-27 11:55:27
98231|112226|3191|3874|59|1837|1|243.00|36.45|2008-01-11 12:19:48
98238|112237|18684|1801|1708|1848|4|1072.00|160.80|2008-01-22 12:27:06
98304|112318|9617|12928|2121|1845|1|292.00|43.80|2008-01-19 01:32:28
98521|112558|9064|150|200|1857|4|912.00|136.80|2008-01-31 05:51:47
98563|112616|42691|9385|1708|1849|1|80.00|12.00|2008-01-23 06:37:17
98662|112743|34982|3720|7558|1852|1|323.00|48.45|2008-01-26 08:57:31
98868|113000|8254|15702|4225|1847|1|317.00|47.55|2008-01-21 01:22:14
98880|113015|16900|17905|79|1856|4|1092.00|163.80|2008-01-30 01:42:43
98979|113133|43805|7786|3547|1838|4|796.00|119.40|2008-01-12 03:49:04
99336|113558|10821|12946|6975|1853|2|956.00|143.40|2008-01-27 11:40:10
99480|113711|40442|8559|4389|1839|1|498.00|74.70|2008-01-13 02:59:58
99827|114093|14666|4125|4221|1848|1|373.00|55.95|2008-01-22 10:51:37
99859|114136|29485|8526|3580|1846|2|862.00|129.30|2008-01-20 11:37:23
99980|114277|35541|73|3025|1840|1|267.00|40.05|2008-01-14 02:28:10
100358|114750|8086|6451|3426|1837|1|64.00|9.60|2008-01-11 11:20:13
100536|114948|6324|19615|5300|1850|1|223.00|33.45|2008-01-24 03:19:37
100619|115048|27371|5675|4568|1840|4|224.00|33.60|2008-01-14 05:18:49
100620|115048|27371|1649|4568|1835|1|56.00|8.40|2008-01-09 05:21:47
100954|115447|28124|5977|6787|1851|1|178.00|26.70|2008-01-25 01:35:47
101000|115496|13097|6135|8618|1834|1|255.00|38.25|2008-01-08 02:37:33
101001|115496|13097|3716|8618|1831|3|765.00|114.75|2008-01-05 02:38:45
101264|115792|41107|15702|7143|1857|1|223.00|33.45|2008-01-31 09:19:47
101350|115896|15304|446|4262|1843|1|247.00|37.05|2008-01-17 11:20:40
101575|116148|41973|11640|1673|1842|2|76.00|11.40|2008-01-16 04:47:59
101687|116294|42728|7913|960|1847|2|834.00|125.10|2008-01-21 07:43:37
101758|116370|40279|1221|8471|1846|2|592.00|88.80|2008-01-20 09:09:17
101759|116370|40279|10339|8471|1857|1|296.00|44.40|2008-01-31 09:10:09
101767|116376|20310|3764|7269|1848|4|608.00|91.20|2008-01-22 09:21:58
101769|116376|20310|1499|7269|1845|1|152.00|22.80|2008-01-19 09:24:05
102042|116711|16696|6883|2826|1845|2|850.00|127.50|2008-01-19 04:19:50
102043|116711|16696|4597|2826|1842|1|425.00|63.75|2008-01-16 04:21:20
102209|116895|4602|14803|2742|1845|2|686.00|102.90|2008-01-19 08:15:26
102229|116927|19605|2225|5218|1830|1|167.00|25.05|2008-01-04 08:46:53
102359|117110|48926|8739|1815|1848|2|400.00|60.00|2008-01-22 12:30:24
102422|117184|40467|1050|2699|1846|1|348.00|52.20|2008-01-20 02:30:13
102627|117414|48865|11825|3091|1848|1|61.00|9.15|2008-01-22 07:47:48
102628|117414|48865|4453|3091|1839|2|122.00|18.30|2008-01-13 07:48:27
103010|117819|17381|10820|24|1855|1|208.00|31.20|2008-01-29 05:30:08
103146|117957|39675|4529|641|1849|2|542.00|81.30|2008-01-23 08:35:17
103298|118126|4159|11706|4719|1850|1|240.00|36.00|2008-01-24 01:00:06
103299|118126|4159|17586|4719|1857|2|480.00|72.00|2008-01-31 01:00:13
103418|118255|31669|3281|444|1852|3|654.00|98.10|2008-01-26 04:17:14
103836|118783|36689|7871|1850|1853|1|58.00|8.70|2008-01-27 02:35:39
103946|118897|22744|18467|4849|1857|2|576.00|86.40|2008-01-31 05:54:22
104758|119894|35336|5600|5084|1835|1|148.00|22.20|2008-01-09 04:58:36
104908|120047|15564|6414|3926|1848|2|550.00|82.50|2008-01-22 09:09:01
104997|120145|39376|868|649|1840|1|495.00|74.25|2008-01-14 12:06:09
105072|120225|13287|200|4903|1848|1|288.00|43.20|2008-01-22 03:03:33
105091|120243|6864|8642|4831|1857|1|460.00|69.00|2008-01-31 03:23:12
105092|120243|6864|6481|4831|1854|3|1380.00|207.00|2008-01-28 03:23:53
105251|120439|31201|2469|4490|1855|1|149.00|22.35|2008-01-29 07:25:44
105485|120710|22226|565|1950|1852|4|1268.00|190.20|2008-01-26 01:43:55
105553|120806|34723|872|6526|1831|4|1416.00|212.40|2008-01-05 03:45:29
105555|120806|34723|9025|6526|1840|2|708.00|106.20|2008-01-14 03:49:35
105812|121096|3354|16926|7990|1849|1|306.00|45.90|2008-01-23 11:18:49
106101|121436|9490|3400|6680|1849|1|331.00|49.65|2008-01-23 07:46:41
106102|121436|9490|2726|6680|1848|3|993.00|148.95|2008-01-22 07:50:06
106137|121468|5587|4643|6308|1851|1|23.00|3.45|2008-01-25 08:50:32
106293|121645|31646|8218|1135|1854|1|372.00|55.80|2008-01-28 01:55:32
106321|121675|4552|390|3620|1829|1|414.00|62.10|2008-01-03 02:43:11
106690|122109|18663|3241|5957|1856|1|412.00|61.80|2008-01-30 02:24:49
107019|122460|30036|8721|2826|1844|3|1263.00|189.45|2008-01-18 12:03:37
107055|122490|17362|24883|7517|1856|1|343.00|51.45|2008-01-30 01:17:21
107056|122490|17362|9217|7517|1838|4|1372.00|205.80|2008-01-12 01:19:03
107188|122667|552|534|64|1846|2|948.00|142.20|2008-01-20 06:07:12
107328|122840|6904|7538|5315|1844|2|280.00|42.00|2008-01-18 11:25:08
107329|122840|6904|10442|5315|1847|4|560.00|84.00|2008-01-21 11:32:05
107463|122977|274|6552|5554|1835|1|411.00|61.65|2008-01-09 04:16:04
107828|123396|49714|6961|7514|1852|2|172.00|25.80|2008-01-26 05:42:39
108062|123656|12074|3180|345|1844|1|305.00|45.75|2008-01-18 02:08:11
108635|124364|23848|9660|8333|1847|1|87.00|13.05|2008-01-21 11:22:57
108855|124626|30471|2371|7872|1846|1|42.00|6.30|2008-01-20 07:24:57
108856|124626|30471|4816|7872|1849|2|84.00|12.60|2008-01-23 07:25:54
109015|124804|3503|1310|5888|1841|6|1212.00|181.80|2008-01-15 01:48:34
109016|124804|3503|9441|5888|1851|1|202.00|30.30|2008-01-25 01:48:49
109552|125455|39709|2181|1269|1831|1|353.00|52.95|2008-01-05 01:35:41
109669|125587|36852|22964|3840|1856|3|108.00|16.20|2008-01-30 07:07:17
109774|125695|1655|19320|2751|1852|4|664.00|99.60|2008-01-26 11:26:09
109775|125695|1655|19402|2751|1852|2|332.00|49.80|2008-01-26 11:28:22
109776|125695|1655|15554|2751|1847|1|166.00|24.90|2008-01-21 11:33:47
109820|125732|18850|11906|3974|1847|4|844.00|126.60|2008-01-21 01:24:04
109854|125762|13952|2554|8214|1853|2|294.00|44.10|2008-01-27 03:13:16
110083|126072|26028|6363|4113|1851|1|174.00|26.10|2008-01-25 02:11:25
110172|126183|43206|289|4734|1835|1|347.00|52.05|2008-01-09 06:07:41
110173|126183|43206|4615|4734|1840|4|1388.00|208.20|2008-01-14 06:09:20
110175|126186|17425|6010|6551|1857|1|228.00|34.20|2008-01-31 06:15:44
110313|126327|37761|10716|1924|1844|4|1604.00|240.60|2008-01-18 12:26:07
110408|126445|17142|394|2978|1850|1|198.00|29.70|2008-01-24 04:54:05
110582|126650|5187|10698|2652|1848|2|610.00|91.50|2008-01-22 01:21:45
110801|126919|15068|14367|3494|1847|3|234.00|35.10|2008-01-21 12:07:33
110804|126927|39347|9851|6442|1838|2|818.00|122.70|2008-01-12 12:23:56
110805|126927|39347|1514|6442|1828|1|409.00|61.35|2008-01-02 12:26:31
111025|127171|37151|17568|3919|1848|2|258.00|38.70|2008-01-22 01:19:22
111026|127171|37151|7733|3919|1836|1|129.00|19.35|2008-01-10 01:21:58
111125|127275|7310|9180|1989|1841|1|170.00|25.50|2008-01-15 07:27:08
111138|127298|7847|1242|8238|1857|1|237.00|35.55|2008-01-31 08:31:26
111450|127647|38282|17507|6151|1851|1|388.00|58.20|2008-01-25 05:54:27
111793|128065|18551|6638|2406|1846|1|33.00|4.95|2008-01-20 04:45:20
111812|128082|21106|569|4282|1842|4|292.00|43.80|2008-01-16 05:49:33
112035|128331|9160|10060|4262|1847|4|300.00|45.00|2008-01-21 09:40:55
112036|128331|9160|8788|4262|1845|2|150.00|22.50|2008-01-19 09:43:09
112049|128340|47006|9980|5060|1852|2|376.00|56.40|2008-01-26 10:19:47
112080|128388|24707|10899|8753|1850|2|998.00|149.70|2008-01-24 01:01:53
112081|128388|24707|7696|8753|1846|1|499.00|74.85|2008-01-20 01:03:20
112117|128450|12271|16344|2911|1849|2|218.00|32.70|2008-01-23 04:25:47
112143|128480|31115|3880|5157|1845|4|972.00|145.80|2008-01-19 06:15:00
112144|128480|31115|2596|5157|1844|1|243.00|36.45|2008-01-18 06:15:36
112441|128825|41013|3510|2026|1846|1|77.00|11.55|2008-01-20 08:20:39
113001|129455|33040|3606|5173|1835|2|252.00|37.80|2008-01-09 02:49:22
113002|129455|33040|3029|5173|1834|4|504.00|75.60|2008-01-08 03:44:11
113055|129526|23472|6619|5980|1836|1|156.00|23.40|2008-01-10 11:23:45
113260|129747|45985|6769|4525|1852|1|497.00|74.55|2008-01-26 03:38:43
113372|129890|35557|2285|866|1836|1|398.00|59.70|2008-01-10 02:42:34
113868|130442|14413|6779|3133|1857|4|608.00|91.20|2008-01-31 05:20:53
113967|130560|8486|17904|2071|1856|2|178.00|26.70|2008-01-30 03:58:28
113969|130560|8486|3015|2071|1838|1|89.00|13.35|2008-01-12 04:05:47
113986|130583|740|6279|2826|1842|3|390.00|58.50|2008-01-16 05:26:55
114271|130893|34733|504|2323|1846|1|437.00|65.55|2008-01-20 06:15:11
114722|131384|36862|2635|1815|1840|2|982.00|147.30|2008-01-14 03:56:19
114827|131501|33379|3942|8040|1837|3|621.00|93.15|2008-01-11 09:47:51
114828|131501|33379|9427|8040|1844|2|414.00|62.10|2008-01-18 09:48:47
115156|131829|1969|4094|761|1836|1|500.00|75.00|2008-01-10 05:17:30
115157|131829|1969|2134|761|1834|2|1000.00|150.00|2008-01-08 05:18:45
115223|131902|33550|2591|4805|1854|1|108.00|16.20|2008-01-28 09:02:55
115538|132281|10581|1464|8578|1853|2|142.00|21.30|2008-01-27 02:15:10
115892|132691|20915|13102|2699|1850|1|247.00|37.05|2008-01-24 07:59:56
116196|133068|21795|7065|2474|1837|1|325.00|48.75|2008-01-11 10:20:38
116237|133113|10825|18954|3718|1849|2|148.00|22.20|2008-01-23 01:02:24
116238|133113|10825|7112|3718|1835|1|74.00|11.10|2008-01-09 01:05:19
116239|133113|10825|17588|3718|1848|4|296.00|44.40|2008-01-22 01:06:24
117089|134074|37387|2795|6311|1838|1|427.00|64.05|2008-01-12 11:59:47
117118|134105|46500|14408|3666|1851|2|216.00|32.40|2008-01-25 12:57:07
117425|134444|12744|3271|4829|1854|2|654.00|98.10|2008-01-28 01:56:53
117507|134554|39851|6215|7752|1857|2|448.00|67.20|2008-01-31 05:07:00
117618|134683|21021|910|7304|1838|1|207.00|31.05|2008-01-12 09:09:54
117619|134683|21021|1816|7304|1839|2|414.00|62.10|2008-01-13 09:14:59
117648|134715|42710|17976|3820|1852|2|870.00|130.50|2008-01-26 10:12:28
118182|135356|40433|10422|5065|1844|1|148.00|22.20|2008-01-18 05:32:48
118381|135600|31281|6571|5697|1841|3|966.00|144.90|2008-01-15 12:20:48
118382|135600|31281|5886|5697|1841|4|1288.00|193.20|2008-01-15 12:22:00
118445|135675|23260|11178|3502|1849|2|282.00|42.30|2008-01-23 02:42:45
118782|136032|38751|11993|6419|1857|1|366.00|54.90|2008-01-31 02:06:52
118850|136106|49745|9013|5463|1850|2|956.00|143.40|2008-01-24 04:03:43
118975|136262|784|4841|851|1856|2|156.00|23.40|2008-01-30 08:23:34
119037|136332|27400|449|2285|1844|1|125.00|18.75|2008-01-18 10:54:03
119165|136478|36715|10055|2038|1840|1|333.00|49.95|2008-01-14 02:49:47
119167|136478|36715|13485|2038|1844|2|666.00|99.90|2008-01-18 02:55:37
119227|136533|37493|2061|650|1845|2|922.00|138.30|2008-01-19 05:18:17
119453|136788|34452|1898|1937|1857|1|37.00|5.55|2008-01-31 12:54:45
119885|137272|36982|7334|1989|1843|2|808.00|121.20|2008-01-17 04:07:34
119999|137390|32261|9458|6131|1855|2|100.00|15.00|2008-01-29 07:40:50
120000|137390|32261|3678|6131|1848|3|150.00|22.50|2008-01-22 07:41:01
120100|137532|40470|4653|1477|1850|1|82.00|12.30|2008-01-24 11:16:59
120285|137741|45521|21392|2640|1857|2|416.00|62.40|2008-01-31 04:47:49
120504|137974|30462|12783|838|1850|1|78.00|11.70|2008-01-24 11:41:48
120728|138212|28477|8210|5084|1837|2|252.00|37.80|2008-01-11 06:28:15
120735|138216|15133|1579|8700|1844|2|94.00|14.10|2008-01-18 06:44:50
120845|138336|31840|20627|2530|1852|3|771.00|115.65|2008-01-26 09:45:56
120846|138336|31840|15998|2530|1847|2|514.00|77.10|2008-01-21 09:46:03
120847|138336|31840|14910|2530|1845|1|257.00|38.55|2008-01-19 09:46:24
120866|138354|44103|932|2357|1833|2|506.00|75.90|2008-01-07 10:11:34
121216|138754|14197|1659|1071|1857|4|1156.00|173.40|2008-01-31 09:22:42
121535|139133|28983|1551|5346|1828|1|417.00|62.55|2008-01-02 06:21:05
121537|139133|28983|3027|5346|1830|4|1668.00|250.20|2008-01-04 06:22:59
121552|139142|518|1167|923|1844|8|3384.00|507.60|2008-01-18 06:46:55
121561|139155|17827|15509|7537|1851|1|457.00|68.55|2008-01-25 06:59:39
122152|139846|31858|3361|3919|1842|2|416.00|62.40|2008-01-16 10:52:50
122202|139919|40303|17396|7903|1849|2|60.00|9.00|2008-01-23 12:10:58
122563|140290|43904|14175|8545|1853|2|240.00|36.00|2008-01-27 09:40:40
122820|140599|44693|12617|4231|1850|4|672.00|100.80|2008-01-24 04:52:40
122984|140801|47620|8040|6052|1853|2|632.00|94.80|2008-01-27 08:31:09
123230|141078|49730|328|4316|1831|4|284.00|42.60|2008-01-05 02:01:24
123231|141083|24499|3508|7462|1832|2|74.00|11.10|2008-01-06 02:02:38
123386|141245|23172|434|1058|1857|2|476.00|71.40|2008-01-31 06:10:07
123899|141875|36076|13210|5557|1843|2|330.00|49.50|2008-01-17 07:35:46
124058|142059|5188|15437|7514|1853|2|478.00|71.70|2008-01-27 11:54:48
124410|142456|20269|3880|5580|1855|4|1328.00|199.20|2008-01-29 09:03:45
124910|143028|37760|23097|6594|1856|4|760.00|114.00|2008-01-30 09:06:56
124911|143028|37760|16208|6594|1848|2|380.00|57.00|2008-01-22 09:09:05
125188|143360|26596|1834|7469|1857|4|560.00|84.00|2008-01-31 03:22:57
125262|143445|12501|5721|804|1834|2|944.00|141.60|2008-01-08 05:01:09
125365|143557|28183|10079|2000|1839|1|239.00|35.85|2008-01-13 07:33:31
125367|143557|28183|17180|2000|1847|2|478.00|71.70|2008-01-21 07:36:29
125456|143648|14133|2374|5084|1833|2|202.00|30.30|2008-01-07 09:40:27
125460|143657|45990|1612|8095|1847|1|278.00|41.70|2008-01-21 09:45:53
125579|143795|5194|2729|2026|1835|3|885.00|132.75|2008-01-09 12:11:30
126271|144613|22976|9301|2596|1840|4|1824.00|273.60|2008-01-14 04:37:38
126272|144617|33682|2057|8503|1844|1|123.00|18.45|2008-01-18 04:37:38
126519|144937|8535|8192|4486|1839|1|69.00|10.35|2008-01-13 10:01:43
126520|144937|8535|15512|4486|1848|2|138.00|20.70|2008-01-22 10:02:43
126602|145015|43345|15010|136|1851|3|222.00|33.30|2008-01-25 11:47:30
126676|145098|40457|8055|5931|1840|1|311.00|46.65|2008-01-14 01:31:56
126763|145205|47741|2197|7363|1838|4|176.00|26.40|2008-01-12 03:36:30
126860|145309|14450|2035|64|1844|2|966.00|144.90|2008-01-18 05:23:54
126965|145438|2393|3725|2088|1831|2|640.00|96.00|2008-01-05 07:36:52
127227|145757|18406|6712|7400|1846|1|58.00|8.70|2008-01-20 01:09:45
127305|145856|19418|7823|4113|1846|1|262.00|39.30|2008-01-20 02:40:39
127306|145856|19418|12621|4113|1852|4|1048.00|157.20|2008-01-26 02:41:18
127307|145856|19418|16342|4113|1856|2|524.00|78.60|2008-01-30 02:45:41
127309|145859|7127|14050|5315|1848|2|778.00|116.70|2008-01-22 02:46:36
127408|145963|13967|8584|3025|1857|2|500.00|75.00|2008-01-31 05:05:14
127675|146295|45588|1811|2465|1849|1|397.00|59.55|2008-01-23 11:14:29
127946|146602|11451|1833|3117|1835|1|355.00|53.25|2008-01-09 05:06:37
127947|146602|11451|11813|3117|1847|3|1065.00|159.75|2008-01-21 05:08:20
128323|147081|48342|8791|7786|1851|2|610.00|91.50|2008-01-25 01:34:36
128342|147099|26642|17|5097|1833|1|96.00|14.40|2008-01-07 01:56:06
128472|147273|25956|23453|6513|1855|2|508.00|76.20|2008-01-29 05:02:23
128473|147273|25956|21303|6513|1852|1|254.00|38.10|2008-01-26 05:02:57
128475|147276|26237|13862|213|1850|2|92.00|13.80|2008-01-24 05:05:07
128744|147581|48367|2916|7965|1848|1|458.00|68.70|2008-01-22 10:33:18
128964|147828|33761|7138|3936|1856|1|304.00|45.60|2008-01-30 02:53:53
129150|148052|22782|7629|3620|1845|2|102.00|15.30|2008-01-19 06:56:54
129151|148052|22782|6326|3620|1843|1|51.00|7.65|2008-01-17 06:56:56
129263|148209|35749|10890|4475|1847|2|352.00|52.80|2008-01-21 09:30:43
129264|148209|35749|19023|4475|1856|1|176.00|26.40|2008-01-30 09:32:40
129587|148605|19152|11504|7074|1845|1|294.00|44.10|2008-01-19 04:07:20
129628|148668|46627|2957|3283|1836|4|636.00|95.40|2008-01-10 05:00:29
129629|148668|46627|3229|3283|1836|1|159.00|23.85|2008-01-10 05:01:11
129630|148668|46627|6261|3283|1840|2|318.00|47.70|2008-01-14 05:01:55
129714|148768|49030|9590|8541|1843|2|976.00|146.40|2008-01-17 06:57:05
129739|148796|8044|2042|5796|1854|1|479.00|71.85|2008-01-28 07:21:07
130065|149116|24777|3445|327|1835|1|470.00|70.50|2008-01-09 02:28:32
130374|149472|38246|2541|2846|1841|2|718.00|107.70|2008-01-15 08:38:25
130490|149602|24211|1443|8113|1848|1|240.00|36.00|2008-01-22 10:46:46
130581|149719|25662|8303|4475|1847|1|404.00|60.60|2008-01-21 12:42:56
130582|149719|25662|14988|4475|1855|4|1616.00|242.40|2008-01-29 12:46:16
130583|149719|25662|10493|4475|1850|2|808.00|121.20|2008-01-24 12:47:18
130885|150081|29275|16304|7673|1855|4|296.00|44.40|2008-01-29 06:11:01
130886|150081|29275|16325|7673|1855|1|74.00|11.10|2008-01-29 06:13:02
131209|150483|13341|452|2071|1848|1|373.00|55.95|2008-01-22 12:34:59
131243|151553|20625|1643|5408|1848|1|262.00|39.30|2008-01-22 01:08:31
131270|151584|19784|18001|1480|1853|2|626.00|93.90|2008-01-27 01:32:27
131271|151584|19784|985|1480|1833|1|313.00|46.95|2008-01-07 01:39:32
131421|151756|39240|568|6598|1837|4|860.00|129.00|2008-01-11 04:41:53
131422|151756|39240|16325|6598|1856|1|215.00|32.25|2008-01-30 04:43:37
131451|151789|19880|8870|8268|1857|2|414.00|62.10|2008-01-31 05:04:31
131644|152040|29757|926|6118|1839|4|1192.00|178.80|2008-01-13 08:44:31
131688|152092|42838|3961|4695|1848|1|216.00|32.40|2008-01-22 09:41:33
131957|152389|1937|1627|2526|1848|1|378.00|56.70|2008-01-22 02:29:39
132170|152643|2384|1442|1906|1838|2|468.00|70.20|2008-01-12 06:43:28
132171|152643|2384|7641|1906|1846|3|702.00|105.30|2008-01-20 06:44:24
132172|152643|2384|75|1906|1837|1|234.00|35.10|2008-01-11 06:45:47
132854|153447|5790|16239|7373|1855|2|272.00|40.80|2008-01-29 07:46:23
133068|153707|15727|9443|3204|1839|1|145.00|21.75|2008-01-13 11:57:59
133069|153707|15727|24940|3204|1857|2|290.00|43.50|2008-01-31 11:58:12
133074|153711|23805|6883|1979|1839|1|445.00|66.75|2008-01-13 12:03:37
133390|154089|76|1556|2683|1856|1|355.00|53.25|2008-01-30 05:49:44
133597|154353|16444|4799|7230|1857|1|193.00|28.95|2008-01-31 09:36:49
134672|155636|36126|13260|7923|1853|2|840.00|126.00|2008-01-27 06:02:13
134717|155696|32875|721|2205|1847|3|615.00|92.25|2008-01-21 06:55:11
134718|155696|32875|1209|2205|1848|1|205.00|30.75|2008-01-22 06:55:58
134854|155854|29508|4353|6605|1849|4|504.00|75.60|2008-01-23 08:59:19
135010|156007|4938|1433|1641|1840|1|432.00|64.80|2008-01-14 12:07:14
135135|156148|7307|20560|4830|1854|4|1876.00|281.40|2008-01-28 02:32:46
135136|156148|7307|22626|4830|1857|2|938.00|140.70|2008-01-31 02:34:11
135281|156300|38334|19729|6815|1857|3|270.00|40.50|2008-01-31 05:10:52
135282|156300|38334|18157|6815|1855|1|90.00|13.50|2008-01-29 05:10:53
135335|156358|34222|18229|89|1851|2|76.00|11.40|2008-01-25 06:16:56
135439|156467|44369|1973|181|1842|1|458.00|68.70|2008-01-16 08:18:45
135440|156467|44369|11679|181|1854|2|916.00|137.40|2008-01-28 08:18:57
135516|156559|32405|17356|2512|1851|2|108.00|16.20|2008-01-25 09:47:44
135517|156559|32405|1433|2512|1832|1|54.00|8.10|2008-01-06 09:48:43
135842|156945|34331|744|5600|1836|2|712.00|106.80|2008-01-10 03:15:51
135843|156945|34331|5175|5600|1842|1|356.00|53.40|2008-01-16 03:17:22
135962|157087|13567|22988|1724|1857|2|510.00|76.50|2008-01-31 05:36:44
135963|157087|13567|11534|1724|1843|1|255.00|38.25|2008-01-17 05:36:54
136159|157266|3216|809|7596|1845|1|301.00|45.15|2008-01-19 09:06:04
136261|157378|18533|4117|6748|1847|1|149.00|22.35|2008-01-21 11:15:13
136447|157598|5173|4772|6926|1840|2|488.00|73.20|2008-01-14 02:48:33
136615|157786|26566|5175|8141|1842|1|426.00|63.90|2008-01-16 05:37:30
136825|158041|35669|9354|7266|1848|1|495.00|74.25|2008-01-22 09:26:09
136826|158041|35669|11503|7266|1850|2|990.00|148.50|2008-01-24 09:26:57
137040|158289|44939|19603|4480|1854|1|198.00|29.70|2008-01-28 01:19:19
137181|158459|4413|2356|3709|1832|2|412.00|61.80|2008-01-06 03:53:11
137183|158459|4413|817|3709|1830|4|824.00|123.60|2008-01-04 03:56:29
137345|158653|39999|16946|3494|1856|4|1956.00|293.40|2008-01-30 06:50:34
137430|158742|35236|7180|2163|1839|3|912.00|136.80|2008-01-13 08:35:28
137519|158833|11898|4796|7005|1852|1|224.00|33.60|2008-01-26 10:26:08
137856|159245|11527|9623|7786|1855|1|276.00|41.40|2008-01-29 04:56:30
137882|159269|17471|1398|1281|1828|3|1473.00|220.95|2008-01-02 05:18:55
137883|159269|17471|22743|1281|1854|2|982.00|147.30|2008-01-28 05:19:05
138311|159761|27926|11343|2197|1847|1|146.00|21.90|2008-01-21 01:42:59
138312|159761|27926|1021|2197|1835|2|292.00|43.80|2008-01-09 01:43:10
138455|159945|23082|24736|6807|1857|1|158.00|23.70|2008-01-31 04:18:01
138456|159945|23082|1807|6807|1830|2|316.00|47.40|2008-01-04 04:20:08
138517|160027|38635|7155|1805|1854|2|100.00|15.00|2008-01-28 05:30:53
138567|160073|471|6982|3828|1852|4|1164.00|174.60|2008-01-26 06:26:40
138693|160244|4173|1754|2823|1830|4|1288.00|193.20|2008-01-04 08:46:34
138694|160245|32461|3342|5078|1845|1|376.00|56.40|2008-01-19 08:47:15
138751|160337|18080|3879|4692|1843|1|485.00|72.75|2008-01-17 10:05:12
138782|160377|29057|8002|1010|1847|4|1920.00|288.00|2008-01-21 10:54:49
139151|160802|21393|15308|3136|1846|3|828.00|124.20|2008-01-20 05:43:25
139152|160802|21393|14582|3136|1845|2|552.00|82.80|2008-01-19 05:44:20
139269|160954|13416|15083|3580|1856|4|680.00|102.00|2008-01-30 08:08:01
139301|160990|17946|4748|7005|1843|2|926.00|138.90|2008-01-17 08:57:14
139385|161067|12414|10232|3557|1844|2|220.00|33.00|2008-01-18 10:34:22
139387|161067|12414|5004|3557|1838|4|440.00|66.00|2008-01-12 10:37:58
139388|161067|12414|12525|3557|1847|1|110.00|16.50|2008-01-21 10:43:06
139434|161113|10388|16946|2037|1848|4|1788.00|268.20|2008-01-22 11:33:47
139479|161164|1788|7335|7903|1851|2|40.00|6.00|2008-01-25 12:14:28
139506|161201|4904|7353|2510|1835|3|432.00|64.80|2008-01-09 12:43:00
139685|161423|20317|10488|5779|1852|7|1323.00|198.45|2008-01-26 04:40:13
140227|162123|175|11723|4525|1854|2|890.00|133.50|2008-01-28 03:13:03
140292|162199|21240|9226|351|1856|4|256.00|38.40|2008-01-30 04:25:02
140408|162341|25921|2621|2314|1844|1|79.00|11.85|2008-01-18 06:45:19
140712|162709|17223|440|4754|1833|1|260.00|39.00|2008-01-07 12:31:13
140968|163012|6596|7632|6442|1857|1|335.00|50.25|2008-01-31 05:14:24
141032|163092|27031|2450|3496|1829|2|832.00|124.80|2008-01-03 06:28:04
141531|163708|21549|17657|6158|1854|3|1080.00|162.00|2008-01-28 03:42:41
141582|163772|18339|7107|910|1853|2|312.00|46.80|2008-01-27 04:44:28
141712|163928|30023|12055|1246|1847|2|876.00|131.40|2008-01-21 07:17:47
141787|164011|16919|18281|4695|1856|1|92.00|13.80|2008-01-30 08:43:59
142320|164655|13817|6034|7285|1856|1|243.00|36.45|2008-01-30 06:59:27
142343|164692|27858|236|5068|1852|2|284.00|42.60|2008-01-26 07:27:58
142383|164751|20501|1371|3232|1832|3|465.00|69.75|2008-01-06 08:23:47
142539|164930|1409|11635|64|1852|1|261.00|39.15|2008-01-26 11:18:16
142647|165092|28118|3307|977|1845|2|828.00|124.20|2008-01-19 01:20:42
142656|165101|17958|5948|5957|1840|2|324.00|48.60|2008-01-14 01:40:03
142673|165120|31223|1884|1836|1835|2|848.00|127.20|2008-01-09 02:05:54
142815|165302|21936|11222|4695|1854|2|280.00|42.00|2008-01-28 04:48:04
143120|165661|5642|1214|8697|1847|1|340.00|51.00|2008-01-21 10:50:56
143804|166498|48739|13103|4973|1856|1|440.00|66.00|2008-01-30 11:19:15
144103|166812|40931|2529|2652|1857|3|1089.00|163.35|2008-01-31 04:47:33
144147|166865|16783|3688|2341|1838|4|448.00|67.20|2008-01-12 05:31:00
144148|166865|16783|2777|2341|1837|2|224.00|33.60|2008-01-11 05:31:58
144149|166865|16783|3508|2341|1838|1|112.00|16.80|2008-01-12 05:32:02
144389|167132|44833|1069|5253|1846|4|468.00|70.20|2008-01-20 10:06:42
144424|167185|46018|6604|5624|1850|3|690.00|103.50|2008-01-24 10:51:01
144425|167185|46018|878|5624|1844|4|920.00|138.00|2008-01-18 10:51:06
144426|167185|46018|5086|5624|1849|2|460.00|69.00|2008-01-23 10:54:06
144580|167359|913|6551|6773|1841|6|2664.00|399.60|2008-01-15 01:56:43
144775|167601|8427|8187|397|1841|4|1304.00|195.60|2008-01-15 05:41:48
144941|167773|37329|4865|1905|1834|2|790.00|118.50|2008-01-08 08:45:10
145189|168083|27925|19629|5979|1857|2|842.00|126.30|2008-01-31 01:21:21
145190|168083|27925|605|5979|1834|4|1684.00|252.60|2008-01-08 01:22:21
145600|168571|11234|11052|7198|1849|4|156.00|23.40|2008-01-23 09:04:16
145684|168692|10364|10539|6717|1850|1|136.00|20.40|2008-01-24 10:48:12
145685|168692|10364|14767|6717|1855|4|544.00|81.60|2008-01-29 10:49:16
146464|169619|35554|22376|8250|1857|1|289.00|43.35|2008-01-31 01:45:41
146540|169721|11278|4351|2228|1857|2|582.00|87.30|2008-01-31 03:08:32
146920|170135|18851|19005|1553|1852|2|954.00|143.10|2008-01-26 09:43:38
147190|170429|22804|7155|5448|1837|1|92.00|13.80|2008-01-11 02:23:53
147291|170561|15275|19979|2618|1855|2|992.00|148.80|2008-01-29 04:07:11
147292|170561|15275|16850|2618|1852|3|1488.00|223.20|2008-01-26 04:07:28
147298|170566|7960|5367|3772|1854|2|278.00|41.70|2008-01-28 04:10:28
147357|170645|41040|6336|1808|1854|3|1221.00|183.15|2008-01-28 05:16:05
147484|170786|11575|1280|4933|1833|1|278.00|41.70|2008-01-07 07:39:57
148019|171407|34728|6486|3502|1851|1|411.00|61.65|2008-01-25 06:08:17
148097|171499|28052|11701|1275|1846|1|485.00|72.75|2008-01-20 07:51:18
148332|171802|14810|15335|3781|1851|1|161.00|24.15|2008-01-25 12:19:13
148419|171907|45880|4509|3678|1853|2|922.00|138.30|2008-01-27 01:50:53
148667|172215|18996|12616|3925|1844|1|474.00|71.10|2008-01-18 06:35:00
148717|172272|5622|10555|1937|1854|1|35.00|5.25|2008-01-28 07:30:51
148718|172272|5622|8663|1937|1852|3|105.00|15.75|2008-01-26 07:30:58
148744|172302|17024|14408|3960|1849|1|277.00|41.55|2008-01-23 08:02:17
148819|172389|24867|13222|7939|1848|3|426.00|63.90|2008-01-22 09:50:33
149024|172622|3624|8967|4776|1846|1|192.00|28.80|2008-01-20 01:57:57
149056|172644|10188|13725|76|1844|1|374.00|56.10|2008-01-18 02:36:53
149330|172926|17589|14978|789|1856|1|254.00|38.10|2008-01-30 07:57:24
149332|172926|17589|6366|789|1846|4|1016.00|152.40|2008-01-20 08:01:05
149347|172936|33334|195|4584|1849|2|430.00|64.50|2008-01-23 08:22:02
149500|173111|39766|9240|6368|1848|1|484.00|72.60|2008-01-22 11:36:54
149501|173111|39766|6442|6368|1844|2|968.00|145.20|2008-01-18 11:37:10
149960|173594|42690|5559|960|1855|2|602.00|90.30|2008-01-29 08:50:36
150055|173689|16170|6662|181|1843|4|920.00|138.00|2008-01-17 11:05:16
150056|173689|16170|15844|181|1855|2|460.00|69.00|2008-01-29 11:07:09
150111|173749|5622|15883|3541|1847|2|288.00|43.20|2008-01-21 11:59:38
150112|173749|5622|19683|3541|1851|4|576.00|86.40|2008-01-25 12:01:16
150113|173749|5622|5745|3541|1834|1|144.00|21.60|2008-01-08 12:01:30
150314|173969|48680|816|8762|1827|2|688.00|103.20|2008-01-01 03:50:02
150315|173969|48680|22468|8762|1853|3|1032.00|154.80|2008-01-27 03:50:15
150316|173969|48680|23608|8762|1855|1|344.00|51.60|2008-01-29 03:51:46
150369|174039|9791|8397|1668|1852|4|420.00|63.00|2008-01-26 04:44:23
150400|174077|4030|4595|2343|1855|2|676.00|101.40|2008-01-29 05:28:14
150473|174167|38065|11783|2000|1850|1|172.00|25.80|2008-01-24 06:45:06
150614|174331|35324|10139|461|1846|2|944.00|141.60|2008-01-20 09:20:43
150928|174681|41778|7923|4159|1857|1|172.00|25.80|2008-01-31 03:07:02
151342|175211|39068|4142|6293|1847|2|870.00|130.50|2008-01-21 11:52:02
151388|175268|30120|11854|2709|1847|2|736.00|110.40|2008-01-21 01:03:33
151401|175277|26073|13427|5774|1854|1|140.00|21.00|2008-01-28 01:16:55
151416|175306|36781|7166|7673|1855|1|60.00|9.00|2008-01-29 01:43:27
152108|176023|41822|7115|6306|1844|4|1556.00|233.40|2008-01-18 03:00:54
152266|176211|37468|7601|3383|1842|3|996.00|149.40|2008-01-16 06:24:20
152289|176232|39869|5362|939|1854|1|149.00|22.35|2008-01-28 06:45:37
152830|176877|8936|5328|8265|1837|1|375.00|56.25|2008-01-11 04:58:46
153147|177261|36398|4297|7706|1846|1|117.00|17.55|2008-01-20 11:17:29
153803|178046|26853|11739|8509|1856|1|487.00|73.05|2008-01-30 11:46:11
153833|178085|26843|16430|7786|1856|1|385.00|57.75|2008-01-30 12:16:26
153834|178085|26843|3906|7786|1841|2|770.00|115.50|2008-01-15 12:16:32
154061|178349|32492|19062|6823|1857|1|426.00|63.90|2008-01-31 04:19:52
154166|178480|40641|4740|1309|1839|1|430.00|64.50|2008-01-13 06:05:52
154251|178581|33623|21747|2751|1856|2|812.00|121.80|2008-01-30 07:33:10
154252|178581|33623|20467|2751|1854|1|406.00|60.90|2008-01-28 07:34:12
154347|178689|33098|4780|5001|1857|2|782.00|117.30|2008-01-31 09:06:30
154925|179355|26138|6562|8255|1845|1|149.00|22.35|2008-01-19 08:11:28
155360|179819|11025|14325|1673|1852|2|308.00|46.20|2008-01-26 03:46:39
155613|180126|24703|3212|6699|1832|4|828.00|124.20|2008-01-06 09:02:55
155615|180132|35284|1840|4929|1852|1|303.00|45.45|2008-01-26 09:03:16
155773|180357|14513|5206|5573|1841|1|280.00|42.00|2008-01-15 12:03:32
156042|180663|3573|3605|6169|1837|1|385.00|57.75|2008-01-11 05:18:48
156157|180784|17159|6597|2388|1850|1|204.00|30.60|2008-01-24 07:39:33
156322|180962|25282|4780|1674|1843|2|836.00|125.40|2008-01-17 10:11:38
156649|181372|27889|2223|5456|1844|1|156.00|23.40|2008-01-18 04:31:13
156668|181387|37785|3750|6772|1848|1|28.00|4.20|2008-01-22 04:51:26
157062|205638|30024|6550|3797|1842|3|5643.00|846.45|2008-01-16 12:09:59
157156|205817|45730|4159|461|1847|2|1626.00|243.90|2008-01-21 01:56:09
157749|206999|3003|8876|6605|1837|2|3460.00|519.00|2008-01-11 12:48:06
157751|206999|3003|157|6605|1827|1|1730.00|259.50|2008-01-01 12:50:55
158201|207951|43017|11076|3874|1857|1|849.00|127.35|2008-01-31 09:39:53
158202|207951|43017|11457|3874|1857|2|1698.00|254.70|2008-01-31 09:40:11
158458|208456|33885|562|3781|1853|1|2315.00|347.25|2008-01-27 02:38:35
158635|208816|16047|5359|3978|1849|4|4608.00|691.20|2008-01-23 06:00:55
159095|209698|20574|6162|7752|1855|1|446.00|66.90|2008-01-29 02:40:55
159327|210658|29045|1951|3304|1850|2|2842.00|426.30|2008-01-24 07:14:41
159330|210659|18101|11998|613|1843|1|421.00|63.15|2008-01-17 07:19:35
159409|210780|28081|5772|900|1852|1|1071.00|160.65|2008-01-26 09:12:39
159565|211049|12628|6831|3098|1854|1|1815.00|272.25|2008-01-28 12:25:24
159933|211699|20079|9622|8221|1850|2|778.00|116.70|2008-01-24 07:48:27
160183|212175|34182|3339|6341|1855|1|2403.00|360.45|2008-01-29 12:37:41
160369|212483|48987|13370|4183|1844|2|3490.00|523.50|2008-01-18 04:00:16
160683|213117|47887|12960|6499|1852|3|2811.00|421.65|2008-01-26 09:47:39
160932|213575|14257|13288|1504|1849|2|1654.00|248.10|2008-01-23 02:53:32
160933|213575|14257|13333|1504|1850|1|827.00|124.05|2008-01-24 02:53:36
161144|214004|46718|24649|1924|1857|4|9900.00|1485.00|2008-01-31 06:43:13
161145|214004|46718|18924|1924|1850|2|4950.00|742.50|2008-01-24 06:44:29
161273|214260|32244|9368|7676|1854|1|1892.00|283.80|2008-01-28 09:01:29
161696|215091|29478|6278|1469|1836|2|3292.00|493.80|2008-01-10 05:49:42
161769|215231|17713|870|1863|1846|2|3486.00|522.90|2008-01-20 07:17:01
162067|215789|913|2011|6604|1854|2|4682.00|702.30|2008-01-28 12:40:44
162347|216313|36423|22234|3700|1853|1|617.00|92.55|2008-01-27 06:05:12
162349|216313|36423|13840|3700|1843|4|2468.00|370.20|2008-01-17 06:08:28
163274|218002|24011|15420|2883|1852|2|4980.00|747.00|2008-01-26 12:00:44
163378|218172|7117|4396|1670|1854|1|398.00|59.70|2008-01-28 02:04:43
163499|218401|43194|8258|4029|1854|1|1752.00|262.80|2008-01-28 04:10:30
163500|218401|43194|1464|4029|1846|3|5256.00|788.40|2008-01-20 04:10:42
163501|218401|43194|841|4029|1846|2|3504.00|525.60|2008-01-20 04:11:11
163570|218531|16258|1362|6386|1848|1|1413.00|211.95|2008-01-22 05:15:00
163607|218608|18294|3802|8446|1835|1|1029.00|154.35|2008-01-09 06:13:22
163857|219063|23226|20658|6975|1855|2|3796.00|569.40|2008-01-29 10:30:11
163858|219063|23226|11834|6975|1845|1|1898.00|284.70|2008-01-19 10:31:03
163979|219305|26094|3232|2244|1847|2|2058.00|308.70|2008-01-21 12:42:23
164211|219696|14500|6120|136|1839|2|1864.00|279.60|2008-01-13 04:58:51
164428|220095|45125|10422|1622|1840|2|4892.00|733.80|2008-01-14 09:27:45
164488|220206|41592|1441|5497|1850|1|2467.00|370.05|2008-01-24 10:38:44
164572|220368|44557|6660|3512|1851|2|962.00|144.30|2008-01-25 12:08:06
164696|220642|31064|264|8477|1853|1|1891.00|283.65|2008-01-27 02:48:28
164725|220680|17244|13792|2421|1845|1|1959.00|293.85|2008-01-19 03:22:42
164889|220990|30223|7033|3291|1849|1|1116.00|167.40|2008-01-23 06:18:20
165070|221312|46807|2532|1062|1857|1|2471.00|370.65|2008-01-31 09:30:19
165571|222289|16567|14649|1670|1849|1|1917.00|287.55|2008-01-23 07:19:28
166285|223648|30122|9355|1937|1838|1|1219.00|182.85|2008-01-12 08:57:01
166296|223664|24146|7898|7428|1839|3|6348.00|952.20|2008-01-13 09:05:37
166324|223732|43847|75|8075|1855|2|738.00|110.70|2008-01-29 09:36:26
166700|224432|10376|11323|5465|1840|2|3922.00|588.30|2008-01-14 05:00:05
166701|224432|10376|5354|5465|1833|4|7844.00|1176.60|2008-01-07 05:01:44
166924|224901|36696|1422|604|1849|2|2770.00|415.50|2008-01-23 08:55:04
166929|224910|10250|6137|8503|1854|2|2826.00|423.90|2008-01-28 08:59:37
166993|225050|48053|6376|6386|1856|2|4244.00|636.60|2008-01-30 10:11:58
167186|225432|6561|11564|4224|1854|1|888.00|133.20|2008-01-28 01:44:16
167213|225469|27416|1165|184|1845|1|1835.00|275.25|2008-01-19 02:19:03
167338|225722|20766|14939|2932|1844|4|7556.00|1133.40|2008-01-18 04:29:36
167777|226562|33040|20946|4991|1853|1|2497.00|374.55|2008-01-27 01:34:01
167778|226562|33040|3312|4991|1831|2|4994.00|749.10|2008-01-05 01:35:40
168164|227275|15173|347|8668|1843|2|1128.00|169.20|2008-01-17 08:56:44
168282|227495|25458|5957|1771|1851|4|5588.00|838.20|2008-01-25 11:26:37
168492|227965|37391|12737|5495|1848|2|956.00|143.40|2008-01-22 04:10:45
168527|228018|27422|1013|7422|1849|2|3730.00|559.50|2008-01-23 05:08:01
168935|228758|44274|2012|3002|1853|2|932.00|139.80|2008-01-27 01:25:09
168950|228787|2443|4240|2337|1844|2|962.00|144.30|2008-01-18 01:49:44
169132|229151|43142|7610|4378|1850|1|1667.00|250.05|2008-01-24 05:30:23
169133|229151|43142|4865|4378|1846|2|3334.00|500.10|2008-01-20 05:30:58
169540|229906|34914|5083|2472|1836|1|476.00|71.40|2008-01-10 01:29:51
169693|230261|7760|11507|400|1852|1|864.00|129.60|2008-01-26 04:03:55
169789|230443|30345|17785|2242|1848|2|3756.00|563.40|2008-01-22 06:19:51
169845|230524|44833|9002|803|1851|2|4060.00|609.00|2008-01-25 07:36:16
170156|231121|17183|18812|6163|1853|1|1449.00|217.35|2008-01-27 01:01:44
170157|231121|17183|14615|6163|1848|2|2898.00|434.70|2008-01-22 01:01:44
170211|231216|30878|15232|6561|1848|2|3498.00|524.70|2008-01-22 01:03:43
170375|231544|9184|3286|5097|1846|2|3380.00|507.00|2008-01-20 01:09:10
170482|231754|48109|1461|4689|1853|1|1529.00|229.35|2008-01-27 01:13:14
170499|231787|16485|155|6772|1835|1|1370.00|205.50|2008-01-09 01:14:04
170500|231787|16485|15530|6772|1853|2|2740.00|411.00|2008-01-27 01:14:04
170568|231913|40528|5131|6086|1841|2|3848.00|577.20|2008-01-15 01:16:47
170678|232132|4061|15288|2819|1854|2|4182.00|627.30|2008-01-28 01:20:44
170817|232383|19396|2477|5883|1842|1|2385.00|357.75|2008-01-16 01:26:27
170915|232567|39756|14642|5459|1845|1|1999.00|299.85|2008-01-19 01:29:41
171083|232912|47373|1186|692|1853|1|1487.00|223.05|2008-01-27 01:36:14
171177|233084|25339|3931|4502|1832|2|1834.00|275.10|2008-01-06 01:39:55
171178|233084|25339|15579|4502|1846|1|917.00|137.55|2008-01-20 01:40:02
171180|233088|38806|256|4282|1834|1|2245.00|336.75|2008-01-08 01:40:05
171202|233130|24608|6149|3188|1852|1|2459.00|368.85|2008-01-26 01:40:43
171260|233238|17942|692|8618|1834|2|1236.00|185.40|2008-01-08 01:42:51
171261|233238|17942|14714|8618|1851|1|618.00|92.70|2008-01-25 01:42:51
171541|233835|12160|4159|2097|1843|2|2228.00|334.20|2008-01-17 01:53:10
171859|234389|3658|2885|2890|1839|2|4382.00|657.30|2008-01-13 02:05:10
171909|234479|32843|2488|913|1830|2|2758.00|413.70|2008-01-04 02:06:51
171967|234574|21923|4294|5355|1846|4|3472.00|520.80|2008-01-20 02:09:15
