616|624|17095|5643|5309|1849|4|448.00|67.20|2008-01-23 08:19:34
710|732|8910|21696|2703|1854|1|117.00|17.55|2008-01-28 05:55:37
784|804|42943|10059|504|1847|3|741.00|111.15|2008-01-21 01:43:07
785|804|42943|5955|504|1842|1|247.00|37.05|2008-01-16 01:47:13
816|830|3676|2725|7676|1850|2|178.00|26.70|2008-01-24 05:01:50
1006|1018|26355|4120|8064|1849|3|474.00|71.10|2008-01-23 09:27:51
1298|1372|3343|11272|1281|1852|1|75.00|11.25|2008-01-26 08:23:01
1386|1469|48659|6272|4706|1848|1|112.00|16.80|2008-01-22 01:55:07
1387|1469|48659|1554|4706|1842|2|224.00|33.60|2008-01-16 01:56:40
1665|1766|19553|3217|1670|1850|2|410.00|61.50|2008-01-24 10:02:23
1710|1825|45077|21903|3181|1853|4|472.00|70.80|2008-01-27 01:27:14
1711|1825|45077|13358|3181|1843|2|236.00|35.40|2008-01-17 01:28:28
1712|1825|45077|11303|3181|1840|1|118.00|17.70|2008-01-14 01:40:27
2732|2945|25930|4345|3544|1843|4|876.00|131.40|2008-01-17 08:37:07
2733|2945|25930|11569|3544|1851|1|219.00|32.85|2008-01-25 08:39:42
3142|3365|32175|7198|7003|1838|1|233.00|34.95|2008-01-12 04:27:41
3228|3470|3558|1077|7039|1832|3|366.00|54.90|2008-01-06 07:51:41
3279|3542|47611|21301|1221|1856|2|468.00|70.20|2008-01-30 10:01:40
3280|3542|47611|20115|1221|1855|1|234.00|35.10|2008-01-29 10:04:48
3496|3767|27100|11894|5687|1854|4|744.00|111.60|2008-01-28 06:46:05
3579|3865|34197|7862|2106|1844|1|40.00|6.00|2008-01-18 10:19:42
3580|3865|34197|7134|2106|1843|2|80.00|12.00|2008-01-17 10:21:51
3620|3909|37082|2801|1611|1856|1|143.00|21.45|2008-01-30 11:45:55
3820|4118|40141|5073|5624|1833|1|43.00|6.45|2008-01-07 08:14:44
3821|4118|40141|11806|5624|1841|4|172.00|25.80|2008-01-15 08:16:52
4086|4391|5821|14266|3064|1855|2|46.00|6.90|2008-01-29 06:18:40
4171|4491|14739|4751|8183|1837|1|171.00|25.65|2008-01-11 10:29:37
4383|4715|15815|14804|8052|1854|3|636.00|95.40|2008-01-28 06:38:44
4493|4837|48311|4224|7784|1852|4|804.00|120.60|2008-01-26 10:34:20
4494|4837|48311|4777|7784|1852|2|402.00|60.30|2008-01-26 10:36:00
4777|5147|28682|3110|6733|1857|2|62.00|9.30|2008-01-31 08:57:01
4868|5233|41621|833|1843|1845|1|192.00|28.80|2008-01-19 12:03:38
4888|5253|36134|7703|4763|1837|2|198.00|29.70|2008-01-11 12:47:58
4917|5278|30226|13448|2314|1844|1|26.00|3.90|2008-01-18 01:53:03
4918|5278|30226|15974|2314|1847|2|52.00|7.80|2008-01-21 01:53:34
5008|5362|4028|3661|345|1848|1|205.00|30.75|2008-01-22 05:20:43
5087|5470|41272|3912|6405|1840|1|224.00|33.60|2008-01-14 07:54:19
5239|5638|35531|5475|5888|1844|1|89.00|13.35|2008-01-18 01:16:37
5552|5999|40132|19376|3717|1857|2|358.00|53.70|2008-01-31 11:41:35
5553|5999|40132|11806|3717|1848|4|716.00|107.40|2008-01-22 11:43:13
5908|6416|49976|1714|2512|1836|2|62.00|9.30|2008-01-10 12:10:07
5909|6416|49976|15126|2512|1852|1|31.00|4.65|2008-01-26 12:13:32
6150|6667|4089|584|5598|1836|1|197.00|29.55|2008-01-10 08:10:24
6151|6667|4089|3132|5598|1839|3|591.00|88.65|2008-01-13 08:11:32
6165|6694|2134|19782|1724|1856|3|444.00|66.60|2008-01-30 08:33:39
6281|6817|43266|3682|6163|1849|1|229.00|34.35|2008-01-23 12:40:59
6346|6896|4974|1893|3091|1842|4|688.00|103.20|2008-01-16 03:05:32
6667|7242|12703|8719|8785|1856|3|432.00|64.80|2008-01-30 02:08:08
6711|7309|34944|988|3283|1856|4|896.00|134.40|2008-01-30 03:39:00
6755|7350|46306|3373|463|1843|1|109.00|16.35|2008-01-17 05:09:11
6756|7350|46306|9919|463|1850|2|218.00|32.70|2008-01-24 05:09:34
6789|7377|10459|12757|5580|1854|2|384.00|57.60|2008-01-28 06:05:31
6915|7509|13224|1252|3937|1842|2|496.00|74.40|2008-01-16 10:18:54
7011|7613|5933|1503|4515|1828|1|177.00|26.55|2008-01-02 01:52:35
7044|7644|48640|2513|281|1850|1|220.00|33.00|2008-01-24 02:47:13
7260|7854|6827|10337|4910|1848|4|92.00|13.80|2008-01-22 09:14:15
7615|8238|34638|5905|7909|1836|1|248.00|37.20|2008-01-10 07:57:08
7794|8410|16243|2378|6157|1829|3|603.00|90.45|2008-01-03 01:18:41
8082|8691|318|1130|5016|1849|2|472.00|70.80|2008-01-23 10:26:15
8406|9027|36729|850|3772|1857|2|238.00|35.70|2008-01-31 07:10:15
9074|9800|22126|21380|2621|1855|1|142.00|21.30|2008-01-29 01:17:26
9095|9827|25897|4583|2826|1832|2|370.00|55.50|2008-01-06 01:55:55
9207|9962|6764|1450|3567|1836|2|210.00|31.50|2008-01-10 05:08:47
9506|10306|29524|4746|1755|1839|1|59.00|8.85|2008-01-13 12:39:27
9507|10306|29524|5101|1755|1840|4|236.00|35.40|2008-01-14 12:40:31
9911|10780|18268|2064|8673|1841|1|164.00|24.60|2008-01-15 10:43:37
9989|10873|2887|5552|1291|1848|2|354.00|53.10|2008-01-22 12:20:50
10000|10884|33634|4302|7098|1837|1|187.00|28.05|2008-01-11 12:30:36
10118|11031|26624|21444|5447|1857|2|182.00|27.30|2008-01-31 03:26:33
10270|11195|12660|9958|508|1845|1|91.00|13.65|2008-01-19 07:15:26
10321|11252|31572|12624|1119|1852|1|179.00|26.85|2008-01-26 08:43:19
10365|11286|46378|9267|7198|1850|1|71.00|10.65|2008-01-24 09:56:13
10373|11299|5889|3804|5757|1849|2|476.00|71.40|2008-01-23 10:09:28
10455|11388|44132|21263|6131|1854|2|56.00|8.40|2008-01-28 12:18:33
10972|11895|38872|24090|5696|1855|6|168.00|25.20|2008-01-29 02:10:25
10973|11895|38872|14381|5696|1844|4|112.00|16.80|2008-01-18 02:15:00
10974|11895|38872|23902|5696|1855|2|56.00|8.40|2008-01-29 02:15:47
11008|11936|13564|5618|7839|1852|1|165.00|24.75|2008-01-26 03:16:03
11609|12563|2980|12102|6364|1842|2|424.00|63.60|2008-01-16 05:49:27
11871|12848|29840|696|8016|1830|2|40.00|6.00|2008-01-04 12:16:27
11901|12871|4760|19795|4881|1853|1|233.00|34.95|2008-01-27 12:58:42
11902|12871|4760|22689|4881|1857|2|466.00|69.90|2008-01-31 12:59:28
11991|12979|26109|11602|7143|1854|2|352.00|52.80|2008-01-28 02:45:38
12050|13027|30455|1098|461|1854|2|120.00|18.00|2008-01-28 04:03:51
12485|13494|28735|5125|3474|1840|4|804.00|120.60|2008-01-14 02:16:13
12486|13494|28735|17012|3474|1854|2|402.00|60.30|2008-01-28 02:18:29
12571|13579|17878|15834|5431|1857|4|532.00|79.80|2008-01-31 04:23:24
12629|13639|49565|13235|8650|1857|1|45.00|6.75|2008-01-31 05:37:19
12630|13639|49565|337|8650|1842|2|90.00|13.50|2008-01-16 05:42:42
12780|13774|46597|23370|3812|1856|4|992.00|148.80|2008-01-30 09:02:39
12782|13774|46597|17207|3812|1848|2|496.00|74.40|2008-01-22 09:03:57
13507|14621|33136|8512|7375|1837|6|1188.00|178.20|2008-01-11 01:29:48
13508|14621|33136|9378|7375|1838|3|594.00|89.10|2008-01-12 01:30:49
13623|14754|28657|339|3874|1839|2|448.00|67.20|2008-01-13 04:07:23
13660|14791|17713|3906|4787|1855|1|138.00|20.70|2008-01-29 04:52:54
13765|14913|49018|6548|3587|1837|1|59.00|8.85|2008-01-11 06:56:27
14041|15194|3167|14556|8009|1852|1|53.00|7.95|2008-01-26 12:31:58
14351|15523|20074|9264|5253|1854|1|222.00|33.30|2008-01-28 07:48:25
14352|15523|20074|5506|5253|1849|2|444.00|66.60|2008-01-23 07:49:57
14469|15641|7254|9099|3275|1856|1|93.00|13.95|2008-01-30 10:20:00
14575|15748|10027|14849|184|1848|4|928.00|139.20|2008-01-22 12:58:20
14576|15748|10027|2938|184|1834|1|232.00|34.80|2008-01-08 12:58:58
14577|15748|10027|3553|184|1835|2|464.00|69.60|2008-01-09 01:00:36
14600|15783|18770|4687|134|1842|1|88.00|13.20|2008-01-16 01:26:17
14688|15882|45735|6191|6062|1847|1|93.00|13.95|2008-01-21 03:11:26
14903|16130|7837|1364|8725|1837|1|186.00|27.90|2008-01-11 07:48:33
14977|16221|17314|10524|76|1850|4|956.00|143.40|2008-01-24 09:41:41
14978|16221|17314|7081|76|1846|2|478.00|71.70|2008-01-20 09:42:11
15504|16778|3889|14946|6448|1846|2|154.00|23.10|2008-01-20 08:55:38
15505|16778|3889|13339|6448|1845|4|308.00|46.20|2008-01-19 08:56:25
15506|16778|3889|8478|6448|1839|1|77.00|11.55|2008-01-13 08:57:44
15582|16862|26634|17592|1221|1850|4|96.00|14.40|2008-01-24 10:42:52
15583|16862|26634|16073|1221|1848|1|24.00|3.60|2008-01-22 10:43:03
15605|16883|49049|1792|7271|1830|1|84.00|12.60|2008-01-04 10:59:59
15991|17278|36897|152|8255|1840|2|440.00|66.00|2008-01-14 07:08:27
15994|17280|44297|13132|1119|1856|2|44.00|6.60|2008-01-30 07:13:00
16136|17438|14480|12869|977|1846|1|76.00|11.40|2008-01-20 10:19:20
16230|17540|48643|9144|1|1845|3|447.00|67.05|2008-01-19 12:20:46
16231|17544|40083|1343|8166|1855|2|78.00|11.70|2008-01-29 12:22:06
16490|17839|31694|17193|563|1853|2|420.00|63.00|2008-01-27 05:33:31
16491|17839|31694|9749|563|1844|3|630.00|94.50|2008-01-18 05:36:41
16514|17864|35393|1643|4982|1856|2|464.00|69.60|2008-01-30 06:01:23
16544|17891|41068|3868|5309|1837|2|458.00|68.70|2008-01-11 06:53:35
16639|17980|21908|20248|3974|1854|1|237.00|35.55|2008-01-28 08:41:33
16641|17980|21908|5855|3974|1837|4|948.00|142.20|2008-01-11 08:43:00
17117|18519|26828|5359|7198|1834|2|432.00|64.80|2008-01-08 06:51:38
17118|18519|26828|9099|7198|1838|1|216.00|32.40|2008-01-12 06:52:43
17119|18519|26828|18572|7198|1850|4|864.00|129.60|2008-01-24 06:53:55
17421|18900|42909|4867|8753|1845|4|144.00|21.60|2008-01-19 12:52:37
17449|18931|21788|8500|2045|1846|2|120.00|18.00|2008-01-20 01:10:30
17793|19309|26726|2716|8795|1840|2|120.00|18.00|2008-01-14 07:43:43
17839|19342|17301|20028|2038|1853|3|435.00|65.25|2008-01-27 08:40:22
17931|19424|38015|16615|6926|1857|2|120.00|18.00|2008-01-31 10:32:26
17947|19444|5959|6100|2774|1843|1|131.00|19.65|2008-01-17 10:52:49
17948|19444|5959|13233|2774|1851|2|262.00|39.30|2008-01-25 10:53:14
18294|19809|33197|1887|4278|1857|4|692.00|103.80|2008-01-31 05:09:34
18328|19844|30903|8068|5259|1840|2|496.00|74.40|2008-01-14 05:40:03
18394|19910|28519|4046|2907|1839|2|414.00|62.10|2008-01-13 07:05:35
18423|19952|45483|1643|3785|1856|2|248.00|37.20|2008-01-30 07:37:31
18486|20046|21977|3442|6869|1842|2|246.00|36.90|2008-01-16 08:53:59
18630|20175|32826|1269|1119|1855|4|844.00|126.60|2008-01-29 11:39:03
18632|20178|26361|12660|6295|1843|2|60.00|9.00|2008-01-17 11:40:49
18641|20199|9819|17387|6334|1856|1|48.00|7.20|2008-01-30 11:49:46
18738|20304|26940|6037|3937|1842|1|189.00|28.35|2008-01-16 01:42:16
18942|20516|35989|6452|2699|1857|2|114.00|17.10|2008-01-31 05:49:07
19137|20705|21945|3456|2092|1837|2|190.00|28.50|2008-01-11 09:05:04
19138|20705|21945|12027|2092|1847|1|95.00|14.25|2008-01-21 09:07:36
19328|20926|32102|2582|8605|1836|1|216.00|32.40|2008-01-10 12:43:34
19387|20992|10815|15412|3678|1857|4|872.00|130.80|2008-01-31 01:57:59
19483|21110|1099|7368|6163|1839|4|1000.00|150.00|2008-01-13 03:55:16
19484|21110|1099|14929|6163|1848|2|500.00|75.00|2008-01-22 03:59:04
19485|21110|1099|21528|6163|1856|1|250.00|37.50|2008-01-30 04:00:34
19613|21257|41152|5446|7427|1856|2|300.00|45.00|2008-01-30 06:29:14
19720|21355|14532|9767|6364|1852|2|74.00|11.10|2008-01-26 08:12:21
19721|21355|14532|8437|6364|1851|1|37.00|5.55|2008-01-25 08:13:04
19738|21372|34522|4807|8496|1837|2|320.00|48.00|2008-01-11 08:33:58
20243|21911|5757|8237|5590|1842|1|123.00|18.45|2008-01-16 06:05:23
20412|22131|30270|1447|5347|1832|2|176.00|26.40|2008-01-06 09:19:32
20425|22151|47351|13070|8095|1854|2|238.00|35.70|2008-01-28 09:31:35
20538|22292|40336|8817|7035|1849|1|177.00|26.55|2008-01-23 11:22:24
20550|22302|49418|8684|5218|1842|1|58.00|8.70|2008-01-16 11:38:05
20629|22409|31702|11864|7205|1847|1|188.00|28.20|2008-01-21 01:09:22
20708|22510|18910|18850|3698|1851|2|396.00|59.40|2008-01-25 02:42:25
20776|22599|9296|811|6308|1848|1|61.00|9.15|2008-01-22 03:57:58
20963|22804|38413|7252|65|1848|1|149.00|22.35|2008-01-22 07:06:43
21284|23215|43417|6665|811|1848|2|346.00|51.90|2008-01-22 01:34:52
21288|23221|44133|4005|3759|1853|2|66.00|9.90|2008-01-27 01:45:01
21325|23255|217|17551|4706|1856|2|320.00|48.00|2008-01-30 02:20:19
21327|23255|217|4407|4706|1840|3|480.00|72.00|2008-01-14 02:24:30
21560|23477|41467|903|8785|1856|2|338.00|50.70|2008-01-30 07:05:00
21801|23710|30566|2199|5786|1844|2|234.00|35.10|2008-01-18 11:03:29
21931|23828|7648|661|1670|1831|2|186.00|27.90|2008-01-05 01:47:42
21932|23828|7648|12121|1670|1845|1|93.00|13.95|2008-01-19 01:48:10
22087|24000|34567|13540|2077|1845|2|386.00|57.90|2008-01-19 04:45:02
22359|24249|39705|7832|5543|1854|1|122.00|18.30|2008-01-28 10:01:54
22441|24344|24129|5092|5876|1840|1|60.00|9.00|2008-01-14 11:19:06
22442|24344|24129|15949|5876|1853|4|240.00|36.00|2008-01-27 11:19:14
22443|24344|24129|7117|5876|1842|2|120.00|18.00|2008-01-16 11:20:54
22480|24384|43659|5392|958|1835|1|190.00|28.50|2008-01-09 11:52:22
22481|24384|43659|2459|958|1831|2|380.00|57.00|2008-01-05 11:54:40
22550|24492|6039|1741|6657|1845|2|324.00|48.60|2008-01-19 12:59:38
22551|24492|6039|10083|6657|1855|3|486.00|72.90|2008-01-29 12:59:55
22661|24618|10615|14575|7706|1850|1|47.00|7.05|2008-01-24 03:01:53
22743|24712|48636|814|5662|1841|4|396.00|59.40|2008-01-15 04:41:40
22956|24977|19588|11885|3730|1841|2|248.00|37.20|2008-01-15 08:34:12
22957|24977|19588|19206|3730|1850|1|124.00|18.60|2008-01-24 08:35:27
23095|25159|30601|5115|267|1835|1|181.00|27.15|2008-01-09 11:15:13
23096|25159|30601|16035|267|1848|3|543.00|81.45|2008-01-22 11:16:15
23097|25159|30601|6070|267|1836|2|362.00|54.30|2008-01-10 11:16:17
23111|25174|21914|5161|5767|1834|2|242.00|36.30|2008-01-08 11:30:36
23112|25174|21914|4679|5767|1833|1|121.00|18.15|2008-01-07 11:31:38
23410|25561|31871|3793|6653|1831|2|40.00|6.00|2008-01-05 04:59:21
23411|25561|31871|4481|6653|1832|1|20.00|3.00|2008-01-06 04:59:38
23772|26013|6916|5057|4118|1844|2|426.00|63.90|2008-01-18 11:22:34
24406|26728|32265|4357|3181|1834|1|30.00|4.50|2008-01-08 11:22:09
24407|26728|32265|22459|3181|1855|4|120.00|18.00|2008-01-29 11:24:11
24876|27255|8144|14216|7094|1850|2|360.00|54.00|2008-01-24 08:15:06
24927|27304|9126|6648|6734|1856|2|414.00|62.10|2008-01-30 09:18:51
25039|27429|37280|6702|4691|1857|1|216.00|32.40|2008-01-31 11:19:47
25212|27598|12609|5647|3421|1857|2|298.00|44.70|2008-01-31 02:53:46
25575|27988|29918|12318|73|1850|3|576.00|86.40|2008-01-24 09:50:50
25781|28208|3839|2234|1808|1830|1|236.00|35.40|2008-01-04 02:19:54
25928|28364|1722|19859|7941|1850|4|344.00|51.60|2008-01-24 04:47:00
26137|28544|21716|2422|8009|1831|1|129.00|19.35|2008-01-05 08:59:28
26138|28544|21716|12355|8009|1843|6|774.00|116.10|2008-01-17 09:00:27
26242|28649|45541|2532|1607|1852|3|141.00|21.15|2008-01-26 11:09:08
26854|29269|18223|1332|6149|1835|2|358.00|53.70|2008-01-09 11:22:18
26886|29312|18477|3389|8345|1857|2|90.00|13.50|2008-01-31 11:53:07
26887|29312|18477|530|8345|1853|1|45.00|6.75|2008-01-27 11:53:45
26964|29399|2350|1672|7981|1830|4|632.00|94.80|2008-01-04 01:33:01
26965|29399|2350|13609|7981|1844|1|158.00|23.70|2008-01-18 01:33:17
26966|29399|2350|5756|7981|1834|2|316.00|47.40|2008-01-08 01:33:49
27005|29444|272|4951|7008|1846|2|400.00|60.00|2008-01-20 02:19:08
27155|29611|36231|6789|747|1848|2|328.00|49.20|2008-01-22 05:00:17
27156|29611|36231|11044|747|1853|1|164.00|24.60|2008-01-27 05:01:03
27552|30052|5243|12184|1804|1848|4|536.00|80.40|2008-01-22 12:38:51
27557|30055|1120|8301|1863|1844|1|44.00|6.60|2008-01-18 12:42:41
27746|30272|13969|7478|7692|1838|1|196.00|29.40|2008-01-12 04:00:49
27805|30344|9251|11114|1937|1849|4|572.00|85.80|2008-01-23 05:15:20
27806|30344|9251|5637|1937|1842|2|286.00|42.90|2008-01-16 05:16:02
27852|30400|43469|9461|3762|1849|3|234.00|35.10|2008-01-23 06:14:12
27853|30400|43469|15966|3762|1857|2|156.00|23.40|2008-01-31 06:15:57
27969|30509|27490|4977|5724|1832|1|291.00|43.65|2008-01-06 08:32:08
28326|30917|1645|22605|4791|1857|2|312.00|46.80|2008-01-31 03:07:28
28327|30917|1645|13532|4791|1846|4|624.00|93.60|2008-01-20 03:08:21
28328|30917|1645|3558|4791|1834|1|156.00|23.40|2008-01-08 03:10:57
28523|31154|32637|1215|5108|1846|1|252.00|37.80|2008-01-20 06:53:15
28590|31245|25469|9799|1729|1852|4|1208.00|181.20|2008-01-26 08:12:56
28668|31358|17073|10244|5869|1843|2|178.00|26.70|2008-01-17 09:43:49
28752|31446|13044|16816|4167|1856|4|544.00|81.60|2008-01-30 11:27:42
28753|31446|13044|10939|4167|1849|2|272.00|40.80|2008-01-23 11:28:10
29034|31791|9208|1791|730|1833|1|31.00|4.65|2008-01-07 04:53:20
29305|32095|18872|11846|6293|1846|2|270.00|40.50|2008-01-20 10:06:06
29697|32568|18312|10378|2559|1854|1|125.00|18.75|2008-01-28 05:51:48
29698|32568|18312|7742|2559|1851|2|250.00|37.50|2008-01-25 05:53:23
30035|32936|44320|10927|5676|1857|2|618.00|92.70|2008-01-31 12:08:59
30094|32998|27999|15326|8793|1848|2|602.00|90.30|2008-01-22 01:14:44
30295|33240|20918|13999|1189|1857|1|304.00|45.60|2008-01-31 04:46:38
30296|33240|20918|147|1189|1841|4|1216.00|182.40|2008-01-15 04:46:54
30345|33305|22237|5348|151|1840|1|206.00|30.90|2008-01-14 05:36:31
30370|33332|27764|2953|770|1843|2|182.00|27.30|2008-01-17 06:08:59
30371|33332|27764|5155|770|1846|4|364.00|54.60|2008-01-20 06:09:43
30712|33775|28769|20109|7024|1857|1|305.00|45.75|2008-01-31 12:43:41
30881|34015|1448|7696|2774|1854|1|47.00|7.05|2008-01-28 03:34:00
30973|34103|4217|8265|1864|1852|1|227.00|34.05|2008-01-26 05:23:13
31074|34224|41330|1325|1607|1833|1|333.00|49.95|2008-01-07 07:13:30
31646|34936|2324|5551|6302|1853|4|360.00|54.00|2008-01-27 06:19:58
31806|35131|12282|5949|8321|1846|2|40.00|6.00|2008-01-20 09:21:52
31895|35231|37441|12676|8115|1847|1|247.00|37.05|2008-01-21 11:11:47
32108|35489|8467|19272|31|1857|1|206.00|30.90|2008-01-31 02:44:51
32227|35637|35437|14342|6763|1851|1|350.00|52.50|2008-01-25 04:45:53
32234|35648|35951|16074|7942|1849|2|416.00|62.40|2008-01-23 04:49:59
32386|35836|12318|3530|76|1837|3|702.00|105.30|2008-01-11 07:53:31
32387|35838|24223|11410|3463|1852|4|400.00|60.00|2008-01-26 07:53:43
32679|36101|32827|683|1924|1845|4|676.00|101.40|2008-01-19 01:32:38
32680|36101|32827|8504|1924|1855|2|338.00|50.70|2008-01-29 01:33:02
33089|36563|2262|11279|1243|1844|1|176.00|26.40|2008-01-18 09:30:04
33090|36563|2262|3548|1243|1835|2|352.00|52.80|2008-01-09 09:32:07
33264|36744|9224|2317|1883|1839|1|239.00|35.85|2008-01-13 01:07:05
33699|37271|15738|3884|6605|1854|2|82.00|12.30|2008-01-28 08:56:37
33793|37382|2683|2045|6152|1832|3|78.00|11.70|2008-01-06 10:26:47
33794|37382|2683|4386|6152|1835|2|52.00|7.80|2008-01-09 10:27:22
33884|37474|26368|505|4130|1845|1|40.00|6.00|2008-01-19 12:03:06
33886|37474|26368|901|4130|1846|3|120.00|18.00|2008-01-20 12:04:48
33998|37599|34396|2783|2541|1836|2|492.00|73.80|2008-01-10 01:56:00
34034|37633|20445|12544|2665|1847|2|646.00|96.90|2008-01-21 02:37:00
34083|37711|42370|3748|6551|1857|1|112.00|16.80|2008-01-31 03:23:30
34084|37711|42370|2768|6551|1856|4|448.00|67.20|2008-01-30 03:25:24
34368|38044|13637|11158|2294|1851|2|526.00|78.90|2008-01-25 08:35:15
34584|38308|43140|8311|4244|1836|1|121.00|18.15|2008-01-10 01:10:33
34594|38325|12315|53|3662|1841|1|21.00|3.15|2008-01-15 01:28:56
34823|38610|10562|13799|2495|1854|1|340.00|51.00|2008-01-28 05:41:15
35002|38800|46752|16814|7269|1852|3|888.00|133.20|2008-01-26 09:03:58
35247|39122|40069|8858|2197|1848|1|303.00|45.45|2008-01-22 01:42:51
35248|39122|40069|13028|2197|1853|2|606.00|90.90|2008-01-27 01:46:07
35474|39376|41188|5112|2216|1854|2|304.00|45.60|2008-01-28 06:06:30
35809|39798|4454|12202|267|1845|1|296.00|44.40|2008-01-19 01:09:03
35843|39859|29630|4948|8067|1846|2|102.00|15.30|2008-01-20 01:46:11
35884|39903|49888|6657|1628|1856|2|226.00|33.90|2008-01-30 02:29:38
35992|40050|26604|10207|597|1847|2|682.00|102.30|2008-01-21 04:37:26
36074|40144|37688|9520|6627|1855|2|390.00|58.50|2008-01-29 06:20:22
36350|40449|28261|2252|1221|1852|2|276.00|41.40|2008-01-26 11:49:01
36522|40649|3129|11805|2776|1847|1|195.00|29.25|2008-01-21 03:15:25
36523|40649|3129|19117|2776|1855|2|390.00|58.50|2008-01-29 03:17:34
36659|40790|10000|8872|6752|1850|3|828.00|124.20|2008-01-24 05:46:16
36711|40845|35863|8151|4490|1856|1|234.00|35.10|2008-01-30 06:51:24
36756|40908|11732|310|1850|1833|2|192.00|28.80|2008-01-07 07:48:10
36900|41088|7662|2172|3544|1849|2|428.00|64.20|2008-01-23 11:16:58
37283|41529|8511|919|1538|1834|1|327.00|49.05|2008-01-08 06:21:52
37705|41997|5228|3243|6028|1856|4|1028.00|154.20|2008-01-30 02:08:25
37738|42047|11067|13554|509|1852|1|158.00|23.70|2008-01-26 02:42:58
37739|42047|11067|12900|509|1851|3|474.00|71.10|2008-01-25 02:44:47
37740|42047|11067|15454|509|1854|2|316.00|47.40|2008-01-28 02:45:33
37771|42080|35398|4599|7029|1850|1|141.00|21.15|2008-01-24 03:19:41
38045|42391|23236|12957|2436|1842|1|260.00|39.00|2008-01-16 09:14:31
38409|42800|7862|8723|636|1855|1|288.00|43.20|2008-01-29 04:40:34
38557|42985|10255|18019|1259|1854|2|482.00|72.30|2008-01-28 07:15:25
38665|43113|45235|13977|8596|1847|1|34.00|5.10|2008-01-21 09:40:06
38785|43250|9316|3530|5084|1833|3|822.00|123.30|2008-01-07 11:53:01
38786|43250|9316|10080|5084|1841|2|548.00|82.20|2008-01-15 11:53:18
38787|43250|9316|7606|5084|1838|1|274.00|41.10|2008-01-12 11:53:41
38858|43319|19881|13521|6028|1851|1|145.00|21.75|2008-01-25 01:22:11
38859|43319|19881|15806|6028|1853|2|290.00|43.50|2008-01-27 01:22:38
39084|43574|40233|6033|773|1849|1|307.00|46.05|2008-01-23 06:01:15
39273|43813|2|6028|2511|1836|2|88.00|13.20|2008-01-10 09:52:23
39450|44028|18514|13176|1425|1844|2|680.00|102.00|2008-01-18 01:24:02
39451|44028|18514|13956|1425|1845|4|1360.00|204.00|2008-01-19 01:24:43
39486|44063|44976|15131|6368|1852|2|442.00|66.30|2008-01-26 01:54:17
39942|44614|6077|15450|3828|1852|1|225.00|33.75|2008-01-26 10:29:12
40109|44805|34147|17862|6641|1851|1|96.00|14.40|2008-01-25 01:58:20
40111|44805|34147|18882|6641|1852|3|288.00|43.20|2008-01-26 01:58:56
40390|45187|18877|4390|970|1850|1|157.00|23.55|2008-01-24 07:04:59
40794|45628|42055|4923|1905|1854|4|960.00|144.00|2008-01-28 02:45:26
40980|45874|43343|3611|7839|1846|4|1148.00|172.20|2008-01-20 05:48:13
40981|45874|43343|2950|7839|1845|2|574.00|86.10|2008-01-19 05:48:52
40982|45874|43343|1526|7839|1843|1|287.00|43.05|2008-01-17 05:48:57
41370|46352|37154|12580|7839|1857|2|392.00|58.80|2008-01-31 12:40:13
41418|46396|46623|15607|3767|1855|2|524.00|78.60|2008-01-29 01:47:41
41533|46529|38438|11006|1274|1853|1|150.00|22.50|2008-01-27 04:00:00
41929|46984|15415|1911|2202|1834|1|41.00|6.15|2008-01-08 11:16:44
41930|46984|15415|1051|2202|1833|2|82.00|12.30|2008-01-07 11:18:15
41931|46984|15415|8827|2202|1842|4|164.00|24.60|2008-01-16 11:19:00
42066|47125|20268|9323|5829|1839|1|280.00|42.00|2008-01-13 01:39:14
42231|47335|30167|1405|2156|1835|2|266.00|39.90|2008-01-09 04:34:28
42232|47335|30167|733|2156|1834|1|133.00|19.95|2008-01-08 04:35:01
42401|47542|28256|3679|3541|1838|2|174.00|26.10|2008-01-12 08:00:55
42402|47542|28256|19225|3541|1857|4|348.00|52.20|2008-01-31 08:04:38
42410|47551|31771|4764|5106|1832|1|32.00|4.80|2008-01-06 08:11:18
42411|47551|31771|15079|5106|1845|2|64.00|9.60|2008-01-19 08:11:20
42577|47749|18395|7952|7147|1854|1|343.00|51.45|2008-01-28 11:38:25
42616|47795|516|8574|8528|1838|4|980.00|147.00|2008-01-12 12:14:00
42617|47795|516|10651|8528|1840|2|490.00|73.50|2008-01-14 12:17:39
42725|47928|47267|1911|5152|1841|1|183.00|27.45|2008-01-15 02:25:43
42785|48027|30865|682|5392|1848|6|1560.00|234.00|2008-01-22 03:33:40
42817|48063|15733|2826|3275|1848|2|230.00|34.50|2008-01-22 04:11:45
43473|48865|33542|6283|2180|1839|1|56.00|8.40|2008-01-13 04:23:12
43561|48982|20656|4959|3824|1840|2|256.00|38.40|2008-01-14 05:59:04
43617|49034|29462|5797|351|1837|3|684.00|102.60|2008-01-11 07:04:52
43618|49034|29462|19084|351|1853|2|456.00|68.40|2008-01-27 07:04:56
43884|49327|6262|9914|5724|1849|1|51.00|7.65|2008-01-23 12:00:16
43918|49367|17465|6198|6972|1856|4|780.00|117.00|2008-01-30 12:38:44
44070|49549|49724|13292|8196|1857|1|159.00|23.85|2008-01-31 03:20:01
44071|49549|49724|2705|8196|1845|2|318.00|47.70|2008-01-19 03:20:18
44294|49800|2314|1283|8141|1848|2|572.00|85.80|2008-01-22 07:41:14
44566|50124|40017|7909|3111|1850|2|350.00|52.50|2008-01-24 12:29:38
44832|50437|25113|5499|7272|1852|1|304.00|45.60|2008-01-26 05:41:42
45116|50750|30578|9792|7644|1857|3|552.00|82.80|2008-01-31 11:15:35
45117|50750|30578|7012|7644|1854|2|368.00|55.20|2008-01-28 11:18:18
45358|51042|11101|12272|874|1843|2|474.00|71.10|2008-01-17 03:52:23
45434|51120|21987|8320|3765|1853|2|256.00|38.40|2008-01-27 05:26:22
45440|51127|13490|977|8494|1851|4|724.00|108.60|2008-01-25 05:30:56
45480|51175|1516|20285|8113|1856|1|78.00|11.70|2008-01-30 06:14:14
45481|51175|1516|4563|8113|1837|2|156.00|23.40|2008-01-11 06:16:17
45505|51205|34514|1902|2563|1854|1|69.00|10.35|2008-01-28 06:43:21
45761|51504|44625|5934|4437|1853|1|271.00|40.65|2008-01-27 11:42:37
45762|51504|44625|4297|4437|1851|2|542.00|81.30|2008-01-25 11:42:42
46294|52099|14718|6530|7387|1857|1|301.00|45.15|2008-01-31 10:14:27
46341|52158|42604|9468|5470|1857|1|76.00|11.40|2008-01-31 11:16:26
46393|52210|49371|11035|6510|1847|4|684.00|102.60|2008-01-21 12:20:49
46516|52370|1718|3654|4556|1839|3|96.00|14.40|2008-01-13 02:45:12
46691|52565|37581|13814|3388|1845|4|736.00|110.40|2008-01-19 05:59:24
47034|53034|30704|7295|2533|1850|2|518.00|77.70|2008-01-24 12:54:14
47165|53181|40786|19773|1162|1855|1|111.00|16.65|2008-01-29 03:20:43
47442|53512|9374|8123|6808|1853|2|168.00|25.20|2008-01-27 08:22:17
47446|53519|21140|1041|405|1841|4|696.00|104.40|2008-01-15 08:25:10
47779|53951|27076|2524|7035|1855|2|680.00|102.00|2008-01-29 03:04:16
47828|54010|45366|17179|8697|1857|4|1060.00|159.00|2008-01-31 04:06:08
47829|54010|45366|5341|8697|1843|2|530.00|79.50|2008-01-17 04:07:18
48004|54218|42476|923|7269|1847|1|308.00|46.20|2008-01-21 07:16:17
48055|54283|34967|2921|508|1843|1|318.00|47.70|2008-01-17 08:03:42
48083|54328|41490|2383|4695|1850|4|348.00|52.20|2008-01-24 08:37:52
48084|54328|41490|7928|4695|1857|2|174.00|26.10|2008-01-31 08:38:02
48318|54610|25172|2351|4223|1848|4|684.00|102.60|2008-01-22 01:20:26
48455|54765|44774|13743|1808|1846|3|123.00|18.45|2008-01-20 04:22:41
48456|54765|44774|20464|1808|1854|1|41.00|6.15|2008-01-28 04:22:46
48527|54847|24107|2723|7987|1832|2|360.00|54.00|2008-01-06 05:47:47
48528|54847|24107|6206|7987|1836|1|180.00|27.00|2008-01-10 05:48:45
48586|54905|3488|5221|2669|1853|1|87.00|13.05|2008-01-27 06:54:21
49093|55465|25043|1564|6364|1853|2|358.00|53.70|2008-01-27 04:24:50
49174|55542|34871|18618|563|1853|2|462.00|69.30|2008-01-27 05:54:06
49235|55616|7101|2023|8069|1844|1|120.00|18.00|2008-01-18 07:08:52
49317|55680|14786|5604|1906|1855|1|85.00|12.75|2008-01-29 08:48:36
49318|55680|14786|6902|1906|1857|2|170.00|25.50|2008-01-31 08:49:29
49524|55883|21319|3874|7008|1844|2|638.00|95.70|2008-01-18 01:07:22
49604|55982|1750|16117|7939|1853|1|234.00|35.10|2008-01-27 02:34:30
49764|56176|30836|3290|3718|1840|1|110.00|16.50|2008-01-14 05:33:46
50297|56768|49275|2390|237|1857|2|454.00|68.10|2008-01-31 03:33:02
50472|56968|5160|2149|2106|1841|1|101.00|15.15|2008-01-15 06:40:08
50473|56968|5160|8825|2106|1849|2|202.00|30.30|2008-01-23 06:41:32
50588|57109|45494|961|3494|1843|1|238.00|35.70|2008-01-17 08:22:35
50657|57173|18477|5889|8390|1844|2|564.00|84.60|2008-01-18 09:53:14
50862|57376|3090|8252|4353|1841|1|166.00|24.90|2008-01-15 01:41:10
50927|57449|25867|13470|1281|1846|4|544.00|81.60|2008-01-20 02:53:52
50948|57470|22246|3555|878|1841|2|276.00|41.40|2008-01-15 03:17:59
51513|58123|49622|17823|4390|1854|2|454.00|68.10|2008-01-28 02:29:26
51514|58123|49622|9935|4390|1844|1|227.00|34.05|2008-01-18 02:30:03
51560|58184|45976|3391|5111|1856|4|544.00|81.60|2008-01-30 03:23:22
51566|58192|17454|4009|6965|1850|1|93.00|13.95|2008-01-24 03:26:48
52037|58730|28372|2498|2343|1836|1|466.00|69.90|2008-01-10 11:56:18
52305|59039|22629|9596|4727|1856|4|1344.00|201.60|2008-01-30 05:13:59
52356|59097|2664|8138|2742|1849|3|324.00|48.60|2008-01-23 06:19:19
52512|59255|3628|8208|8075|1842|1|70.00|10.50|2008-01-16 09:19:57
53085|59903|20706|14308|3659|1852|4|1556.00|233.40|2008-01-26 08:19:47
53086|59903|20706|2144|3659|1837|2|778.00|116.70|2008-01-11 08:20:00
53718|60613|13420|1426|636|1855|4|1804.00|270.60|2008-01-29 08:07:28
53859|60783|46862|10503|5810|1851|3|894.00|134.10|2008-01-25 10:49:28
53861|60783|46862|8925|5810|1849|1|298.00|44.70|2008-01-23 10:53:39
53865|60785|26031|18200|4124|1855|1|171.00|25.65|2008-01-29 11:01:38
53867|60785|26031|13350|4124|1850|4|684.00|102.60|2008-01-24 11:02:35
53910|60844|11763|509|7529|1857|3|1365.00|204.75|2008-01-31 11:50:05
54026|60972|6799|5812|464|1844|2|388.00|58.20|2008-01-18 01:51:06
54027|60972|6799|11213|464|1851|4|776.00|116.40|2008-01-25 01:51:10
54397|61342|7630|1961|7872|1844|2|416.00|62.40|2008-01-18 08:50:42
54464|61411|48054|588|7169|1840|1|181.00|27.15|2008-01-14 10:07:03
54480|61427|7504|4179|8296|1849|4|976.00|146.40|2008-01-23 10:29:50
54845|61799|44381|6650|6212|1857|2|964.00|144.60|2008-01-31 05:53:33
55160|62189|29769|8935|8614|1848|2|780.00|117.00|2008-01-22 12:28:30
55161|62189|29769|10796|8614|1850|1|390.00|58.50|2008-01-24 12:28:44
55389|62498|21931|17039|7537|1852|1|26.00|3.90|2008-01-26 05:36:47
55390|62498|21931|20924|7537|1857|2|52.00|7.80|2008-01-31 05:40:27
55420|62532|21069|3405|6451|1839|1|254.00|38.10|2008-01-13 06:28:06
55421|62532|21069|4153|6451|1839|6|1524.00|228.60|2008-01-13 06:28:18
55578|62702|22991|2717|2465|1840|2|236.00|35.40|2008-01-14 09:49:42
55595|62730|6720|10045|3494|1845|1|247.00|37.05|2008-01-19 10:15:32
55937|63102|19781|8854|7230|1852|2|194.00|29.10|2008-01-26 04:49:43
56000|63170|41091|2356|686|1837|2|650.00|97.50|2008-01-11 06:22:44
56001|63170|41091|11486|686|1848|4|1300.00|195.00|2008-01-22 06:25:07
56319|63574|34937|13127|1645|1850|1|33.00|4.95|2008-01-24 12:30:57
56354|63612|22181|3742|4776|1838|1|119.00|17.85|2008-01-12 01:05:11
56355|63612|22181|19721|4776|1857|2|238.00|35.70|2008-01-31 01:05:38
56365|63630|2912|11785|1645|1844|1|237.00|35.55|2008-01-18 01:13:53
56545|63872|3292|8485|955|1840|1|354.00|53.10|2008-01-14 04:36:41
56595|63930|13022|15555|4776|1848|1|115.00|17.25|2008-01-22 05:45:10
56718|64092|8402|4265|6870|1847|3|879.00|131.85|2008-01-21 08:14:37
56934|64356|7077|2590|6030|1844|1|438.00|65.70|2008-01-18 12:39:52
56956|64385|7704|2717|6598|1845|4|1236.00|185.40|2008-01-19 01:00:04
56957|64385|7704|11783|6598|1856|3|927.00|139.05|2008-01-30 01:00:05
56958|64385|7704|9345|6598|1853|2|618.00|92.70|2008-01-27 01:00:17
56986|64432|47401|18501|4390|1855|2|404.00|60.60|2008-01-29 01:01:38
57200|64683|43403|6371|3900|1839|1|378.00|56.70|2008-01-13 01:08:47
57245|64734|30218|6484|7785|1856|1|246.00|36.90|2008-01-30 01:10:46
57296|64804|26301|10999|1491|1853|2|672.00|100.80|2008-01-27 01:12:30
57297|64804|26301|10841|1491|1853|1|336.00|50.40|2008-01-27 01:12:33
57312|64822|3344|4557|8333|1854|1|443.00|66.45|2008-01-28 01:13:01
57589|65159|34544|6902|6025|1853|2|612.00|91.80|2008-01-27 01:24:05
57700|65314|35011|11633|2709|1846|1|318.00|47.70|2008-01-20 01:28:16
57701|65314|35011|12410|2709|1847|3|954.00|143.10|2008-01-21 01:28:18
57819|65449|32072|8343|5463|1856|3|1458.00|218.70|2008-01-30 01:32:13
57839|65473|17035|7378|2839|1851|1|158.00|23.70|2008-01-25 01:33:08
57901|65538|29050|5633|6880|1852|2|940.00|141.00|2008-01-26 01:35:37
57902|65538|29050|5441|6880|1852|1|470.00|70.50|2008-01-26 01:35:37
58061|65724|28474|10054|6162|1851|2|76.00|11.40|2008-01-25 01:41:33
58357|66061|1358|4201|1246|1851|1|187.00|28.05|2008-01-25 01:52:28
58358|66061|1358|674|1246|1846|4|748.00|112.20|2008-01-20 01:52:29
58676|66421|32816|7772|2587|1848|1|433.00|64.95|2008-01-22 02:04:37
58677|66421|32816|3094|2587|1842|2|866.00|129.90|2008-01-16 02:04:40
59030|66792|15688|282|7784|1855|1|271.00|40.65|2008-01-29 02:17:17
59046|66802|25019|1628|2325|1841|1|176.00|26.40|2008-01-15 02:17:45
59088|66856|13361|9508|4415|1847|1|94.00|14.10|2008-01-21 02:19:15
59580|67457|42107|3702|885|1854|1|171.00|25.65|2008-01-28 02:38:04
59702|67595|27917|7432|8618|1849|4|1888.00|283.20|2008-01-23 02:43:15
60018|67953|39304|15321|4754|1847|4|620.00|93.00|2008-01-21 02:54:31
60019|67953|39304|9732|4754|1840|2|310.00|46.50|2008-01-14 02:54:36
60119|68057|26633|11408|3780|1852|4|1236.00|185.40|2008-01-26 02:59:05
60120|68057|26633|3020|3780|1842|1|309.00|46.35|2008-01-16 02:59:05
60209|68156|44047|13782|4577|1849|2|904.00|135.60|2008-01-23 03:02:39
60222|68175|45659|5463|8524|1852|2|832.00|124.80|2008-01-26 03:02:57
60591|68634|26970|9998|613|1843|2|448.00|67.20|2008-01-17 03:18:06
60709|68763|6312|5543|7430|1857|1|63.00|9.45|2008-01-31 03:22:45
60883|68959|18267|4665|7337|1855|1|411.00|61.65|2008-01-29 03:28:53
61131|69242|15933|11757|2071|1849|2|340.00|51.00|2008-01-23 03:38:09
61172|69298|7404|6406|5511|1836|1|435.00|65.25|2008-01-10 03:39:39
61479|69652|38043|8002|1135|1852|1|279.00|41.85|2008-01-26 03:51:43
61512|69700|31819|1449|5567|1841|3|1215.00|182.25|2008-01-15 03:52:49
61522|69712|28846|1152|8214|1851|2|390.00|58.50|2008-01-25 03:53:20
61562|69761|42095|2076|3418|1853|2|240.00|36.00|2008-01-27 03:55:08
61563|69761|42095|1280|3418|1852|3|360.00|54.00|2008-01-26 03:55:11
61704|69940|49631|14458|654|1852|4|860.00|129.00|2008-01-26 04:01:18
61867|70111|7866|15238|1470|1851|2|710.00|106.50|2008-01-25 04:07:07
62125|70431|17238|6254|1106|1847|3|435.00|65.25|2008-01-21 04:17:00
62139|70442|43116|10814|907|1843|1|370.00|55.50|2008-01-17 04:17:25
62147|70451|35152|11572|8009|1851|2|676.00|101.40|2008-01-25 04:17:43
62460|70849|49189|13465|4382|1849|2|520.00|78.00|2008-01-23 04:29:45
62461|70849|49189|11863|4382|1847|1|260.00|39.00|2008-01-21 04:29:47
62462|70849|49189|18551|4382|1855|4|1040.00|156.00|2008-01-29 04:29:47
62694|71087|21490|3424|5362|1838|4|656.00|98.40|2008-01-12 04:38:19
62752|71155|11047|19580|4730|1854|1|265.00|39.75|2008-01-28 04:40:29
62753|71155|11047|21088|4730|1856|2|530.00|79.50|2008-01-30 04:40:33
62773|71174|44140|263|3906|1845|2|966.00|144.90|2008-01-19 04:41:21
62844|71255|30926|5598|2025|1851|2|942.00|141.30|2008-01-25 04:44:13
63168|71605|20041|16633|3717|1854|2|988.00|148.20|2008-01-28 04:55:52
63169|71605|20041|16995|3717|1855|4|1976.00|296.40|2008-01-29 04:55:54
63170|71605|20041|4320|3717|1840|1|494.00|74.10|2008-01-14 04:55:55
63195|71636|17517|4515|3408|1854|1|203.00|30.45|2008-01-28 04:56:38
63553|72025|42401|9716|2482|1850|4|844.00|126.60|2008-01-24 05:09:45
63554|72025|42401|12472|2482|1853|1|211.00|31.65|2008-01-27 05:09:46
63655|72119|17839|2080|2621|1837|1|466.00|69.90|2008-01-11 05:13:04
64215|72786|24478|2500|4567|1853|1|154.00|23.10|2008-01-27 05:34:44
64317|72909|21285|4577|8329|1842|2|654.00|98.10|2008-01-16 05:38:33
64450|73047|2087|2347|2260|1853|4|1452.00|217.80|2008-01-27 05:43:38
64460|73061|14971|3690|2819|1847|1|39.00|5.85|2008-01-21 05:43:54
64700|73330|35996|3856|2919|1853|1|205.00|30.75|2008-01-27 05:53:02
65007|73692|48102|2789|3111|1848|4|680.00|102.00|2008-01-22 06:04:31
65347|74121|35828|12030|327|1849|2|866.00|129.90|2008-01-23 06:17:15
65527|74311|21445|2744|1539|1833|1|177.00|26.55|2008-01-07 06:23:40
65556|74370|4883|1529|8664|1838|1|320.00|48.00|2008-01-12 06:24:32
65618|74435|6744|5795|4167|1850|1|378.00|56.70|2008-01-24 06:27:32
65831|74679|43304|242|3023|1832|2|504.00|75.60|2008-01-06 06:36:15
65868|74725|7749|3119|1085|1840|1|299.00|44.85|2008-01-14 06:37:38
65869|74725|7749|2375|1085|1839|2|598.00|89.70|2008-01-13 06:37:44
66265|75189|43761|738|4490|1849|1|92.00|13.80|2008-01-23 06:52:56
66518|75472|23738|16430|5315|1847|1|315.00|47.25|2008-01-21 07:01:51
66625|75609|44661|15063|3111|1848|1|130.00|19.50|2008-01-22 07:06:01
66939|75982|23521|6043|4617|1834|1|330.00|49.50|2008-01-08 07:17:00
66940|75982|23521|11539|4617|1840|5|1650.00|247.50|2008-01-14 07:17:01
67348|76471|37898|240|1808|1843|4|1612.00|241.80|2008-01-17 07:32:59
67533|76697|13152|6120|1905|1847|1|327.00|49.05|2008-01-21 07:40:03
67534|76697|13152|2329|1905|1842|3|981.00|147.15|2008-01-16 07:40:05
67535|76697|13152|11304|1905|1853|5|1635.00|245.25|2008-01-27 07:40:06
67560|76735|3096|20883|934|1854|2|300.00|45.00|2008-01-28 07:40:47
67833|77037|34677|20087|8650|1856|2|150.00|22.50|2008-01-30 07:51:35
67880|77091|636|7336|5774|1846|2|386.00|57.90|2008-01-20 07:53:33
67898|77111|33569|3881|5495|1841|3|669.00|100.35|2008-01-15 07:54:17
68300|77619|43276|17372|2742|1852|1|439.00|65.85|2008-01-26 08:08:21
68301|77619|43276|20883|2742|1857|2|878.00|131.70|2008-01-31 08:08:22
68584|77959|15233|9598|7786|1850|2|742.00|111.30|2008-01-24 08:17:47
68608|77990|12106|9842|5784|1853|1|140.00|21.00|2008-01-27 08:18:43
69207|78701|35619|2554|1786|1853|1|87.00|13.05|2008-01-27 08:40:55
69272|78801|43327|8969|5854|1847|2|416.00|62.40|2008-01-21 08:43:46
69273|78801|43327|488|5854|1837|3|624.00|93.60|2008-01-11 08:43:53
69466|79015|4178|10516|4650|1843|2|946.00|141.90|2008-01-17 08:50:25
69467|79015|4178|12629|4650|1846|1|473.00|70.95|2008-01-20 08:50:25
69608|79174|45259|7302|1267|1850|1|132.00|19.80|2008-01-24 08:56:49
70079|79689|4455|17387|5447|1853|1|226.00|33.90|2008-01-27 09:13:30
70206|79817|4594|1325|7064|1831|3|732.00|109.80|2008-01-05 09:18:27
70213|79826|48554|14945|3901|1855|2|330.00|49.50|2008-01-29 09:18:44
70257|79883|39059|11163|1348|1848|2|56.00|8.40|2008-01-22 09:20:25
70258|79883|39059|1107|1348|1836|1|28.00|4.20|2008-01-10 09:20:26
70468|80117|36233|127|6141|1837|2|448.00|67.20|2008-01-11 09:28:18
70750|80447|30007|6606|8795|1840|1|319.00|47.85|2008-01-14 09:38:12
70752|80451|11573|10004|4021|1855|4|1660.00|249.00|2008-01-29 09:38:15
70806|80508|44378|3157|4347|1832|1|81.00|12.15|2008-01-06 09:40:04
70807|80508|44378|7224|4347|1837|2|162.00|24.30|2008-01-11 09:40:07
70808|80508|44378|6897|4347|1837|4|324.00|48.60|2008-01-11 09:40:09
70871|80574|47515|12956|6884|1856|4|1000.00|150.00|2008-01-30 09:42:16
70872|80574|47515|1561|6884|1842|1|250.00|37.50|2008-01-16 09:42:16
71397|81255|7949|2540|4730|1851|1|483.00|72.45|2008-01-25 10:01:35
71544|81454|33101|3523|3468|1855|1|57.00|8.55|2008-01-29 10:07:41
71558|81469|3132|11996|281|1843|4|324.00|48.60|2008-01-17 10:08:24
71790|81762|6761|1579|2751|1857|1|452.00|67.80|2008-01-31 10:16:18
71898|81927|19019|505|5876|1831|2|78.00|11.70|2008-01-05 10:20:49
71899|81927|19019|15160|5876|1849|1|39.00|5.85|2008-01-23 10:20:49
72007|82065|1641|6335|6647|1854|2|458.00|68.70|2008-01-28 10:25:18
72357|82492|40387|1618|3466|1850|1|61.00|9.15|2008-01-24 10:37:42
72464|82637|22685|168|5112|1833|4|1668.00|250.20|2008-01-07 10:41:43
72531|82711|38329|1032|3535|1857|2|624.00|93.60|2008-01-31 10:44:49
72648|82864|46841|12411|8139|1851|2|944.00|141.60|2008-01-25 10:49:12
72649|82864|46841|13909|8139|1853|1|472.00|70.80|2008-01-27 10:49:12
72742|82972|37433|6152|2294|1850|4|348.00|52.20|2008-01-24 10:52:59
72749|82978|46084|8640|2160|1847|3|1326.00|198.90|2008-01-21 10:53:09
72750|82978|46084|15366|2160|1855|1|442.00|66.30|2008-01-29 10:53:10
72757|82991|27203|6424|5152|1852|4|472.00|70.80|2008-01-26 10:53:18
72937|83213|29805|4157|7493|1852|2|544.00|81.60|2008-01-26 10:59:15
73259|83589|30709|20626|6772|1852|4|536.00|80.40|2008-01-26 11:11:51
73260|83589|30709|7050|6772|1836|2|268.00|40.20|2008-01-10 11:11:51
73261|83589|30709|17754|6772|1849|1|134.00|20.10|2008-01-23 11:11:51
73578|83955|342|10258|7529|1850|2|302.00|45.30|2008-01-24 11:23:21
73599|83976|11614|1820|5975|1854|2|178.00|26.70|2008-01-28 11:24:04
73634|84020|8169|18858|3135|1857|2|562.00|84.30|2008-01-31 11:25:39
73739|84163|1871|7932|3463|1842|4|1028.00|154.20|2008-01-16 11:29:39
73740|84163|1871|14596|3463|1850|2|514.00|77.10|2008-01-24 11:29:42
73804|84241|45221|10729|3135|1855|3|1206.00|180.90|2008-01-29 11:31:45
74133|84624|28319|10042|2067|1841|3|606.00|90.90|2008-01-15 11:44:42
74743|85336|1305|4163|4982|1833|4|1972.00|295.80|2008-01-07 12:09:01
74744|85336|1305|18230|4982|1850|2|986.00|147.90|2008-01-24 12:09:01
74862|85454|31051|83|4564|1830|1|277.00|41.55|2008-01-04 12:13:32
74863|85454|31051|3083|4564|1833|2|554.00|83.10|2008-01-07 12:13:39
75022|85632|32241|4464|920|1852|2|396.00|59.40|2008-01-26 12:19:25
75305|85992|722|11778|4382|1847|1|59.00|8.85|2008-01-21 12:29:09
75306|85992|722|11004|4382|1846|2|118.00|17.70|2008-01-20 12:29:10
75307|85992|722|7976|4382|1842|4|236.00|35.40|2008-01-16 12:29:11
75381|86076|16597|5841|4075|1855|4|1888.00|283.20|2008-01-29 12:32:11
75425|86125|30256|5362|1786|1851|2|446.00|66.90|2008-01-25 12:33:33
75449|86148|11540|8081|2901|1838|1|447.00|67.05|2008-01-12 12:34:15
75450|86150|9766|7701|5889|1840|2|550.00|82.50|2008-01-14 12:34:15
75612|86348|26044|12233|6052|1848|2|506.00|75.90|2008-01-22 12:40:23
75621|86356|40458|1820|8449|1833|2|752.00|112.80|2008-01-07 12:40:53
75968|86767|18536|15659|754|1856|1|130.00|19.50|2008-01-30 12:54:07
76359|87184|19421|1196|6680|1841|1|240.00|36.00|2008-01-15 04:35:44
76476|87333|32887|6160|8075|1856|2|674.00|101.10|2008-01-30 06:41:54
76786|87742|14287|436|2911|1844|4|1040.00|156.00|2008-01-18 12:29:51
76861|87831|15800|20507|1071|1854|1|412.00|61.80|2008-01-28 01:46:46
76869|87843|5461|367|3767|1837|1|296.00|44.40|2008-01-11 01:53:31
76963|87946|42435|18375|3820|1853|1|20.00|3.00|2008-01-27 03:38:51
77034|88021|37716|574|3021|1848|2|532.00|79.80|2008-01-22 05:01:15
77163|88147|20582|6340|7731|1849|3|963.00|144.45|2008-01-23 07:56:56
77164|88147|20582|4096|7731|1846|4|1284.00|192.60|2008-01-20 07:57:33
77667|88699|34842|8640|3781|1854|1|329.00|49.35|2008-01-28 05:00:38
77827|88857|28208|13253|115|1845|2|292.00|43.80|2008-01-19 08:14:10
77828|88857|28208|7286|115|1838|1|146.00|21.90|2008-01-12 08:14:51
78112|89206|15579|10115|8618|1842|4|1340.00|201.00|2008-01-16 01:29:07
78539|89674|28182|8234|8279|1849|2|790.00|118.50|2008-01-23 09:32:45
78541|89674|28182|14063|8279|1856|3|1185.00|177.75|2008-01-30 09:33:25
78722|89860|8798|13118|2273|1856|1|175.00|26.25|2008-01-30 12:48:24
79136|90349|20041|16469|8115|1849|2|948.00|142.20|2008-01-23 09:07:30
79155|90371|38226|14260|6415|1852|4|116.00|17.40|2008-01-26 09:30:15
79250|90485|22005|8234|7430|1837|2|254.00|38.10|2008-01-11 11:12:51
79251|90485|22005|16623|7430|1847|1|127.00|19.05|2008-01-21 11:13:11
79571|90882|20275|16615|5542|1852|2|528.00|79.20|2008-01-26 04:37:41
79693|91005|46549|4374|1425|1840|1|175.00|26.25|2008-01-14 07:04:20
79984|91346|46805|16615|5574|1857|2|838.00|125.70|2008-01-31 12:44:50
79986|91346|46805|12163|5574|1852|1|419.00|62.85|2008-01-26 12:45:47
80212|91594|27904|8328|7271|1837|2|680.00|102.00|2008-01-11 05:17:28
80385|91792|36181|16856|6405|1848|1|69.00|10.35|2008-01-22 08:44:59
80478|91887|24477|8328|5453|1843|2|494.00|74.10|2008-01-17 10:44:13
80950|92338|22891|428|101|1855|2|884.00|132.60|2008-01-29 08:19:03
81102|92518|15330|699|3896|1839|2|294.00|44.10|2008-01-13 11:13:16
81103|92518|15330|13001|3896|1854|1|147.00|22.05|2008-01-28 11:13:22
81425|92851|7302|6025|7460|1841|2|914.00|137.10|2008-01-15 06:05:56
81426|92851|7302|17735|7460|1855|3|1371.00|205.65|2008-01-29 06:06:36
81645|93108|36097|4345|4894|1847|1|379.00|56.85|2008-01-21 10:21:05
81646|93108|36097|10984|4894|1855|3|1137.00|170.55|2008-01-29 10:21:54
81647|93108|36097|3212|4894|1845|4|1516.00|227.40|2008-01-19 10:22:18
81924|93416|26362|4062|1935|1832|4|1416.00|212.40|2008-01-06 03:40:09
82128|93647|44095|1305|697|1843|1|229.00|34.35|2008-01-17 07:46:17
82190|93725|38615|842|5696|1832|2|846.00|126.90|2008-01-06 08:54:02
82517|94131|38191|4781|5896|1835|2|660.00|99.00|2008-01-09 03:02:46
82721|94313|7311|6101|5157|1851|4|1872.00|280.80|2008-01-25 07:08:00
82817|94404|48094|12457|3620|1854|2|908.00|136.20|2008-01-28 08:53:27
82871|94462|8132|4304|6442|1856|2|204.00|30.60|2008-01-30 09:56:38
83101|94709|18247|1435|4221|1833|1|85.00|12.75|2008-01-07 01:46:37
83124|94729|33587|5338|7420|1838|1|375.00|56.25|2008-01-12 02:25:20
83398|95095|21416|3131|3713|1835|2|234.00|35.10|2008-01-09 07:58:48
83429|95134|27653|8836|2850|1841|1|467.00|70.05|2008-01-15 08:28:48
83503|95235|38408|8183|7003|1838|1|302.00|45.30|2008-01-12 10:09:56
83513|95243|30135|6641|4830|1851|2|862.00|129.30|2008-01-25 10:21:58
83621|95371|28916|185|4273|1855|1|257.00|38.55|2008-01-29 12:26:02
83674|95416|827|14864|7588|1857|3|357.00|53.55|2008-01-31 01:27:21
83676|95416|827|3691|7588|1844|4|476.00|71.40|2008-01-18 01:29:16
83677|95416|827|758|7588|1840|1|119.00|17.85|2008-01-14 01:29:59
84388|96279|11691|2781|2157|1831|1|431.00|64.65|2008-01-05 04:31:37
84697|96660|42741|2940|6169|1842|2|226.00|33.90|2008-01-16 10:26:09
84815|96797|47848|7245|2113|1857|2|452.00|67.80|2008-01-31 12:54:58
84833|96817|5602|19474|1201|1854|4|132.00|19.80|2008-01-28 01:14:00
84834|96817|5602|17533|1201|1852|1|33.00|4.95|2008-01-26 01:14:25
84959|96996|11527|2591|8753|1841|2|518.00|77.70|2008-01-15 03:45:11
84961|96996|11527|2266|8753|1840|4|1036.00|155.40|2008-01-14 03:51:22
85030|97071|8458|14800|313|1848|4|728.00|109.20|2008-01-22 05:22:25
85031|97071|8458|4910|313|1836|2|364.00|54.60|2008-01-10 05:22:48
85062|97108|2447|9220|6869|1845|1|315.00|47.25|2008-01-19 05:58:15
85063|97108|2447|9213|6869|1845|2|630.00|94.50|2008-01-19 05:58:26
85158|97207|47207|646|2959|1835|4|1044.00|156.60|2008-01-09 07:37:13
85299|97358|23143|6084|1106|1841|2|446.00|66.90|2008-01-15 10:27:02
85343|97405|36134|3619|6845|1851|1|443.00|66.45|2008-01-25 11:28:23
85553|97664|36496|188|2933|1830|2|392.00|58.80|2008-01-04 03:13:45
85948|98131|48833|5536|7997|1836|2|242.00|36.30|2008-01-10 11:37:38
86042|98238|49636|11953|3023|1845|4|184.00|27.60|2008-01-19 01:38:29
86043|98238|49636|12669|3023|1846|1|46.00|6.90|2008-01-20 01:38:36
86072|98269|49766|2283|2237|1852|2|790.00|118.50|2008-01-26 02:03:50
86245|98462|17675|20326|433|1857|2|842.00|126.30|2008-01-31 05:45:12
86246|98462|17675|19899|433|1856|1|421.00|63.15|2008-01-30 05:45:52
86280|98497|21024|1519|6062|1829|1|229.00|34.35|2008-01-03 06:13:21
86417|98671|16654|8654|7493|1845|1|236.00|35.40|2008-01-19 08:39:58
86543|98790|956|1504|970|1857|1|467.00|70.05|2008-01-31 11:27:06
86627|98897|44428|2931|1924|1848|1|100.00|15.00|2008-01-22 12:53:31
86657|98926|19886|10991|3781|1855|4|1108.00|166.20|2008-01-29 01:18:53
86817|99117|45666|5088|5331|1853|4|100.00|15.00|2008-01-27 04:19:47
86864|99172|24148|11496|8614|1844|2|384.00|57.60|2008-01-18 05:11:18
86865|99172|24148|18271|8614|1852|4|768.00|115.20|2008-01-26 05:11:21
87058|99380|9332|38|5863|1855|1|89.00|13.35|2008-01-29 08:51:18
87350|99749|14332|1108|3160|1857|2|78.00|11.70|2008-01-31 01:51:41
87590|100036|41002|10928|508|1842|3|1083.00|162.45|2008-01-16 06:38:38
87591|100036|41002|13692|508|1845|2|722.00|108.30|2008-01-19 06:39:49
87669|100129|22255|11866|7029|1854|1|344.00|51.60|2008-01-28 08:13:04
87670|100129|22255|7132|7029|1848|2|688.00|103.20|2008-01-22 08:14:45
87720|100202|2108|3063|8260|1834|1|58.00|8.70|2008-01-08 09:02:43
87899|100382|41963|6880|4420|1852|1|337.00|50.55|2008-01-26 12:32:32
88159|100689|6948|1516|4415|1848|2|360.00|54.00|2008-01-22 05:48:52
88366|100918|34912|4453|8139|1847|2|216.00|32.40|2008-01-21 09:25:05
88921|101569|39487|14754|89|1848|2|888.00|133.20|2008-01-22 07:28:46
89508|102227|40435|24892|5697|1856|2|186.00|27.90|2008-01-30 06:46:40
89874|102627|19725|646|3431|1840|4|1688.00|253.20|2008-01-14 01:22:02
89936|102684|9923|373|8614|1845|2|274.00|41.10|2008-01-19 02:24:43
90147|102887|33761|4979|8583|1850|2|986.00|147.90|2008-01-24 06:57:57
90701|103540|7550|11931|3380|1849|1|452.00|67.80|2008-01-23 06:01:29
90875|103727|22293|10320|2652|1844|2|748.00|112.20|2008-01-18 09:23:05
90952|103798|32595|7836|4342|1854|4|96.00|14.40|2008-01-28 10:58:52
91002|103852|31884|8529|6024|1846|2|730.00|109.50|2008-01-20 11:55:26
91003|103852|31884|5533|6024|1842|1|365.00|54.75|2008-01-16 11:56:03
91050|103904|17463|4662|7198|1834|1|181.00|27.15|2008-01-08 12:54:20
91447|104359|35492|5094|6364|1837|2|278.00|41.70|2008-01-11 08:21:17
91592|104511|47830|19716|5362|1852|1|187.00|28.05|2008-01-26 10:57:41
91757|104697|30967|3904|1905|1854|2|438.00|65.70|2008-01-28 01:51:04
92111|105116|45496|16845|2477|1857|2|312.00|46.80|2008-01-31 08:24:13
92205|105220|13830|9717|2654|1855|2|58.00|8.70|2008-01-29 10:08:06
92363|105423|28607|11026|1905|1851|1|475.00|71.25|2008-01-25 01:32:36
92517|105614|41970|1367|3886|1855|2|416.00|62.40|2008-01-29 04:24:03
92869|105997|43338|4072|3388|1845|4|1288.00|193.20|2008-01-19 11:11:02
92937|106070|2337|9200|2742|1846|1|362.00|54.30|2008-01-20 12:30:28
92938|106070|2337|4770|2742|1840|4|1448.00|217.20|2008-01-14 12:31:05
93244|106450|20367|1441|3767|1849|2|924.00|138.60|2008-01-23 06:15:53
93401|106678|30543|636|1905|1838|2|758.00|113.70|2008-01-12 09:21:49
94178|107556|34648|916|1400|1833|2|192.00|28.80|2008-01-07 12:05:34
94274|107657|35799|1695|4910|1835|1|473.00|70.95|2008-01-09 02:01:43
94361|107739|3334|6707|1338|1844|2|148.00|22.20|2008-01-18 03:41:49
94362|107739|3334|4626|1338|1841|1|74.00|11.10|2008-01-15 03:42:16
94410|107794|18206|6352|4226|1840|1|465.00|69.75|2008-01-14 04:35:15
94872|108300|41854|4360|8788|1834|4|1364.00|204.60|2008-01-08 01:47:46
95315|108800|27500|12284|281|1850|2|924.00|138.60|2008-01-24 10:31:38
95343|108829|1113|1075|2510|1851|2|974.00|146.10|2008-01-25 11:08:04
95465|108979|44465|9772|3227|1844|1|453.00|67.95|2008-01-18 01:41:55
95489|109010|25821|584|5463|1849|2|598.00|89.70|2008-01-23 02:15:38
95783|109353|45365|9721|4437|1855|3|519.00|77.85|2008-01-29 07:54:56
95850|109421|26906|3778|159|1854|2|998.00|149.70|2008-01-28 09:36:14
95981|109568|5708|16049|3734|1856|2|672.00|100.80|2008-01-30 12:13:47
96197|109842|25409|9717|383|1855|1|236.00|35.40|2008-01-29 05:06:15
96836|110540|7835|7738|8337|1838|1|92.00|13.80|2008-01-12 07:15:30
96930|110642|29818|6011|2012|1839|2|634.00|95.10|2008-01-13 09:01:25
96931|110642|29818|4383|2012|1837|1|317.00|47.55|2008-01-11 09:02:35
97124|110849|46556|414|3176|1840|2|200.00|30.00|2008-01-14 01:05:31
97197|110942|43282|515|7003|1827|2|708.00|106.20|2008-01-01 02:30:52
97198|110942|43282|1532|7003|1828|1|354.00|53.10|2008-01-02 02:31:12
97263|111038|47055|11571|3783|1850|2|160.00|24.00|2008-01-24 04:16:35
97267|111040|33675|11484|4100|1855|4|1152.00|172.80|2008-01-29 04:19:07
97268|111040|33675|4854|4100|1847|2|576.00|86.40|2008-01-21 04:20:35
97429|111247|31746|20553|6764|1855|1|469.00|70.35|2008-01-29 07:33:06
97430|111247|31746|15012|6764|1849|2|938.00|140.70|2008-01-23 07:37:31
97462|111291|2483|3351|5653|1835|2|128.00|19.20|2008-01-09 08:17:11
97517|111363|37135|11959|5813|1847|4|1928.00|289.20|2008-01-21 09:20:39
97530|111380|21479|6135|4744|1851|1|336.00|50.40|2008-01-25 09:45:18
97798|111703|1808|4577|3223|1836|2|980.00|147.00|2008-01-10 03:02:51
98042|111980|27167|628|6900|1851|2|796.00|119.40|2008-01-25 08:29:00
98360|112382|22313|7910|695|1842|2|696.00|104.40|2008-01-16 02:36:34
98466|112507|28027|4019|7074|1834|3|1263.00|189.45|2008-01-08 04:35:56
98545|112589|25841|76|6870|1845|2|106.00|15.90|2008-01-19 06:11:27
98546|112589|25841|6247|6870|1852|1|53.00|7.95|2008-01-26 06:11:51
98673|112759|26141|10580|3862|1850|2|78.00|11.70|2008-01-24 09:14:28
98945|113095|44406|3483|4888|1840|2|920.00|138.00|2008-01-14 03:04:56
98946|113095|44406|7158|4888|1844|4|1840.00|276.00|2008-01-18 03:06:19
98947|113095|44406|10859|4888|1849|1|460.00|69.00|2008-01-23 03:08:15
99164|113351|35709|5768|7165|1850|2|376.00|56.40|2008-01-24 07:55:05
99297|113506|12694|4068|5501|1853|2|368.00|55.20|2008-01-27 10:59:16
99367|113608|26437|4800|7420|1834|4|1356.00|203.40|2008-01-08 12:29:47
99379|113619|47219|787|4679|1831|4|680.00|102.00|2008-01-05 12:46:08
99497|113723|26762|17268|2060|1857|2|986.00|147.90|2008-01-31 03:21:06
99579|113818|41853|10867|7886|1857|2|276.00|41.40|2008-01-31 05:14:03
99609|113849|29495|414|6364|1830|2|992.00|148.80|2008-01-04 05:56:30
99610|113849|29495|21482|6364|1855|1|496.00|74.40|2008-01-29 05:56:56
99662|113917|5625|16719|8509|1850|2|920.00|138.00|2008-01-24 06:57:23
99957|114260|47722|15745|4118|1853|1|243.00|36.45|2008-01-27 01:57:02
99958|114260|47722|10381|4118|1847|2|486.00|72.90|2008-01-21 01:57:18
100370|114762|26473|868|6639|1832|1|147.00|22.05|2008-01-06 11:41:08
100661|115102|49615|55|4875|1832|4|1012.00|151.80|2008-01-06 06:28:19
100936|115427|36599|13649|8479|1853|2|244.00|36.60|2008-01-27 12:55:58
101086|115609|25966|4857|8494|1837|3|528.00|79.20|2008-01-11 04:55:49
101381|115926|4688|9196|637|1854|2|300.00|45.00|2008-01-28 12:04:10
101707|116320|41493|2726|509|1833|1|491.00|73.65|2008-01-07 08:06:19
102767|117554|38047|6287|3820|1857|2|562.00|84.30|2008-01-31 11:09:19
102844|117633|25195|10618|6086|1853|2|334.00|50.10|2008-01-27 01:21:30
103024|117828|25508|13774|4577|1846|2|278.00|41.70|2008-01-20 05:51:22
103277|118101|10707|7293|4231|1856|2|674.00|101.10|2008-01-30 12:11:32
103455|118300|939|756|2950|1847|4|456.00|68.40|2008-01-21 05:04:25
103574|118452|20265|8411|654|1844|1|127.00|19.05|2008-01-18 07:59:21
103613|118504|38842|10678|3451|1851|3|252.00|37.80|2008-01-25 08:53:11
103619|118515|34862|9119|2426|1842|2|246.00|36.90|2008-01-16 09:10:53
104043|119009|43510|2377|3713|1830|1|375.00|56.25|2008-01-04 08:12:28
104073|119050|49318|799|6868|1851|1|304.00|45.60|2008-01-25 08:56:25
104099|119078|24139|1257|4881|1837|4|1704.00|255.60|2008-01-11 09:45:19
104140|119124|41300|4908|5097|1833|1|274.00|41.10|2008-01-07 10:58:09
104141|119124|41300|23965|5097|1856|2|548.00|82.20|2008-01-30 10:58:13
104207|119205|2223|4884|8069|1841|2|942.00|141.30|2008-01-15 01:04:15
104559|119628|44230|1194|7285|1842|2|280.00|42.00|2008-01-16 11:37:37
104602|119680|41602|2726|8578|1847|1|315.00|47.25|2008-01-21 12:45:41
104603|119680|41602|9194|8578|1855|4|1260.00|189.00|2008-01-29 12:47:14
104854|119991|21821|5243|5901|1851|1|196.00|29.40|2008-01-25 07:30:27
104855|119991|21821|4529|5901|1850|2|392.00|58.80|2008-01-24 07:31:49
104857|119996|46250|10812|3620|1856|1|305.00|45.75|2008-01-30 07:34:30
105226|120405|10477|20851|8268|1853|4|784.00|117.60|2008-01-27 06:37:34
105448|120665|15309|2465|2124|1843|2|470.00|70.50|2008-01-17 12:42:18
105449|120666|1601|169|338|1857|3|1377.00|206.55|2008-01-31 12:42:28
105666|120938|44963|7192|743|1857|2|440.00|66.00|2008-01-31 06:27:35
105668|120939|38536|6638|5739|1855|1|198.00|29.70|2008-01-29 06:30:30
106525|121887|734|20678|2060|1854|1|303.00|45.45|2008-01-28 08:22:44
106526|121887|734|10989|2060|1843|2|606.00|90.90|2008-01-17 08:23:19
106751|122184|16056|9096|6868|1850|2|104.00|15.60|2008-01-24 04:07:52
106887|122312|30027|10812|2045|1854|1|136.00|20.40|2008-01-28 07:54:09
107121|122558|8715|499|3783|1834|1|82.00|12.30|2008-01-08 03:46:22
107180|122651|29154|2025|2893|1838|1|73.00|10.95|2008-01-12 05:49:50
107264|122757|38348|1521|3762|1850|1|310.00|46.50|2008-01-24 09:08:01
107427|122953|19826|16646|1937|1857|4|1720.00|258.00|2008-01-31 03:14:48
107547|123092|40542|1478|3971|1835|1|358.00|53.70|2008-01-09 07:07:31
107722|123293|41391|10698|945|1840|2|796.00|119.40|2008-01-14 01:45:05
107723|123293|41391|10954|945|1841|1|398.00|59.70|2008-01-15 01:45:40
107844|123418|36194|13820|3599|1856|3|1149.00|172.35|2008-01-30 06:09:05
107920|123513|36893|13748|3783|1855|1|398.00|59.70|2008-01-29 09:21:16
107921|123513|36893|4807|3783|1844|2|796.00|119.40|2008-01-18 09:22:07
107932|123529|33319|3382|7903|1834|1|333.00|49.95|2008-01-08 09:40:06
108070|123668|593|12006|2787|1841|1|71.00|10.65|2008-01-15 02:37:18
108127|123730|5660|23090|4595|1856|2|76.00|11.40|2008-01-30 05:07:53
108306|123941|47415|592|4867|1849|2|558.00|83.70|2008-01-23 12:42:44
108552|124267|37291|2656|3246|1837|2|320.00|48.00|2008-01-11 08:37:38
108553|124267|37291|229|3246|1834|1|160.00|24.00|2008-01-08 08:38:03
108562|124273|11876|2625|4342|1830|4|908.00|136.20|2008-01-04 08:54:43
108836|124595|29905|5000|6904|1845|1|371.00|55.65|2008-01-19 06:42:32
108876|124645|24328|5406|3947|1848|4|1268.00|190.20|2008-01-22 08:19:14
109147|124982|2739|6552|5507|1841|1|379.00|56.85|2008-01-15 07:44:09
109263|125121|23125|12703|8125|1851|2|454.00|68.10|2008-01-25 12:51:32
109273|125131|26303|17601|4706|1851|1|427.00|64.05|2008-01-25 01:12:49
109377|125261|36101|2127|8019|1837|2|96.00|14.40|2008-01-11 05:32:31
109412|125298|25044|6333|4188|1845|2|824.00|123.60|2008-01-19 07:32:32
110264|126285|22773|10289|3451|1852|3|1401.00|210.15|2008-01-26 10:31:34
110359|126378|10628|6342|5573|1837|3|654.00|98.10|2008-01-11 02:29:54
110671|126789|45183|4008|8788|1834|1|410.00|61.50|2008-01-08 06:02:27
110797|126918|25733|10670|5814|1847|2|366.00|54.90|2008-01-21 11:53:20
110798|126918|25733|14062|5814|1851|4|732.00|109.80|2008-01-25 11:55:19
110930|127059|45800|6217|1026|1854|1|73.00|10.95|2008-01-28 08:04:18
111195|127353|23393|6409|2029|1856|4|1672.00|250.80|2008-01-30 11:54:09
111705|127936|1060|856|4305|1833|2|440.00|66.00|2008-01-07 10:38:40
111903|128174|28337|1285|7928|1844|2|186.00|27.90|2008-01-18 11:37:51
112059|128354|22004|5765|2883|1845|2|288.00|43.20|2008-01-19 10:58:34
112210|128555|36781|4853|7886|1832|1|321.00|48.15|2008-01-06 11:38:18
112637|129068|45179|17888|3698|1848|1|354.00|53.10|2008-01-22 06:27:27
112638|129068|45179|22409|3698|1853|2|708.00|106.20|2008-01-27 06:30:27
113005|129465|49242|1713|3587|1843|3|738.00|110.70|2008-01-17 04:12:36
113047|129521|11633|2698|1977|1847|4|768.00|115.20|2008-01-21 10:23:54
113048|129521|11633|6297|1977|1851|1|192.00|28.80|2008-01-25 10:24:46
113322|129829|3654|860|8188|1830|2|558.00|83.70|2008-01-04 05:36:13
113323|129829|3654|3605|8188|1833|1|279.00|41.85|2008-01-07 05:44:41
113324|129829|3654|5284|8188|1835|4|1116.00|167.40|2008-01-09 06:07:56
113505|130019|22924|8889|3209|1843|4|420.00|63.00|2008-01-17 11:32:33
113506|130019|22924|11135|3209|1846|2|210.00|31.50|2008-01-20 11:37:14
113636|130140|23447|10498|2414|1854|1|57.00|8.55|2008-01-28 03:43:13
113823|130390|26932|1975|2954|1846|1|435.00|65.25|2008-01-20 12:19:33
114075|130673|41897|15182|2526|1849|1|252.00|37.80|2008-01-23 01:26:08
114362|130995|13817|10428|8292|1855|4|1744.00|261.60|2008-01-29 12:31:44
114421|131053|13708|8804|8534|1847|1|164.00|24.60|2008-01-21 04:48:44
114422|131053|13708|12708|8534|1852|2|328.00|49.20|2008-01-26 04:55:36
114568|131207|4389|10428|597|1848|4|1800.00|270.00|2008-01-22 03:41:40
114606|131255|23775|8495|3717|1841|1|298.00|44.70|2008-01-15 06:22:44
114731|131392|10246|7434|6904|1853|2|254.00|38.10|2008-01-27 04:23:50
114743|131402|24557|20740|8650|1856|1|280.00|42.00|2008-01-30 05:14:57
114744|131402|24557|1464|8650|1833|2|560.00|84.00|2008-01-07 05:16:04
114922|131600|17875|17156|8141|1850|2|104.00|15.60|2008-01-24 04:29:23
115214|131894|34293|12261|2045|1857|4|260.00|39.00|2008-01-31 07:59:16
115231|131908|16826|6368|5431|1841|1|40.00|6.00|2008-01-15 09:33:21
115232|131908|16826|15556|5431|1852|4|160.00|24.00|2008-01-26 09:40:34
116161|133015|27322|8450|1745|1853|1|66.00|9.90|2008-01-27 08:52:51
116266|133155|2812|24011|8390|1855|2|418.00|62.70|2008-01-29 02:25:30
116435|133353|18813|13439|5847|1844|1|403.00|60.45|2008-01-18 09:32:57
117105|134094|20297|2841|7095|1846|4|1692.00|253.80|2008-01-20 12:39:29
117216|134227|18416|19290|1668|1857|2|222.00|33.30|2008-01-31 04:38:57
117474|134524|42214|5298|4130|1841|1|385.00|57.75|2008-01-15 03:51:11
117476|134524|42214|11092|4130|1848|3|1155.00|173.25|2008-01-22 03:52:35
117490|134538|20391|6159|6849|1840|1|463.00|69.45|2008-01-14 04:28:26
117491|134538|20391|20829|6849|1857|2|926.00|138.90|2008-01-31 04:37:36
117945|135080|2271|16409|2124|1846|4|784.00|117.60|2008-01-20 08:57:56
117946|135080|2271|12077|2124|1841|2|392.00|58.80|2008-01-15 08:58:49
117947|135080|2271|12437|2124|1841|1|196.00|29.40|2008-01-15 09:07:51
118097|135270|27578|10713|4378|1848|2|138.00|20.70|2008-01-22 02:34:13
118098|135270|27578|3337|4378|1840|4|276.00|41.40|2008-01-14 02:34:18
118099|135270|27578|5960|4378|1843|1|69.00|10.35|2008-01-17 02:36:28
118187|135367|8289|324|5157|1856|2|60.00|9.00|2008-01-30 05:50:22
118262|135458|49304|13990|6763|1857|2|144.00|21.60|2008-01-31 08:18:44
118271|135472|4597|6364|852|1847|4|1924.00|288.60|2008-01-21 08:34:54
118573|135813|602|5287|5487|1834|2|238.00|35.70|2008-01-08 07:02:44
118606|135859|29981|9110|2703|1847|1|287.00|43.05|2008-01-21 08:11:09
118896|136164|31140|3789|8662|1834|2|166.00|24.90|2008-01-08 06:07:15
119087|136392|24890|8074|7256|1852|3|1335.00|200.25|2008-01-26 12:30:42
119426|136751|2937|568|3321|1843|2|326.00|48.90|2008-01-17 12:01:52
119427|136752|3910|23645|2106|1856|1|277.00|41.55|2008-01-30 12:03:28
119484|136825|32281|3|8458|1854|1|466.00|69.90|2008-01-28 02:10:01
119859|137235|22441|4528|3148|1856|2|470.00|70.50|2008-01-30 03:10:09
119860|137235|22441|5460|3148|1857|4|940.00|141.00|2008-01-31 03:13:15
120110|137544|29439|449|4021|1857|1|347.00|52.05|2008-01-31 11:37:45
120173|137633|4232|352|2941|1855|1|192.00|28.80|2008-01-29 01:42:25
120233|137687|4019|2321|917|1848|4|940.00|141.00|2008-01-22 03:29:37
120242|137696|11765|11096|4021|1854|4|432.00|64.80|2008-01-28 03:40:12
120278|137730|25893|6532|5520|1856|2|86.00|12.90|2008-01-30 04:34:10
120340|137808|10040|2035|1724|1856|2|394.00|59.10|2008-01-30 06:36:15
120341|137808|10040|275|1724|1854|1|197.00|29.55|2008-01-28 06:37:55
120480|137954|27555|1281|5932|1846|2|764.00|114.60|2008-01-20 11:06:43
120576|138043|8040|240|7114|1855|2|514.00|77.10|2008-01-29 01:34:56
120810|138282|23997|2858|2143|1839|4|1388.00|208.20|2008-01-13 08:58:17
120815|138292|21874|12863|5573|1855|2|222.00|33.30|2008-01-29 09:02:43
120911|138407|2877|8042|654|1857|2|876.00|131.40|2008-01-31 11:19:19
120912|138407|2877|5803|654|1854|1|438.00|65.70|2008-01-28 11:21:21
121191|138721|262|1124|2109|1833|1|451.00|67.65|2008-01-07 08:34:38
121192|138721|262|9763|2109|1843|4|1804.00|270.60|2008-01-17 08:35:59
121648|139260|30313|9462|4826|1844|2|612.00|91.80|2008-01-18 09:19:40
121670|139302|167|11759|613|1849|4|588.00|88.20|2008-01-23 09:59:21
121671|139302|167|8042|613|1844|2|294.00|44.10|2008-01-18 09:59:37
121674|139307|24399|6638|6632|1836|1|256.00|38.40|2008-01-10 10:07:26
121677|139309|2623|13648|4776|1845|2|236.00|35.40|2008-01-19 10:11:34
121678|139309|2623|16058|4776|1848|1|118.00|17.70|2008-01-22 10:11:51
121986|139657|18436|7178|3313|1836|2|178.00|26.70|2008-01-10 06:45:12
122116|139803|2317|9664|8509|1857|2|342.00|51.30|2008-01-31 10:05:51
122313|140032|11478|2035|5747|1839|2|790.00|118.50|2008-01-13 03:25:38
122340|140062|23837|9544|3168|1839|5|1020.00|153.00|2008-01-13 04:12:52
122341|140062|23837|12630|3168|1843|2|408.00|61.20|2008-01-17 04:15:31
122500|140220|10720|3285|2428|1834|1|400.00|60.00|2008-01-08 08:09:44
122672|140426|24561|6165|4829|1854|1|122.00|18.30|2008-01-28 12:39:27
122870|140654|25428|19263|3180|1851|4|780.00|117.00|2008-01-25 06:02:59
122904|140697|13974|2665|571|1848|3|861.00|129.15|2008-01-22 06:49:30
124067|142074|31319|17397|7529|1848|1|483.00|72.45|2008-01-22 12:10:24
124415|142465|11911|1029|1673|1832|3|1302.00|195.30|2008-01-06 09:12:37
124548|142637|49916|8090|1989|1855|1|396.00|59.40|2008-01-29 12:21:32
124676|142767|13866|4071|1275|1839|3|1395.00|209.25|2008-01-13 03:32:49
124835|142945|20480|2197|1278|1856|4|628.00|94.20|2008-01-30 07:14:41
125785|144011|22328|13906|1466|1854|2|676.00|101.40|2008-01-28 05:25:50
125865|144096|38904|17250|7469|1855|2|998.00|149.70|2008-01-29 07:07:18
125906|144146|31070|2632|1333|1849|2|542.00|81.30|2008-01-23 08:10:12
126130|144429|6609|7147|8793|1855|1|218.00|32.70|2008-01-29 01:16:17
126169|144493|33401|14452|6108|1852|3|84.00|12.60|2008-01-26 02:14:16
126171|144493|33401|5479|6108|1841|4|112.00|16.80|2008-01-15 02:18:28
126410|144798|39518|3037|750|1856|1|299.00|44.85|2008-01-30 07:17:24
126672|145089|42092|6761|3291|1846|2|284.00|42.60|2008-01-20 01:25:44
126922|145374|9333|19042|4617|1852|1|77.00|11.55|2008-01-26 06:48:40
127116|145604|8606|1947|2864|1846|2|648.00|97.20|2008-01-20 10:52:29
127176|145688|31038|12488|6116|1856|1|463.00|69.45|2008-01-30 11:59:38
127316|145869|6861|2894|5774|1839|1|51.00|7.65|2008-01-13 02:53:16
127661|146281|13579|18193|6972|1854|1|473.00|70.95|2008-01-28 10:59:58
127978|146637|34009|9264|4836|1841|1|105.00|15.75|2008-01-15 05:53:26
128027|146704|4565|1469|3065|1836|4|1320.00|198.00|2008-01-10 06:53:54
128135|146860|10669|3107|2380|1857|2|870.00|130.50|2008-01-31 09:29:54
128154|146896|25405|9494|1476|1849|1|318.00|47.70|2008-01-23 10:01:18
128155|146896|25405|4203|1476|1843|2|636.00|95.40|2008-01-17 10:03:39
128205|146949|27711|2103|4973|1833|2|854.00|128.10|2008-01-07 11:05:36
128276|147034|48254|1163|6901|1830|1|152.00|22.80|2008-01-04 12:28:15
128300|147056|48657|8843|7317|1848|2|76.00|11.40|2008-01-22 01:01:41
128301|147056|48657|1429|7317|1839|4|152.00|22.80|2008-01-13 01:01:56
128443|147234|17559|6475|2874|1846|2|916.00|137.40|2008-01-20 04:24:29
128730|147565|31160|8932|8021|1839|1|275.00|41.25|2008-01-13 10:13:51
128757|147594|6389|2916|2217|1855|1|219.00|32.85|2008-01-29 10:50:54
129047|147920|48083|13791|1018|1856|2|914.00|137.10|2008-01-30 04:41:22
129318|148297|29623|8163|7884|1842|2|550.00|82.50|2008-01-16 10:35:32
129319|148297|29623|1671|7884|1835|1|275.00|41.25|2008-01-09 10:36:03
129339|148331|21362|3821|4075|1857|1|95.00|14.25|2008-01-31 10:53:27
129837|148899|32598|14176|4719|1851|3|93.00|13.95|2008-01-25 09:13:34
129893|148955|9677|22450|4595|1853|4|1112.00|166.80|2008-01-27 10:22:28
129894|148955|9677|2009|4595|1829|1|278.00|41.70|2008-01-03 10:22:32
129898|148958|33690|13135|1804|1850|4|1440.00|216.00|2008-01-24 10:24:47
130098|149152|14110|2423|4390|1834|4|1160.00|174.00|2008-01-08 03:00:16
130099|149152|14110|16660|4390|1851|1|290.00|43.50|2008-01-25 03:01:01
130228|149295|10543|11127|3120|1854|2|798.00|119.70|2008-01-28 05:46:22
130331|149422|42820|1960|6266|1855|2|622.00|93.30|2008-01-29 07:58:53
130423|149528|36250|4757|397|1840|1|373.00|55.95|2008-01-14 09:42:02
130424|149528|36250|16420|397|1854|4|1492.00|223.80|2008-01-28 09:43:08
130425|149528|36250|14972|397|1852|2|746.00|111.90|2008-01-26 09:43:27
130631|149776|16990|5573|5518|1849|4|972.00|145.80|2008-01-23 01:31:00
130678|149827|28341|2795|2180|1836|2|762.00|114.30|2008-01-10 02:09:34
130679|149827|28341|9442|2180|1844|1|381.00|57.15|2008-01-18 02:10:08
130710|149876|7431|16157|8703|1853|2|126.00|18.90|2008-01-27 02:43:56
130711|149876|7431|1131|8703|1835|1|63.00|9.45|2008-01-09 02:44:43
131079|150328|24379|4767|2901|1840|3|780.00|117.00|2008-01-14 10:05:39
131292|151603|43029|8489|6344|1849|4|1320.00|198.00|2008-01-23 01:54:04
131328|151643|23279|15140|6884|1847|1|261.00|39.15|2008-01-21 02:33:50
131536|151903|29968|5636|571|1849|2|138.00|20.70|2008-01-23 06:29:00
131686|152091|10303|3168|6900|1851|1|279.00|41.85|2008-01-25 09:40:49
131744|152157|43204|23805|6159|1855|2|104.00|15.60|2008-01-29 10:44:17
131994|152428|16284|4371|2414|1847|4|1616.00|242.40|2008-01-21 03:17:32
132312|152798|38043|10980|8179|1856|4|1924.00|288.60|2008-01-30 09:15:54
132313|152798|38043|6975|8179|1851|2|962.00|144.30|2008-01-25 09:16:35
132600|153161|30050|10493|8686|1855|2|518.00|77.70|2008-01-29 02:57:16
133333|154026|36927|2506|3718|1847|3|93.00|13.95|2008-01-21 04:44:12
133334|154026|36927|6439|3718|1851|4|124.00|18.60|2008-01-25 04:44:56
133442|154157|40212|7488|8095|1855|4|1524.00|228.60|2008-01-29 06:34:35
133665|154441|33804|10391|1259|1857|2|198.00|29.70|2008-01-31 10:49:38
134018|154870|921|3814|2530|1848|1|266.00|39.90|2008-01-22 05:14:01
134219|155100|26053|5128|2693|1857|1|446.00|66.90|2008-01-31 08:47:14
134414|155363|16601|2272|6189|1851|1|211.00|31.65|2008-01-25 12:53:45
134905|155909|12929|373|5813|1850|2|636.00|95.40|2008-01-24 10:01:35
135060|156058|8410|2971|3283|1841|3|804.00|120.60|2008-01-15 01:11:21
135074|156079|12780|513|4298|1843|4|1864.00|279.60|2008-01-17 01:26:13
135116|156132|25948|12551|1197|1855|4|892.00|133.80|2008-01-29 02:13:41
135463|156495|22035|1243|6696|1838|4|392.00|58.80|2008-01-12 08:52:02
135471|156511|9850|5004|6405|1839|4|404.00|60.60|2008-01-13 09:01:13
135472|156511|9850|14008|6405|1849|2|202.00|30.30|2008-01-23 09:02:14
135521|156564|5469|1977|8432|1846|1|280.00|42.00|2008-01-20 09:52:27
135537|156577|31960|10980|6749|1855|4|1124.00|168.60|2008-01-29 10:13:14
135587|156628|21377|11851|6163|1853|2|70.00|10.50|2008-01-27 11:02:09
135909|157023|35662|4836|7363|1833|1|70.00|10.50|2008-01-07 04:41:40
136131|157235|2132|13993|2871|1856|2|74.00|11.10|2008-01-30 08:43:44
136248|157367|15247|513|5653|1839|4|1928.00|289.20|2008-01-13 10:58:22
136249|157367|15247|2388|5653|1841|2|964.00|144.60|2008-01-15 10:59:23
136707|157890|25415|2224|8292|1843|2|266.00|39.90|2008-01-17 07:08:52
136797|158006|14553|1787|1384|1852|1|373.00|55.95|2008-01-26 08:56:01
136899|158132|33928|3552|3772|1833|4|1680.00|252.00|2008-01-07 10:48:05
136954|158192|48516|8110|463|1847|2|546.00|81.90|2008-01-21 11:34:49
137121|158383|16187|24885|691|1856|1|231.00|34.65|2008-01-30 02:48:45
137246|158551|37240|2501|5557|1853|1|41.00|6.15|2008-01-27 05:14:12
137344|158649|31065|744|73|1850|2|764.00|114.60|2008-01-24 06:50:23
137385|158690|27497|18963|3666|1857|4|628.00|94.20|2008-01-31 07:28:46
137386|158690|27497|16122|3666|1854|1|157.00|23.55|2008-01-28 07:31:08
137387|158690|27497|8601|3666|1845|2|314.00|47.10|2008-01-19 07:31:12
137482|158796|48535|12653|868|1851|1|456.00|68.40|2008-01-25 09:39:29
137579|158915|16403|17087|4654|1851|1|457.00|68.55|2008-01-25 11:31:28
138081|159510|9628|6981|8494|1850|2|152.00|22.80|2008-01-24 09:01:41
138082|159510|9628|4291|8494|1847|3|228.00|34.20|2008-01-21 09:02:18
138083|159510|9628|8979|8494|1852|4|304.00|45.60|2008-01-26 09:02:56
138111|159557|30247|6105|2963|1850|4|132.00|19.80|2008-01-24 09:29:55
138158|159615|7604|15369|7042|1853|4|924.00|138.60|2008-01-27 10:24:14
138159|159615|7604|6146|7042|1842|2|462.00|69.30|2008-01-16 10:27:08
138342|159810|49920|287|6306|1852|4|1948.00|292.20|2008-01-26 02:12:44
138716|160288|41768|301|5263|1856|1|393.00|58.95|2008-01-30 09:22:06
138720|160292|39986|8449|5097|1856|1|179.00|26.85|2008-01-30 09:29:21
138757|160346|19055|21608|4732|1854|1|301.00|45.15|2008-01-28 10:15:15
139693|161441|32517|8002|8184|1852|4|636.00|95.40|2008-01-26 04:44:45
139855|161650|39690|19726|4849|1854|1|435.00|65.25|2008-01-28 08:19:22
140187|162084|4547|7737|7152|1836|2|682.00|102.30|2008-01-10 02:38:47
140293|162201|35868|17793|1348|1848|1|121.00|18.15|2008-01-22 04:25:23
140294|162201|35868|4911|1348|1832|4|484.00|72.60|2008-01-06 04:27:34
140348|162270|46350|2061|6904|1846|1|86.00|12.90|2008-01-20 05:37:06
140349|162270|46350|8995|6904|1854|4|344.00|51.60|2008-01-28 05:37:49
140416|162354|49609|2116|4648|1831|1|178.00|26.70|2008-01-05 06:54:55
140745|162746|14617|5171|181|1836|3|1044.00|156.60|2008-01-10 01:09:25
140746|162746|14617|8734|181|1840|2|696.00|104.40|2008-01-14 01:10:46
140747|162746|14617|2116|181|1832|1|348.00|52.20|2008-01-06 01:11:09
141095|163151|19799|23621|5812|1857|1|419.00|62.85|2008-01-31 07:42:31
141329|163446|49779|14186|452|1845|3|1134.00|170.10|2008-01-19 12:23:10
141331|163446|49779|7794|452|1837|2|756.00|113.40|2008-01-11 12:31:03
141506|163669|42762|1940|6118|1831|1|95.00|14.25|2008-01-05 03:24:34
142340|164688|47420|22258|3236|1857|2|524.00|78.60|2008-01-31 07:26:06
142625|165051|32459|6306|7529|1845|2|392.00|58.80|2008-01-19 01:00:05
142642|165082|5041|6339|1833|1857|1|433.00|64.95|2008-01-31 01:19:31
143078|165620|29983|781|8115|1847|1|86.00|12.90|2008-01-21 10:01:43
143267|165830|42826|1556|926|1851|2|578.00|86.70|2008-01-25 01:19:50
143290|165855|10806|5184|3678|1835|2|344.00|51.60|2008-01-09 01:42:54
143572|166176|48494|4496|3687|1832|2|914.00|137.10|2008-01-06 06:47:20
143586|166189|20321|367|7427|1849|3|1251.00|187.65|2008-01-23 06:58:32
143683|166328|5809|2762|3820|1832|1|451.00|67.65|2008-01-06 08:58:39
143684|166328|5809|13920|3820|1845|3|1353.00|202.95|2008-01-19 08:58:45
143685|166328|5809|22556|3820|1856|2|902.00|135.30|2008-01-30 08:59:31
143839|166525|35604|14311|3468|1852|3|150.00|22.50|2008-01-26 12:00:10
143840|166525|35604|6745|3468|1843|2|100.00|15.00|2008-01-17 12:00:38
144047|166749|1303|21421|7002|1853|3|588.00|88.20|2008-01-27 03:34:00
144048|166749|1303|617|7002|1828|1|196.00|29.40|2008-01-02 03:34:14
144049|166749|1303|13378|7002|1844|2|392.00|58.80|2008-01-18 03:37:05
144055|166755|22806|9868|3446|1845|1|303.00|45.45|2008-01-19 03:42:58
144101|166805|22854|1600|1571|1837|1|453.00|67.95|2008-01-11 04:45:00
144363|167092|44699|9034|6084|1844|1|366.00|54.90|2008-01-18 09:29:15
144379|167117|11722|6824|7843|1854|3|456.00|68.40|2008-01-28 09:56:29
144461|167234|14265|24671|3321|1856|2|366.00|54.90|2008-01-30 11:31:24
144557|167346|10672|9112|1935|1841|2|820.00|123.00|2008-01-15 01:35:12
144558|167346|10672|6203|1935|1838|4|1640.00|246.00|2008-01-12 01:35:13
144706|167508|25263|23325|1429|1855|1|438.00|65.70|2008-01-29 04:29:01
144750|167571|46845|16181|5571|1855|2|542.00|81.30|2008-01-29 05:10:55
144755|167574|40229|8933|7420|1857|2|676.00|101.40|2008-01-31 05:18:27
145125|168023|31322|4916|1929|1857|1|212.00|31.80|2008-01-31 12:11:52
145133|168030|13261|5710|747|1834|4|1948.00|292.20|2008-01-08 12:20:11
145178|168070|47124|562|6515|1831|2|600.00|90.00|2008-01-05 01:01:40
145313|168220|33642|16910|504|1857|2|972.00|145.80|2008-01-31 03:23:20
145733|168754|26580|2636|8518|1857|1|94.00|14.10|2008-01-31 11:42:09
145767|168790|49358|24671|1096|1856|2|348.00|52.20|2008-01-30 12:13:18
145860|168890|7773|9898|605|1857|2|90.00|13.50|2008-01-31 01:49:57
146146|169223|891|11058|3871|1843|2|352.00|52.80|2008-01-17 07:16:52
146147|169223|891|2509|3871|1833|4|704.00|105.60|2008-01-07 07:17:11
146231|169319|9409|4748|8762|1843|2|252.00|37.80|2008-01-17 08:56:19
146259|169351|22226|13390|6604|1856|2|518.00|77.70|2008-01-30 09:37:06
146260|169351|22226|5553|6604|1846|1|259.00|38.85|2008-01-20 09:39:12
146340|169471|8254|9251|8614|1842|4|784.00|117.60|2008-01-16 11:36:30
146341|169471|8254|6998|8614|1839|1|196.00|29.40|2008-01-13 11:37:11
146350|169481|40338|3038|3438|1847|3|246.00|36.90|2008-01-21 11:42:15
146351|169481|40338|2451|3438|1846|1|82.00|12.30|2008-01-20 11:42:28
146352|169481|40338|977|3438|1845|2|164.00|24.60|2008-01-19 11:42:54
146722|169913|24765|7605|1670|1846|2|612.00|91.80|2008-01-20 06:17:39
146723|169913|24765|16070|1670|1856|1|306.00|45.90|2008-01-30 06:19:30
147079|170305|41872|12260|1405|1855|4|176.00|26.40|2008-01-29 12:31:20
147401|170692|1006|3237|2716|1850|2|306.00|45.90|2008-01-24 06:02:47
147513|170814|46916|4293|8325|1832|4|1632.00|244.80|2008-01-06 08:09:00
147835|171154|8153|3925|1348|1846|1|359.00|53.85|2008-01-20 02:45:39
147886|171229|13661|4525|4787|1847|2|66.00|9.90|2008-01-21 03:53:06
148006|171384|30689|17763|4787|1852|2|360.00|54.00|2008-01-26 05:55:28
148141|171546|44986|8068|1197|1855|2|982.00|147.30|2008-01-29 08:37:25
148142|171546|44986|4594|1197|1851|1|491.00|73.65|2008-01-25 08:39:00
148250|171686|35575|9971|649|1852|4|1468.00|220.20|2008-01-26 10:36:11
148368|171838|37430|16308|1259|1850|2|692.00|103.80|2008-01-24 12:50:28
148369|171838|37430|18921|1259|1853|1|346.00|51.90|2008-01-27 12:51:34
148381|171856|9469|2068|5092|1846|2|368.00|55.20|2008-01-20 01:05:46
148530|172052|24786|1351|3759|1830|2|514.00|77.10|2008-01-04 03:50:04
148580|172097|21048|1280|1281|1837|1|407.00|61.05|2008-01-11 04:48:37
149151|172737|43717|14555|2563|1850|2|118.00|17.70|2008-01-24 04:28:10
149152|172737|43717|20677|2563|1857|1|59.00|8.85|2008-01-31 04:29:38
149558|173164|27952|724|7944|1831|1|477.00|71.55|2008-01-05 12:48:37
149559|173164|27952|1725|7944|1833|2|954.00|143.10|2008-01-07 12:48:54
149734|173347|13108|1409|743|1843|1|290.00|43.50|2008-01-17 03:57:22
149735|173347|13108|11308|743|1855|2|580.00|87.00|2008-01-29 03:59:52
149745|173358|3890|15900|3772|1849|1|342.00|51.30|2008-01-23 04:09:51
149746|173358|3890|10742|3772|1842|2|684.00|102.60|2008-01-16 04:09:55
149750|173363|41464|2436|1235|1846|4|1028.00|154.20|2008-01-20 04:17:16
149863|173479|4610|816|3973|1835|2|106.00|15.90|2008-01-09 06:34:35
150048|173684|28370|7413|4754|1848|1|286.00|42.90|2008-01-22 10:49:23
150161|173793|14787|12823|8009|1853|1|24.00|3.60|2008-01-27 12:55:25
150236|173899|15906|2854|730|1839|1|76.00|11.40|2008-01-13 02:22:30
150237|173899|15906|13957|730|1852|2|152.00|22.80|2008-01-26 02:23:33
150255|173917|28289|816|3512|1856|4|392.00|58.80|2008-01-30 02:46:27
150317|173971|36554|502|811|1851|1|292.00|43.80|2008-01-25 03:53:03
150456|174139|7399|3102|5582|1842|2|496.00|74.40|2008-01-16 06:30:21
150604|174320|11747|18635|7002|1852|1|165.00|24.75|2008-01-26 09:05:01
150624|174340|20061|466|5543|1835|1|413.00|61.95|2008-01-09 09:27:39
150642|174353|13036|3435|1668|1836|2|506.00|75.90|2008-01-10 09:51:05
150828|174560|36637|2332|5034|1843|2|228.00|34.20|2008-01-17 01:21:03
150829|174560|36637|7258|5034|1849|1|114.00|17.10|2008-01-23 01:21:29
151018|174798|41899|7944|2978|1854|1|42.00|6.30|2008-01-28 05:00:07
151062|174855|5775|13238|4105|1843|2|872.00|130.80|2008-01-17 06:04:00
151063|174855|5775|2808|4105|1831|1|436.00|65.40|2008-01-05 06:08:06
151076|174869|20152|6042|4901|1839|2|804.00|120.60|2008-01-13 06:25:33
151077|174869|20152|10291|4901|1844|4|1608.00|241.20|2008-01-18 06:26:12
151083|174877|26263|7301|2124|1848|1|360.00|54.00|2008-01-22 06:34:32
151253|175087|49329|305|8490|1855|3|459.00|68.85|2008-01-29 10:03:40
151254|175087|49329|1760|8490|1857|1|153.00|22.95|2008-01-31 10:06:56
151256|175092|37116|4449|4381|1855|4|548.00|82.20|2008-01-29 10:08:55
151262|175104|23563|2232|2067|1831|1|311.00|46.65|2008-01-05 10:12:36
151263|175104|23563|21444|2067|1854|4|1244.00|186.60|2008-01-28 10:14:40
151264|175104|23563|7110|2067|1837|3|933.00|139.95|2008-01-11 10:17:01
151408|175291|34814|1180|6881|1841|1|38.00|5.70|2008-01-15 01:36:28
151409|175291|34814|816|6881|1840|2|76.00|11.40|2008-01-14 01:37:32
151643|175542|47123|188|3111|1853|2|722.00|108.30|2008-01-27 05:49:59
151881|175791|10657|11622|6135|1847|2|726.00|108.90|2008-01-21 10:26:58
152016|175942|15304|5559|4555|1838|2|652.00|97.80|2008-01-12 01:09:20
152017|175942|15304|15046|4555|1850|1|326.00|48.90|2008-01-24 01:09:40
152018|175943|12574|4423|4973|1856|1|75.00|11.25|2008-01-30 01:10:49
152032|175951|13355|1314|7704|1857|2|708.00|106.20|2008-01-31 01:27:28
152233|176170|3792|3079|2343|1851|2|458.00|68.70|2008-01-25 05:42:24
152362|176307|37171|6556|5779|1844|1|273.00|40.95|2008-01-18 08:26:02
152363|176307|37171|5914|5779|1844|2|546.00|81.90|2008-01-18 08:26:14
152447|176396|6856|15575|641|1854|2|244.00|36.60|2008-01-28 10:04:36
152634|176621|37174|13037|2609|1856|2|596.00|89.40|2008-01-30 01:40:41
152918|176972|41413|8967|3598|1842|1|342.00|51.30|2008-01-16 06:32:05
153186|177321|45994|8189|5253|1853|1|185.00|27.75|2008-01-27 12:06:44
153471|177659|12269|18600|5456|1853|2|726.00|108.90|2008-01-27 05:35:15
153579|177779|12509|9430|7965|1856|1|482.00|72.30|2008-01-30 07:28:50
153581|177781|7761|14902|2347|1856|1|245.00|36.75|2008-01-30 07:31:04
153608|177824|4198|13850|5520|1856|4|688.00|103.20|2008-01-30 08:03:11
154181|178497|2947|1404|2577|1830|2|642.00|96.30|2008-01-04 06:19:59
154331|178664|49757|15200|2864|1853|1|98.00|14.70|2008-01-27 08:47:53
154446|178837|24800|11998|1236|1846|1|374.00|56.10|2008-01-20 10:50:19
154806|179217|38997|2639|7008|1849|1|79.00|11.85|2008-01-23 06:03:43
155407|179875|15121|11001|4829|1848|2|672.00|100.80|2008-01-22 04:41:18
155408|179875|15121|4712|4829|1840|1|336.00|50.40|2008-01-14 04:45:12
155513|180004|13646|25654|464|1857|1|429.00|64.35|2008-01-31 06:51:22
155778|180362|7083|11978|2618|1856|1|239.00|35.85|2008-01-30 12:06:43
155780|180362|7083|1604|2618|1843|3|717.00|107.55|2008-01-17 12:09:57
155841|180428|47264|4677|6385|1834|2|910.00|136.50|2008-01-08 01:28:17
155873|180456|11213|3912|773|1843|1|139.00|20.85|2008-01-17 02:06:33
155878|180470|44850|7309|8340|1844|1|107.00|16.05|2008-01-18 02:08:49
156013|180638|43821|7181|1538|1853|2|282.00|42.30|2008-01-27 04:41:50
156327|180964|48765|19364|4791|1857|2|668.00|100.20|2008-01-31 10:17:15
156351|181003|46243|8480|4744|1855|1|490.00|73.50|2008-01-29 10:44:05
156352|181003|46243|6277|4744|1852|2|980.00|147.00|2008-01-26 10:45:24
156618|181322|41858|3466|6808|1842|1|412.00|61.80|2008-01-16 03:45:39
156732|181451|19426|11993|383|1846|2|274.00|41.10|2008-01-20 06:04:39
156733|181451|19426|2633|383|1835|4|548.00|82.20|2008-01-09 06:04:44
156783|205056|24457|1116|3618|1856|1|1083.00|162.45|2008-01-30 07:04:52
156791|205066|41989|2204|4003|1838|2|1478.00|221.70|2008-01-12 07:11:25
156798|205094|13205|1147|7094|1831|2|2338.00|350.70|2008-01-05 07:20:07
156863|205231|35543|8906|8502|1843|2|926.00|138.90|2008-01-17 08:41:55
156867|205252|45762|6210|2693|1842|1|383.00|57.45|2008-01-16 08:46:53
157061|205637|25378|4003|5302|1846|1|872.00|130.80|2008-01-20 12:09:17
157183|205864|18950|6006|1794|1847|2|3642.00|546.30|2008-01-21 02:24:25
157238|205976|4602|8444|8221|1852|2|4966.00|744.90|2008-01-26 03:21:17
157352|206204|301|9831|697|1857|4|2512.00|376.80|2008-01-31 05:21:14
157425|206356|13036|484|2071|1833|4|1456.00|218.40|2008-01-07 06:58:16
157455|206408|16257|943|8009|1848|2|4268.00|640.20|2008-01-22 07:34:20
157546|206577|10682|5269|1197|1856|4|8532.00|1279.80|2008-01-30 09:15:04
157757|207007|35553|713|8432|1839|2|3436.00|515.40|2008-01-13 12:57:46
157758|207007|35553|1382|8432|1840|1|1718.00|257.70|2008-01-14 12:57:49
158405|208343|6614|5592|4107|1855|1|1735.00|260.25|2008-01-29 01:30:48
158482|208491|23730|6811|5743|1853|2|2424.00|363.60|2008-01-27 03:10:17
158679|208909|35070|2400|2095|1840|1|1486.00|222.90|2008-01-14 06:50:53
159057|209630|2374|10877|4344|1857|1|1990.00|298.50|2008-01-31 01:50:44
159728|211325|26866|9687|5043|1857|1|1871.00|280.65|2008-01-31 03:42:22
160004|211828|22328|3437|7928|1850|2|1648.00|247.20|2008-01-24 09:12:10
160096|211997|37521|4556|597|1847|1|1838.00|275.70|2008-01-21 10:58:23
160232|212265|33754|86|5985|1857|2|3486.00|522.90|2008-01-31 01:33:08
160236|212267|10935|2517|4458|1854|1|1865.00|279.75|2008-01-28 01:36:39
160242|212275|28783|2846|7430|1843|1|1365.00|204.75|2008-01-17 01:41:31
160622|212999|3035|11529|6884|1853|1|1756.00|263.40|2008-01-27 08:36:46
160707|213154|16491|10297|7460|1853|1|1689.00|253.35|2008-01-27 10:14:18
160708|213154|16491|13324|7460|1856|2|3378.00|506.70|2008-01-30 10:14:26
160880|213465|9697|447|2526|1836|4|5840.00|876.00|2008-01-10 01:25:12
160950|213603|76|966|159|1840|1|687.00|103.05|2008-01-14 03:10:07
160951|213603|76|14639|159|1856|2|1374.00|206.10|2008-01-30 03:11:25
161013|213732|27184|10110|3821|1844|1|2103.00|315.45|2008-01-18 04:19:05
161189|214103|37047|4550|6364|1832|1|1783.00|267.45|2008-01-06 07:31:55
161481|214616|21195|1212|5591|1856|1|604.00|90.60|2008-01-30 01:13:04
161492|214656|2107|13695|8703|1854|2|4054.00|608.10|2008-01-28 01:34:46
161689|215069|31888|13016|1281|1842|2|3356.00|503.40|2008-01-16 05:41:10
162249|216135|23573|14144|5980|1857|2|1318.00|197.70|2008-01-31 04:16:28
162250|216135|23573|10753|5980|1853|4|2636.00|395.40|2008-01-27 04:18:04
162463|216510|13565|7949|4353|1844|4|8148.00|1222.20|2008-01-18 08:26:30
162464|216510|13565|4551|4353|1840|1|2037.00|305.55|2008-01-14 08:26:53
162573|216687|44670|7170|7119|1847|1|2038.00|305.70|2008-01-21 10:54:52
162717|216950|43074|21890|6302|1855|2|4146.00|621.90|2008-01-29 01:38:18
162855|217179|35759|10493|7094|1852|2|3962.00|594.30|2008-01-26 04:10:59
162894|217278|33296|4711|6680|1840|2|794.00|119.10|2008-01-14 05:00:17
162896|217278|33296|16444|6680|1854|4|1588.00|238.20|2008-01-28 05:01:33
162996|217503|15059|21890|3754|1857|2|2180.00|327.00|2008-01-31 07:01:21
163075|217652|23008|6035|7595|1855|4|9376.00|1406.40|2008-01-29 08:21:39
163090|217691|816|20855|6032|1855|1|2226.00|333.90|2008-01-29 08:33:45
163091|217691|816|1093|6032|1831|4|8904.00|1335.60|2008-01-05 08:34:01
163427|218267|23999|6665|1274|1846|1|2093.00|313.95|2008-01-20 02:56:13
163555|218512|33158|3493|1815|1835|2|2128.00|319.20|2008-01-09 04:59:12
163556|218512|33158|9278|1815|1842|4|4256.00|638.40|2008-01-16 05:00:12
163596|218582|3340|22099|7095|1856|2|2330.00|349.50|2008-01-30 06:02:45
163597|218582|3340|16006|7095|1849|1|1165.00|174.75|2008-01-23 06:03:05
163619|218644|27335|5105|7246|1846|2|2122.00|318.30|2008-01-20 06:19:30
163705|218786|12126|20116|5598|1853|1|426.00|63.90|2008-01-27 07:42:05
163867|219079|3881|3380|6118|1836|2|4536.00|680.40|2008-01-10 10:41:26
163868|219079|3881|3651|6118|1836|1|2268.00|340.20|2008-01-10 10:42:37
164227|219719|7586|5007|4650|1843|2|4712.00|706.80|2008-01-17 05:26:14
164391|220044|49|16006|8115|1849|1|2343.00|351.45|2008-01-23 08:43:38
164392|220044|49|13285|8115|1845|2|4686.00|702.90|2008-01-19 08:46:32
164414|220077|28909|13530|6162|1849|1|478.00|71.70|2008-01-23 09:10:58
164439|220110|12228|6543|3223|1854|2|3958.00|593.70|2008-01-28 09:44:32
164513|220241|24447|8823|8583|1845|2|4308.00|646.20|2008-01-19 11:04:47
164570|220364|8122|22099|7987|1857|2|4606.00|690.90|2008-01-31 12:04:10
164571|220364|8122|15214|7987|1849|1|2303.00|345.45|2008-01-23 12:04:31
164588|220408|20001|4983|2814|1855|1|1992.00|298.80|2008-01-29 12:22:59
164589|220410|31606|9392|2121|1848|2|3626.00|543.90|2008-01-22 12:23:40
164590|220410|31606|4333|2121|1842|1|1813.00|271.95|2008-01-16 12:25:13
164672|220591|4783|13633|7965|1843|1|2035.00|305.25|2008-01-17 02:12:07
164673|220591|4783|16871|7965|1847|2|4070.00|610.50|2008-01-21 02:12:46
164893|221005|47205|4751|3919|1846|1|869.00|130.35|2008-01-20 06:23:56
165417|221950|40315|6699|4691|1855|1|1413.00|211.95|2008-01-29 04:04:39
165428|221988|27065|8164|6719|1847|2|3736.00|560.40|2008-01-21 04:13:47
165454|222067|36926|9421|7673|1853|2|2862.00|429.30|2008-01-27 04:53:42
165890|222879|2186|664|6870|1827|2|4192.00|628.80|2008-01-01 12:59:34
165891|222879|2186|16830|6870|1847|1|2096.00|314.40|2008-01-21 01:01:09
165947|222982|38189|1516|1786|1834|4|3184.00|477.60|2008-01-08 02:08:05
165985|223035|12040|2240|351|1856|1|639.00|95.85|2008-01-30 02:52:15
166131|223367|17844|17943|7380|1853|2|4992.00|748.80|2008-01-27 05:37:52
166138|223384|10383|14803|2192|1851|4|3548.00|532.20|2008-01-25 05:46:12
166139|223384|10383|16426|2192|1853|1|887.00|133.05|2008-01-27 05:46:45
166190|223472|14624|9921|3098|1846|1|2490.00|373.50|2008-01-20 07:00:31
166280|223645|6245|10089|1708|1847|2|2984.00|447.60|2008-01-21 08:48:58
167087|225204|19978|6960|8238|1850|4|9636.00|1445.40|2008-01-24 11:59:01
167244|225533|23072|2129|159|1832|2|760.00|114.00|2008-01-06 02:57:51
167302|225651|41573|6673|3315|1854|2|2216.00|332.40|2008-01-28 03:59:09
167361|225756|41132|14491|7731|1852|1|698.00|104.70|2008-01-26 04:55:27
167362|225756|41132|9726|7731|1846|2|1396.00|209.40|2008-01-20 04:56:27
167419|225884|9084|3803|4124|1838|3|7419.00|1112.85|2008-01-12 05:55:13
167420|225884|9084|1633|4124|1835|2|4946.00|741.90|2008-01-09 05:57:45
167421|225884|9084|11570|4124|1847|1|2473.00|370.95|2008-01-21 06:00:46
168403|227750|40680|2420|777|1830|1|644.00|96.60|2008-01-04 02:07:57
168691|228351|44239|2912|7206|1832|3|6687.00|1003.05|2008-01-06 08:21:47
168919|228744|10440|7805|8534|1851|2|1930.00|289.50|2008-01-25 01:06:21
168920|228744|10440|1378|8534|1843|1|965.00|144.75|2008-01-17 01:07:49
169022|228958|26351|4265|2060|1839|2|3100.00|465.00|2008-01-13 03:15:14
169337|229526|37365|13095|2726|1851|2|4390.00|658.50|2008-01-25 09:45:40
169666|230166|11046|170|5065|1852|1|2350.00|352.50|2008-01-26 03:36:41
169668|230169|40151|4102|7074|1849|1|924.00|138.60|2008-01-23 03:37:53
169669|230169|40151|13|7074|1845|2|1848.00|277.20|2008-01-19 03:39:15
169767|230393|47609|384|4233|1854|1|1538.00|230.70|2008-01-28 05:52:10
170013|230856|5017|11859|2209|1842|2|3880.00|582.00|2008-01-16 10:35:48
170422|231620|5057|3989|2350|1850|3|3339.00|500.85|2008-01-24 01:11:02
170528|231833|18850|6287|834|1834|2|3602.00|540.30|2008-01-08 01:14:54
170619|232026|4930|5821|2465|1848|1|449.00|67.35|2008-01-22 01:18:31
170698|232163|8531|13650|1049|1857|1|608.00|91.20|2008-01-31 01:21:52
171011|232743|37351|4315|2004|1836|1|477.00|71.55|2008-01-10 01:33:22
171037|232788|849|989|7235|1832|1|2438.00|365.70|2008-01-06 01:34:12
171110|232956|2875|9865|1563|1847|2|2372.00|355.80|2008-01-21 01:37:25
171253|233230|6998|15200|1259|1851|2|1408.00|211.20|2008-01-25 01:42:35
171254|233230|6998|13500|1259|1849|4|2816.00|422.40|2008-01-23 01:42:39
171255|233230|6998|15289|1259|1851|1|704.00|105.60|2008-01-25 01:42:44
171447|233640|17326|2477|5829|1840|2|1424.00|213.60|2008-01-14 01:49:52
171448|233640|17326|10912|5829|1851|1|712.00|106.80|2008-01-25 01:49:55
171516|233775|9073|699|2157|1857|1|1175.00|176.25|2008-01-31 01:52:16
171663|234067|1320|14405|5676|1857|1|732.00|109.80|2008-01-31 01:57:47
171775|234252|2747|2477|2063|1832|1|1830.00|274.50|2008-01-06 02:02:21
172076|234740|40876|1345|1174|1849|1|834.00|125.10|2008-01-23 02:13:05
