25|23|4820|5223|7116|1839|2|258.00|38.70|2008-01-13 11:14:10
558|562|19717|4223|1096|1850|2|256.00|38.40|2008-01-24 01:47:48
566|569|42043|1932|1805|1849|4|308.00|46.20|2008-01-23 02:41:24
932|942|20265|16479|464|1849|1|151.00|22.65|2008-01-23 03:10:56
1074|1092|13787|4555|6513|1838|4|556.00|83.40|2008-01-12 03:39:52
1075|1092|13787|729|6513|1833|1|139.00|20.85|2008-01-07 03:42:08
1076|1092|13787|12415|6513|1847|2|278.00|41.70|2008-01-21 03:42:21
1084|1116|17852|6569|1745|1840|2|302.00|45.30|2008-01-14 04:35:35
1085|1116|17852|15267|1745|1851|1|151.00|22.65|2008-01-25 04:42:32
1199|1249|41506|6273|1953|1847|1|248.00|37.20|2008-01-21 12:46:25
1922|2067|27144|17699|6977|1849|1|247.00|37.05|2008-01-23 01:09:04
1923|2067|27144|21128|6977|1853|4|988.00|148.20|2008-01-27 01:10:47
1924|2067|27144|256|6977|1828|2|494.00|74.10|2008-01-02 01:11:16
2060|2208|3127|7856|1553|1841|1|154.00|23.10|2008-01-15 09:16:24
2116|2263|41085|1121|1020|1843|4|256.00|38.40|2008-01-17 01:07:02
2329|2499|287|14070|4415|1845|3|711.00|106.65|2008-01-19 12:20:54
2522|2697|42297|1639|8345|1851|2|100.00|15.00|2008-01-25 10:46:01
2697|2904|10412|814|3228|1829|4|464.00|69.60|2008-01-03 06:23:46
2873|3071|25287|2605|4849|1833|2|322.00|48.30|2008-01-07 03:38:31
2991|3191|38488|17025|3497|1855|2|318.00|47.70|2008-01-29 08:35:03
2992|3191|38488|8303|3497|1844|1|159.00|23.85|2008-01-18 08:37:22
3005|3200|8684|14727|5863|1848|1|151.00|22.65|2008-01-22 09:27:45
3026|3223|20932|2956|8296|1856|2|104.00|15.60|2008-01-30 10:08:50
3815|4111|49864|1736|7002|1844|1|169.00|25.35|2008-01-18 08:03:41
3816|4114|38277|4375|4643|1849|2|52.00|7.80|2008-01-23 08:05:23
3965|4271|26116|3996|2517|1841|2|310.00|46.50|2008-01-15 01:47:35
3972|4280|18174|6303|7330|1850|1|48.00|7.20|2008-01-24 02:07:01
3981|4283|30267|7862|2814|1857|1|60.00|9.00|2008-01-31 02:18:18
4258|4590|21257|17146|3188|1856|4|400.00|60.00|2008-01-30 01:56:04
4445|4790|29547|1552|4078|1853|2|366.00|54.90|2008-01-27 09:01:07
4518|4863|3143|5046|8614|1849|2|448.00|67.20|2008-01-23 11:24:35
4519|4863|3143|10533|8614|1855|1|224.00|33.60|2008-01-29 11:25:19
4725|5092|32275|658|5596|1852|1|232.00|34.80|2008-01-26 06:53:46
4978|5328|12531|13631|759|1852|2|436.00|65.40|2008-01-26 04:19:26
5332|5736|32170|13431|1221|1843|1|221.00|33.15|2008-01-17 04:22:33
5333|5736|32170|12039|1221|1841|2|442.00|66.30|2008-01-15 04:23:05
5609|6060|5882|9580|4973|1857|1|195.00|29.25|2008-01-31 01:58:44
5610|6060|5882|2025|4973|1848|3|585.00|87.75|2008-01-22 01:59:23
5611|6060|5882|7409|4973|1854|2|390.00|58.50|2008-01-28 02:02:11
5674|6128|12582|864|6807|1842|4|284.00|42.60|2008-01-16 03:44:29
5778|6282|36948|8356|6641|1850|2|290.00|43.50|2008-01-24 07:15:46
5953|6479|5902|4482|6028|1833|1|153.00|22.95|2008-01-07 01:21:15
5954|6479|5902|21972|6028|1854|2|306.00|45.90|2008-01-28 01:21:38
6056|6582|24101|16184|2294|1854|1|72.00|10.80|2008-01-28 05:10:27
6057|6582|24101|15875|2294|1854|3|216.00|32.40|2008-01-28 05:13:10
6202|6736|33075|4506|461|1835|1|186.00|27.90|2008-01-09 10:00:20
6705|7297|2945|10474|2474|1855|2|344.00|51.60|2008-01-29 03:26:36
7002|7602|32350|6197|2530|1846|1|152.00|22.80|2008-01-20 01:25:50
7003|7602|32350|7859|2530|1848|2|304.00|45.60|2008-01-22 01:27:04
7004|7602|32350|8119|2530|1848|3|456.00|68.40|2008-01-22 01:28:26
7038|7642|42117|7719|3158|1849|4|516.00|77.40|2008-01-23 02:41:05
7246|7843|3097|7143|2709|1848|1|39.00|5.85|2008-01-22 08:51:13
7247|7843|3097|2791|2709|1843|2|78.00|11.70|2008-01-17 08:51:28
7248|7843|3097|14119|2709|1856|3|117.00|17.55|2008-01-30 08:52:34
7366|7984|4523|304|48|1852|4|500.00|75.00|2008-01-26 12:16:23
7679|8302|7214|5072|1237|1853|1|153.00|22.95|2008-01-27 09:45:56
7680|8302|7214|2973|1237|1850|2|306.00|45.90|2008-01-24 09:46:03
8158|8767|20063|1751|1584|1846|1|73.00|10.95|2008-01-20 12:39:05
8315|8930|7914|7352|1632|1841|2|156.00|23.40|2008-01-15 05:15:50
8324|8942|23600|4471|2557|1832|1|105.00|15.75|2008-01-06 05:26:39
8325|8942|23600|1078|2557|1828|5|525.00|78.75|2008-01-02 05:27:54
8632|9313|38600|3613|8052|1850|2|242.00|36.30|2008-01-24 01:49:24
8724|9411|8565|17104|4568|1857|2|162.00|24.30|2008-01-31 04:27:15
8725|9411|8565|2600|4568|1840|1|81.00|12.15|2008-01-14 04:27:43
8851|9553|618|7352|2723|1839|1|64.00|9.60|2008-01-13 07:29:59
9057|9776|15791|2433|980|1853|2|498.00|74.70|2008-01-27 12:51:16
9138|9876|21944|19577|1670|1855|4|704.00|105.60|2008-01-29 03:11:52
9140|9876|21944|13378|1670|1848|1|176.00|26.40|2008-01-22 03:16:38
9244|10016|40811|1709|5325|1841|2|64.00|9.60|2008-01-15 05:52:58
9342|10121|24808|1451|1274|1848|1|83.00|12.45|2008-01-22 08:23:08
9832|10681|32908|9652|1488|1850|2|346.00|51.90|2008-01-24 08:52:06
10586|11513|4918|3103|3974|1844|1|238.00|35.70|2008-01-18 03:39:52
10745|11671|31780|4032|5931|1841|4|124.00|18.60|2008-01-15 07:55:32
10886|11810|15400|1055|6748|1840|1|33.00|4.95|2008-01-14 11:47:03
10977|11904|24740|11109|6900|1848|1|168.00|25.20|2008-01-22 02:22:47
11100|12046|29859|97|8182|1831|2|418.00|62.70|2008-01-05 05:26:46
11152|12103|32551|20637|5957|1857|2|480.00|72.00|2008-01-31 06:33:35
11153|12103|32551|7411|5957|1841|1|240.00|36.00|2008-01-15 06:35:25
11559|12510|1618|10378|2954|1840|2|254.00|38.10|2008-01-14 04:45:56
11624|12575|48648|13903|5092|1851|2|410.00|61.50|2008-01-25 06:09:09
11631|12583|4854|18912|2508|1857|1|242.00|36.30|2008-01-31 06:15:40
12021|13004|12907|5122|6884|1840|4|300.00|45.00|2008-01-14 03:22:43
12057|13034|35408|2163|2693|1855|4|280.00|42.00|2008-01-29 04:16:44
12118|13091|21688|820|6807|1830|2|54.00|8.10|2008-01-04 05:42:09
12833|13835|43441|10780|3759|1854|1|119.00|17.85|2008-01-28 10:01:48
12834|13835|43441|4236|3759|1847|2|238.00|35.70|2008-01-21 10:03:39
13194|14255|49343|5421|7024|1856|2|256.00|38.40|2008-01-30 06:05:29
13214|14276|2760|1105|1641|1836|2|94.00|14.10|2008-01-10 06:33:05
13215|14276|2760|6184|1641|1842|1|47.00|7.05|2008-01-16 06:33:49
13335|14414|14258|7259|2963|1839|2|352.00|52.80|2008-01-13 09:38:52
13388|14501|25696|8564|3474|1844|2|376.00|56.40|2008-01-18 10:51:59
13389|14502|18165|14832|2285|1850|1|120.00|18.00|2008-01-24 10:53:18
13390|14502|18165|4397|2285|1838|2|240.00|36.00|2008-01-12 10:55:10
13441|14539|49827|22091|6419|1855|2|354.00|53.10|2008-01-29 11:50:11
14358|15531|14270|11645|4888|1855|1|189.00|28.35|2008-01-29 07:57:25
14359|15531|14270|11180|4888|1855|2|378.00|56.70|2008-01-29 07:57:35
14622|15808|41492|6461|4420|1848|2|304.00|45.60|2008-01-22 01:45:26
14758|15950|26758|2975|1317|1847|4|796.00|119.40|2008-01-21 04:41:03
14768|15961|26887|2432|95|1856|1|196.00|29.40|2008-01-30 04:51:24
14937|16179|1708|4610|2541|1838|2|238.00|35.70|2008-01-12 08:39:52
15047|16309|17771|14724|1480|1847|2|270.00|40.50|2008-01-21 11:14:13
15073|16322|41448|11756|2468|1850|2|440.00|66.00|2008-01-24 11:48:04
15074|16322|41448|10001|2468|1848|3|660.00|99.00|2008-01-22 11:49:29
15535|16810|20350|2952|3163|1856|1|76.00|11.40|2008-01-30 09:33:59
16048|17336|15952|4459|2665|1837|1|40.00|6.00|2008-01-11 08:31:51
16297|17634|25076|12687|3195|1842|2|288.00|43.20|2008-01-16 01:48:02
16315|17650|15868|3042|5688|1856|1|177.00|26.55|2008-01-30 02:07:36
16452|17798|15716|11508|4077|1848|2|252.00|37.80|2008-01-22 04:50:08
16787|18149|15281|2701|6159|1843|2|222.00|33.30|2008-01-17 11:37:56
17055|18441|26069|8451|3596|1852|4|548.00|82.20|2008-01-26 05:37:59
17526|19012|653|1269|7673|1834|4|144.00|21.60|2008-01-08 02:27:32
17528|19012|653|7896|7673|1842|1|36.00|5.40|2008-01-16 02:29:17
17939|19431|4015|2725|942|1841|4|508.00|76.20|2008-01-15 10:39:47
17940|19431|4015|2799|942|1841|1|127.00|19.05|2008-01-15 10:40:49
17941|19431|4015|3331|942|1841|2|254.00|38.10|2008-01-15 10:44:24
18007|19503|3080|8445|8649|1842|1|104.00|15.60|2008-01-16 11:59:55
18059|19567|37673|4856|1326|1843|1|60.00|9.00|2008-01-17 12:50:31
18060|19567|37673|8077|1326|1847|2|120.00|18.00|2008-01-21 12:53:02
18138|19638|29296|4668|6627|1856|1|95.00|14.25|2008-01-30 02:08:38
18786|20363|4684|4089|3139|1850|1|212.00|31.80|2008-01-24 02:23:51
18842|20428|46831|5440|3228|1845|1|26.00|3.90|2008-01-19 03:41:33
18843|20428|46831|6736|3228|1847|4|104.00|15.60|2008-01-21 03:42:30
19595|21238|699|7239|934|1848|2|132.00|19.80|2008-01-22 06:11:59
19596|21238|699|13116|934|1855|1|66.00|9.90|2008-01-29 06:12:30
19678|21322|11633|2452|7029|1856|4|776.00|116.40|2008-01-30 07:28:06
19718|21354|37947|283|3776|1831|2|418.00|62.70|2008-01-05 08:11:59
19719|21354|37947|4189|3776|1836|1|209.00|31.35|2008-01-10 08:12:11
19877|21504|15484|4354|3837|1833|2|136.00|20.40|2008-01-07 11:21:46
19986|21647|49296|3393|3828|1844|3|558.00|83.70|2008-01-18 01:25:44
20289|21993|34137|511|8481|1844|2|58.00|8.70|2008-01-18 06:50:21
20374|22083|43063|9945|3509|1842|1|32.00|4.80|2008-01-16 08:31:08
20435|22168|15869|7958|8179|1841|2|334.00|50.10|2008-01-15 09:38:38
20763|22583|24031|13846|1044|1843|4|624.00|93.60|2008-01-17 03:39:24
21138|23021|13174|19881|302|1854|1|53.00|7.95|2008-01-28 10:32:36
21320|23248|25153|25013|8186|1857|3|675.00|101.25|2008-01-31 02:17:07
21341|23268|24221|10023|2563|1854|2|104.00|15.60|2008-01-28 02:37:49
21454|23374|46553|20319|4113|1854|3|381.00|57.15|2008-01-28 04:46:45
21488|23415|6480|14060|6163|1856|2|134.00|20.10|2008-01-30 05:36:27
21881|23781|3482|970|771|1840|2|322.00|48.30|2008-01-14 12:54:58
21883|23781|3482|3696|771|1843|4|644.00|96.60|2008-01-17 12:56:49
21886|23784|10661|14799|4735|1846|1|175.00|26.25|2008-01-20 01:00:03
22014|23918|967|18605|42|1853|3|192.00|28.80|2008-01-27 03:22:31
22234|24122|37466|9212|5125|1854|1|93.00|13.95|2008-01-28 07:41:16
22397|24299|39291|18861|3228|1852|2|358.00|53.70|2008-01-26 10:39:40
22398|24299|39291|9902|3228|1841|1|179.00|26.85|2008-01-15 10:39:52
22399|24299|39291|17814|3228|1851|4|716.00|107.40|2008-01-25 10:40:05
22595|24543|2133|11885|3180|1849|2|196.00|29.40|2008-01-23 01:46:53
22787|24767|24850|644|3136|1837|2|372.00|55.80|2008-01-11 05:25:10
22862|24865|14336|114|5243|1841|1|84.00|12.60|2008-01-15 06:47:01
22863|24865|14336|4930|5243|1846|4|336.00|50.40|2008-01-20 06:48:14
22867|24868|10710|2843|7306|1847|2|218.00|32.70|2008-01-21 06:51:36
23060|25118|47861|2683|6442|1835|2|64.00|9.60|2008-01-09 10:31:39
23090|25150|12505|398|2432|1830|1|154.00|23.10|2008-01-04 11:09:05
23121|25187|3555|6028|581|1840|1|62.00|9.30|2008-01-14 11:37:24
23456|25618|25541|1281|42|1835|1|158.00|23.70|2008-01-09 05:51:59
23665|25863|29340|4594|4480|1839|1|62.00|9.30|2008-01-13 09:34:21
23747|25971|40538|1460|8697|1849|2|344.00|51.60|2008-01-23 11:02:51
23776|26017|22372|3959|7330|1850|4|184.00|27.60|2008-01-24 11:24:03
23783|26024|3630|2991|6717|1850|2|218.00|32.70|2008-01-24 11:30:22
23893|26135|29688|14700|2023|1853|1|78.00|11.70|2008-01-27 01:43:41
24492|26827|4500|23069|2665|1856|1|130.00|19.50|2008-01-30 01:18:59
24493|26827|4500|6590|2665|1836|4|520.00|78.00|2008-01-10 01:19:14
24494|26827|4500|19119|2665|1851|2|260.00|39.00|2008-01-25 01:22:58
24532|26866|14373|6859|8490|1835|2|390.00|58.50|2008-01-09 01:59:20
24533|26870|26451|13300|5456|1855|1|148.00|22.20|2008-01-29 02:01:30
24713|27098|11546|12447|3993|1857|4|88.00|13.20|2008-01-31 05:17:47
25086|27474|13400|15879|1553|1854|3|189.00|28.35|2008-01-28 12:18:50
25308|27692|42688|2497|4224|1854|4|632.00|94.80|2008-01-28 04:40:27
25318|27707|28924|5335|5459|1854|1|238.00|35.70|2008-01-28 04:58:41
25414|27829|6865|2204|6739|1838|1|240.00|36.00|2008-01-12 06:39:15
25648|28067|15131|466|8328|1836|4|260.00|39.00|2008-01-10 11:28:39
25649|28067|15131|11658|8328|1849|1|65.00|9.75|2008-01-23 11:29:29
25650|28067|15131|9268|8328|1847|2|130.00|19.50|2008-01-21 11:29:31
25668|28089|12500|509|6086|1834|2|52.00|7.80|2008-01-08 11:54:59
25669|28089|12500|11395|6086|1847|1|26.00|3.90|2008-01-21 11:55:34
25675|28100|32824|8789|4324|1848|1|101.00|15.15|2008-01-22 12:03:03
26199|28606|33157|3325|2360|1851|2|338.00|50.70|2008-01-25 10:12:24
26209|28622|26381|15642|8432|1848|4|372.00|55.80|2008-01-22 10:27:11
26210|28622|26381|14728|8432|1847|2|186.00|27.90|2008-01-21 10:27:13
26484|28899|26353|18328|2205|1852|2|238.00|35.70|2008-01-26 03:50:03
26495|28906|24056|1600|4766|1842|1|194.00|29.10|2008-01-16 04:04:43
26774|29193|3892|5624|397|1847|2|210.00|31.50|2008-01-21 09:55:54
26884|29311|19636|1646|8518|1846|4|748.00|112.20|2008-01-20 11:48:00
27168|29629|36529|15898|1085|1852|1|200.00|30.00|2008-01-26 05:13:39
27236|29706|35432|11555|6863|1853|1|201.00|30.15|2008-01-27 06:39:51
27295|29759|4020|1151|633|1855|1|62.00|9.30|2008-01-29 07:32:06
27364|29835|31894|2819|4325|1831|1|92.00|13.80|2008-01-05 08:49:40
27581|30086|11279|9771|2922|1842|3|699.00|104.85|2008-01-16 01:11:09
27582|30086|11279|14448|2922|1848|2|466.00|69.90|2008-01-22 01:11:23
27987|30538|36731|2881|6583|1848|1|158.00|23.70|2008-01-22 08:53:42
28257|30829|18598|3465|3283|1835|2|686.00|102.90|2008-01-09 02:12:54
28258|30829|18598|14316|3283|1848|1|343.00|51.45|2008-01-22 02:13:00
28259|30829|18598|20016|3283|1855|4|1372.00|205.80|2008-01-29 02:13:05
28356|30956|43708|3448|1606|1849|4|1092.00|163.80|2008-01-23 03:39:28
28427|31042|28542|730|5011|1854|2|422.00|63.30|2008-01-28 04:50:19
28491|31114|32892|8295|3546|1849|1|278.00|41.70|2008-01-23 06:10:18
28492|31114|32892|2068|3546|1842|2|556.00|83.40|2008-01-16 06:10:56
28493|31115|31846|112|2668|1845|1|334.00|50.10|2008-01-19 06:11:11
28801|31494|1955|8958|8429|1850|1|288.00|43.20|2008-01-24 12:23:59
28895|31618|39758|10244|115|1841|2|468.00|70.20|2008-01-15 02:15:50
28908|31641|8457|12647|3724|1849|2|676.00|101.40|2008-01-23 02:29:04
29077|31842|40253|8691|3255|1849|1|218.00|32.70|2008-01-23 05:33:54
29078|31842|40253|7950|3255|1848|3|654.00|98.10|2008-01-22 05:34:27
29118|31884|10471|4414|4077|1835|4|716.00|107.40|2008-01-09 06:24:08
29119|31884|10471|5322|4077|1836|3|537.00|80.55|2008-01-10 06:27:39
29235|32014|3228|12259|1281|1851|2|542.00|81.30|2008-01-25 08:43:09
29482|32315|30980|1919|6386|1856|1|260.00|39.00|2008-01-30 01:21:15
30745|33823|47514|2346|3074|1835|2|256.00|38.40|2008-01-09 01:26:50
30746|33823|47514|18825|3074|1855|1|128.00|19.20|2008-01-29 01:27:03
30747|33823|47514|12979|3074|1848|4|512.00|76.80|2008-01-22 01:28:28
30754|33831|46058|814|1977|1841|1|326.00|48.90|2008-01-15 01:32:46
30985|34117|24686|11504|3821|1855|2|654.00|98.10|2008-01-29 05:36:29
31127|34284|46491|199|3828|1849|2|376.00|56.40|2008-01-23 08:14:58
31543|34812|44729|6330|8368|1834|2|104.00|15.60|2008-01-08 04:29:48
31694|34984|25801|3340|3999|1847|4|1200.00|180.00|2008-01-21 07:08:36
31714|35016|45828|11156|4499|1850|2|578.00|86.70|2008-01-24 07:25:55
31794|35114|24535|3320|4221|1848|1|313.00|46.95|2008-01-22 09:07:41
31795|35114|24535|2899|4221|1848|2|626.00|93.90|2008-01-22 09:10:27
31838|35167|13044|17148|2436|1852|1|73.00|10.95|2008-01-26 10:03:48
31915|35258|45960|3023|7686|1832|1|248.00|37.20|2008-01-06 11:31:16
31947|35294|47091|11285|4423|1856|1|97.00|14.55|2008-01-30 11:58:51
32180|35580|24763|9234|8177|1857|2|460.00|69.00|2008-01-31 03:58:00
32331|35769|44505|12559|6604|1853|4|940.00|141.00|2008-01-27 06:51:52
32336|35778|21357|10936|1755|1851|1|40.00|6.00|2008-01-25 06:55:24
32337|35778|21357|7394|1755|1846|4|160.00|24.00|2008-01-20 06:56:14
32348|35788|39934|6743|2570|1841|2|56.00|8.40|2008-01-15 07:11:09
32349|35788|39934|10218|2570|1845|4|112.00|16.80|2008-01-19 07:11:24
32584|36012|43871|4447|8282|1853|2|182.00|27.30|2008-01-27 12:00:55
32639|36063|27489|5319|1976|1845|1|227.00|34.05|2008-01-19 12:49:05
32654|36075|2617|9154|4982|1839|4|860.00|129.00|2008-01-13 01:11:07
32733|36170|14408|313|2265|1837|4|1284.00|192.60|2008-01-11 02:46:00
33213|36687|13444|1666|1330|1841|2|486.00|72.90|2008-01-15 12:04:33
33214|36687|13444|7293|1330|1848|3|729.00|109.35|2008-01-22 12:05:42
33430|36942|6092|1204|4525|1837|1|120.00|18.00|2008-01-11 04:00:32
33431|36942|6092|15023|4525|1854|4|480.00|72.00|2008-01-28 04:04:20
33558|37090|43817|8956|8328|1838|2|306.00|45.90|2008-01-12 06:19:31
33559|37090|43817|21908|8328|1854|1|153.00|22.95|2008-01-28 06:20:00
33618|37160|29131|15475|4627|1854|2|350.00|52.50|2008-01-28 07:34:37
33628|37172|45752|5402|7997|1833|1|226.00|33.90|2008-01-07 07:49:09
33629|37172|45752|11066|7997|1840|2|452.00|67.80|2008-01-14 07:50:40
33806|37393|40618|1866|866|1847|4|624.00|93.60|2008-01-21 10:37:04
33983|37588|25145|4256|7094|1848|1|159.00|23.85|2008-01-22 01:39:19
34055|37673|19472|11840|5355|1841|1|121.00|18.15|2008-01-15 03:00:01
34056|37673|19472|13217|5355|1842|2|242.00|36.30|2008-01-16 03:00:23
34057|37673|19472|25231|5355|1857|4|484.00|72.60|2008-01-31 03:00:35
34294|37959|22766|53|8113|1841|1|139.00|20.85|2008-01-15 07:04:58
34427|38120|7795|1730|6719|1844|2|496.00|74.40|2008-01-18 09:47:12
34440|38134|47423|3355|750|1852|1|311.00|46.65|2008-01-26 10:00:15
34526|38255|14033|12259|4910|1845|2|182.00|27.30|2008-01-19 11:49:14
34781|38549|36839|5056|8471|1836|2|674.00|101.10|2008-01-10 04:46:20
35101|38911|18537|7061|8043|1856|2|354.00|53.10|2008-01-30 10:57:26
36092|40163|25778|1985|6086|1845|2|158.00|23.70|2008-01-19 06:44:49
36206|40311|31279|12572|878|1856|1|289.00|43.35|2008-01-30 08:52:52
36207|40311|31279|7957|878|1850|2|578.00|86.70|2008-01-24 08:53:32
36721|40858|29043|12524|3091|1852|1|169.00|25.35|2008-01-26 07:07:08
36847|41010|26753|2359|7941|1846|1|346.00|51.90|2008-01-20 10:04:12
37077|41294|3196|2120|3074|1836|2|338.00|50.70|2008-01-10 02:33:15
37086|41302|41972|3505|2171|1836|1|72.00|10.80|2008-01-10 02:44:34
37087|41302|41972|8610|2171|1842|2|144.00|21.60|2008-01-16 02:44:39
37089|41304|6956|11805|6712|1845|1|134.00|20.10|2008-01-19 02:46:27
37262|41503|41129|9889|4607|1844|6|1014.00|152.10|2008-01-18 06:02:45
37263|41503|41129|1274|4607|1834|2|338.00|50.70|2008-01-08 06:03:54
37303|41549|11266|1971|6734|1855|3|744.00|111.60|2008-01-29 06:39:03
37473|41750|30495|14457|3195|1850|1|199.00|29.85|2008-01-24 09:48:35
37483|41765|28464|7094|8490|1854|2|56.00|8.40|2008-01-28 09:57:57
37989|42322|36143|10489|397|1851|2|128.00|19.20|2008-01-25 08:02:20
37999|42342|8788|8783|2088|1855|1|46.00|6.90|2008-01-29 08:11:41
38069|42426|27389|1862|8236|1842|2|536.00|80.40|2008-01-16 09:46:24
38095|42473|16902|9140|7423|1849|2|328.00|49.20|2008-01-23 10:11:20
38327|42712|18944|19180|6841|1856|3|963.00|144.45|2008-01-30 03:01:17
38328|42712|18944|14287|6841|1850|2|642.00|96.30|2008-01-24 03:02:03
38407|42798|32793|9755|2864|1839|1|97.00|14.55|2008-01-13 04:36:46
38408|42798|32793|12013|2864|1842|2|194.00|29.10|2008-01-16 04:38:37
38452|42849|16551|8416|8455|1851|1|315.00|47.25|2008-01-25 05:18:33
38793|43255|2527|16839|6415|1853|2|478.00|71.70|2008-01-27 12:03:00
38794|43255|2527|14118|6415|1849|1|239.00|35.85|2008-01-23 12:04:23
39846|44500|14985|4430|8157|1850|2|132.00|19.80|2008-01-24 08:25:28
39980|44659|3606|2554|3535|1849|2|646.00|96.90|2008-01-23 11:16:40
39993|44667|3581|15256|6804|1850|4|1348.00|202.20|2008-01-24 11:35:49
40071|44780|23831|9774|3534|1854|1|276.00|41.40|2008-01-28 01:12:17
40127|44820|8761|14469|2089|1857|2|102.00|15.30|2008-01-31 02:23:09
40196|44927|32034|477|5931|1831|4|432.00|64.80|2008-01-05 03:41:37
40320|45088|37083|19544|2060|1854|1|173.00|25.95|2008-01-28 05:48:44
40321|45088|37083|12389|2060|1845|2|346.00|51.90|2008-01-19 05:51:42
40322|45088|37083|10197|2060|1843|4|692.00|103.80|2008-01-17 05:51:49
40544|45344|38726|477|2192|1853|4|972.00|145.80|2008-01-27 10:00:14
40557|45357|42918|9751|6182|1853|1|273.00|40.95|2008-01-27 10:17:01
40834|45680|17188|7082|4695|1850|3|963.00|144.45|2008-01-24 03:25:16
40884|45746|24953|15484|6680|1852|2|648.00|97.20|2008-01-26 04:08:09
40972|45858|1435|10495|2474|1857|4|968.00|145.20|2008-01-31 05:38:10
41103|46025|21128|23804|1454|1857|2|50.00|7.50|2008-01-31 07:53:33
41525|46521|24705|3321|581|1849|1|56.00|8.40|2008-01-23 03:51:16
41526|46521|24705|3687|581|1850|4|224.00|33.60|2008-01-24 03:51:44
42133|47196|39818|16643|6977|1848|1|336.00|50.40|2008-01-22 02:47:45
42173|47251|5399|7001|1375|1838|1|90.00|13.50|2008-01-12 03:28:14
42359|47491|7105|528|3677|1846|2|308.00|46.20|2008-01-20 07:04:14
42460|47617|3731|5028|4706|1848|4|212.00|31.80|2008-01-22 09:13:01
42535|47698|41127|6927|6605|1852|1|89.00|13.35|2008-01-26 10:43:46
42686|47884|17377|5518|8793|1836|2|700.00|105.00|2008-01-10 01:40:18
42856|48111|1204|14735|3463|1853|1|42.00|6.30|2008-01-27 04:54:18
42857|48111|1204|8367|3463|1846|4|168.00|25.20|2008-01-20 04:54:26
43019|48288|44341|17720|6311|1857|1|283.00|42.45|2008-01-31 08:06:35
43020|48288|44341|5626|6311|1842|4|1132.00|169.80|2008-01-16 08:07:14
43035|48305|12705|6697|8662|1857|2|256.00|38.40|2008-01-31 08:19:15
43288|48627|28287|11430|3580|1845|2|308.00|46.20|2008-01-19 12:32:11
43289|48627|28287|17085|3580|1852|1|154.00|23.10|2008-01-26 12:32:21
43652|49066|38707|19243|6286|1852|1|108.00|16.20|2008-01-26 07:44:50
43699|49114|38164|11321|3291|1854|4|1068.00|160.20|2008-01-28 08:42:49
44029|49512|28111|2796|4735|1837|2|632.00|94.80|2008-01-11 02:40:34
44122|49601|10435|3927|7346|1854|2|88.00|13.20|2008-01-28 04:08:45
44908|50509|10438|7090|5574|1846|1|340.00|51.00|2008-01-20 07:12:21
45055|50684|4389|11555|8092|1842|2|576.00|86.40|2008-01-16 10:04:40
45056|50684|4389|13230|8092|1844|1|288.00|43.20|2008-01-18 10:06:33
45190|50862|21218|5637|2994|1847|1|196.00|29.40|2008-01-21 12:41:53
45428|51117|30576|4804|4419|1857|2|460.00|69.00|2008-01-31 05:23:06
45483|51178|10864|226|6386|1853|3|321.00|48.15|2008-01-27 06:21:52
45587|51303|4882|2697|3363|1842|1|332.00|49.80|2008-01-16 08:11:16
45794|51542|2074|6207|7035|1850|2|94.00|14.10|2008-01-24 12:17:02
45921|51688|4521|6202|3275|1849|1|335.00|50.25|2008-01-23 02:30:07
45929|51699|6502|5786|761|1853|1|141.00|21.15|2008-01-27 02:40:55
45930|51699|6502|1477|761|1848|2|282.00|42.30|2008-01-22 02:41:39
46497|52350|7224|14111|4221|1852|1|248.00|37.20|2008-01-26 02:21:15
46645|52516|4326|4544|3181|1840|2|398.00|59.70|2008-01-14 05:06:26
46646|52516|4326|10095|3181|1847|1|199.00|29.85|2008-01-21 05:06:48
46779|52685|16704|471|2077|1856|1|89.00|13.35|2008-01-30 07:58:29
46807|52711|34388|1047|2046|1828|2|482.00|72.30|2008-01-02 08:37:45
47166|53184|4609|19773|4415|1850|1|48.00|7.20|2008-01-24 03:20:51
47167|53184|4609|22107|4415|1853|2|96.00|14.40|2008-01-27 03:22:16
47169|53185|18507|9536|4938|1838|2|606.00|90.90|2008-01-12 03:24:17
47980|54188|30772|7732|3906|1847|3|594.00|89.10|2008-01-21 06:45:45
47992|54203|17751|2539|1397|1833|2|58.00|8.70|2008-01-07 06:58:30
48006|54224|28929|6791|6045|1840|2|108.00|16.20|2008-01-14 07:20:05
48007|54224|28929|19476|6045|1855|1|54.00|8.10|2008-01-29 07:21:55
48199|54472|20997|1668|1201|1840|1|136.00|20.40|2008-01-14 10:47:26
48213|54493|16709|2990|195|1851|1|37.00|5.55|2008-01-25 11:08:31
48295|54589|6237|16845|1221|1855|1|209.00|31.35|2008-01-29 12:55:32
48325|54615|9243|6069|7706|1839|2|262.00|39.30|2008-01-13 01:34:32
48326|54615|9243|14100|7706|1848|4|524.00|78.60|2008-01-22 01:34:46
48416|54733|42616|1625|1987|1847|4|972.00|145.80|2008-01-21 03:32:28
48429|54746|27502|15715|2530|1857|2|174.00|26.10|2008-01-31 03:55:16
48430|54746|27502|1625|2530|1840|4|348.00|52.20|2008-01-14 03:58:19
49004|55366|24937|5940|8471|1834|1|137.00|20.55|2008-01-08 02:41:56
49135|55509|1911|1494|1392|1846|1|159.00|23.85|2008-01-20 05:10:57
49164|55533|21263|2253|8043|1846|1|318.00|47.70|2008-01-20 05:37:18
49224|55596|35846|8327|3091|1857|4|1164.00|174.60|2008-01-31 06:57:08
49502|55862|7636|16221|6870|1846|1|169.00|25.35|2008-01-20 12:41:58
49503|55862|7636|7337|6870|1835|2|338.00|50.70|2008-01-09 12:43:36
49551|55907|17316|4633|6815|1845|2|126.00|18.90|2008-01-19 01:38:18
50084|56553|23982|3808|1104|1831|1|245.00|36.75|2008-01-05 11:32:27
50086|56553|23982|25045|1104|1857|2|490.00|73.50|2008-01-31 11:33:57
50716|57227|19760|1955|3752|1829|4|688.00|103.20|2008-01-03 10:57:47
51269|57817|30367|1041|2470|1855|2|82.00|12.30|2008-01-29 09:38:10
51309|57865|3469|5889|5624|1844|2|616.00|92.40|2008-01-18 10:29:19
51663|58311|881|7360|4938|1847|2|44.00|6.60|2008-01-21 05:06:37
51665|58311|881|3234|4938|1842|1|22.00|3.30|2008-01-16 05:07:27
52143|58842|24575|5355|4278|1853|3|390.00|58.50|2008-01-27 01:42:25
52145|58842|24575|4343|4278|1852|2|260.00|39.00|2008-01-26 01:45:57
52461|59198|2624|5636|461|1833|1|129.00|19.35|2008-01-07 08:25:23
52491|59236|3531|3379|7|1845|1|42.00|6.30|2008-01-19 08:53:28
52493|59236|3531|674|7|1841|4|168.00|25.20|2008-01-15 08:55:42
52662|59449|22042|14541|926|1844|2|80.00|12.00|2008-01-18 11:58:48
52791|59572|42757|14166|4305|1849|2|626.00|93.90|2008-01-23 02:19:32
52792|59572|42757|3037|4305|1835|1|313.00|46.95|2008-01-09 02:21:14
52811|59594|5977|1587|5786|1836|3|1203.00|180.45|2008-01-10 02:46:35
52906|59715|37535|5099|1905|1854|2|340.00|51.00|2008-01-28 04:24:13
52957|59765|46900|9995|3884|1855|4|184.00|27.60|2008-01-29 05:31:42
53026|59830|2608|2940|5598|1833|2|504.00|75.60|2008-01-07 07:05:26
53434|60276|7458|3847|2347|1836|2|442.00|66.30|2008-01-10 02:54:21
53565|60425|43203|6907|1330|1854|1|489.00|73.35|2008-01-28 05:39:57
53934|60874|16737|8595|3180|1857|2|234.00|35.10|2008-01-31 12:18:26
54156|61105|36045|7985|5243|1846|2|682.00|102.30|2008-01-20 04:15:38
54278|61225|6805|190|958|1828|4|332.00|49.80|2008-01-02 06:23:59
54279|61225|6805|12228|958|1842|1|83.00|12.45|2008-01-16 06:32:14
54280|61225|6805|905|958|1829|2|166.00|24.90|2008-01-03 06:33:19
54922|61886|4982|13321|134|1853|2|920.00|138.00|2008-01-27 07:20:58
55039|62042|13842|8654|5928|1857|1|154.00|23.10|2008-01-31 09:55:07
55061|62077|22740|4138|8643|1845|4|1092.00|163.80|2008-01-19 10:18:46
55313|62406|34214|4727|7925|1846|1|242.00|36.30|2008-01-20 03:57:34
55604|62742|40819|4565|5901|1834|1|49.00|7.35|2008-01-08 10:21:28
55605|62742|40819|6811|5901|1837|2|98.00|14.70|2008-01-11 10:21:50
55613|62758|26160|5944|770|1845|1|166.00|24.90|2008-01-19 10:30:26
55614|62758|26160|2672|770|1841|4|664.00|99.60|2008-01-15 10:31:15
55661|62807|31122|9738|8614|1857|1|337.00|50.55|2008-01-31 11:22:13
55870|63029|38214|7707|2035|1837|1|44.00|6.60|2008-01-11 03:29:58
56031|63198|20662|9051|6719|1851|1|348.00|52.20|2008-01-25 06:50:13
56067|63234|31720|1523|4475|1835|2|464.00|69.60|2008-01-09 07:34:25
56157|63365|15635|6912|2530|1848|2|182.00|27.30|2008-01-22 09:32:17
56221|63456|6375|2223|8603|1830|2|642.00|96.30|2008-01-04 10:37:01
56451|63753|14497|11308|2045|1840|1|139.00|20.85|2008-01-14 02:45:00
56452|63753|14497|23862|2045|1855|2|278.00|41.70|2008-01-29 02:46:32
56509|63827|3859|2741|4553|1857|2|922.00|138.30|2008-01-31 03:45:03
56546|63875|13261|2775|3687|1844|2|946.00|141.90|2008-01-18 04:37:47
56577|63910|19233|9958|2477|1847|2|774.00|116.10|2008-01-21 05:20:11
56730|64109|33032|2256|720|1843|1|207.00|31.05|2008-01-17 08:26:02
56767|64146|15348|706|2564|1856|1|324.00|48.60|2008-01-30 09:07:32
56897|64310|31436|7921|3598|1850|4|1000.00|150.00|2008-01-24 11:43:41
56898|64310|31436|5642|3598|1847|2|500.00|75.00|2008-01-21 11:43:50
57009|64464|7559|1486|7335|1845|3|360.00|54.00|2008-01-19 01:02:38
57019|64472|41826|3742|3308|1833|1|281.00|42.15|2008-01-07 01:02:54
57132|64601|3345|6176|7074|1843|2|656.00|98.40|2008-01-17 01:06:52
57133|64601|3345|2703|7074|1839|1|328.00|49.20|2008-01-13 01:06:53
57301|64808|12878|3916|8139|1849|2|424.00|63.60|2008-01-23 01:12:38
57376|64894|1096|4176|799|1848|1|204.00|30.60|2008-01-22 01:15:32
58251|65953|28586|4703|7206|1843|2|960.00|144.00|2008-01-17 01:48:47
58387|66099|11623|6655|5611|1853|1|165.00|24.75|2008-01-27 01:53:30
58651|66390|12018|4044|2481|1839|2|174.00|26.10|2008-01-13 02:03:47
59201|67000|46796|2700|6517|1845|2|316.00|47.40|2008-01-19 02:23:34
59428|67281|7063|7641|2751|1853|4|488.00|73.20|2008-01-27 02:32:41
59429|67281|7063|4441|2751|1849|1|122.00|18.30|2008-01-23 02:32:43
59627|67506|2561|12616|757|1852|2|488.00|73.20|2008-01-26 02:40:00
59628|67506|2561|13194|757|1852|1|244.00|36.60|2008-01-26 02:40:04
59762|67667|49729|3212|2994|1839|1|326.00|48.90|2008-01-13 02:45:09
60104|68042|49883|4549|3587|1841|2|614.00|92.10|2008-01-15 02:58:19
60166|68110|9547|1325|3594|1857|2|710.00|106.50|2008-01-31 03:00:52
60248|68212|49977|2266|4754|1854|2|762.00|114.30|2008-01-28 03:04:03
60517|68542|38583|2268|4225|1852|2|306.00|45.90|2008-01-26 03:14:48
60519|68542|38583|630|4225|1850|1|153.00|22.95|2008-01-24 03:14:56
60541|68574|30893|8691|159|1846|1|453.00|67.95|2008-01-20 03:16:10
60557|68592|24176|3730|1660|1844|2|284.00|42.60|2008-01-18 03:16:53
60664|68707|38848|7938|1317|1848|2|286.00|42.90|2008-01-22 03:20:55
60695|68747|39731|439|5829|1851|1|73.00|10.95|2008-01-25 03:22:16
61205|69331|43585|665|2800|1836|2|340.00|51.00|2008-01-10 03:40:56
61206|69331|43585|827|2800|1836|1|170.00|25.50|2008-01-10 03:40:57
61207|69331|43585|113|2800|1836|4|680.00|102.00|2008-01-10 03:40:57
61384|69531|15548|18392|2347|1849|2|310.00|46.50|2008-01-23 03:47:40
61385|69531|15548|4109|2347|1831|4|620.00|93.00|2008-01-05 03:47:41
61448|69611|27181|1821|1254|1845|3|957.00|143.55|2008-01-19 03:50:25
61463|69628|43607|4519|7008|1838|4|1236.00|185.40|2008-01-12 03:51:10
61473|69640|15111|7093|2209|1851|3|1320.00|198.00|2008-01-25 03:51:35
61664|69892|33180|3823|5253|1837|1|258.00|38.70|2008-01-11 03:59:35
61665|69892|33180|20088|5253|1857|2|516.00|77.40|2008-01-31 03:59:44
61936|70202|29978|8837|7965|1852|1|83.00|12.45|2008-01-26 04:10:01
61966|70240|26411|3931|8545|1850|2|722.00|108.30|2008-01-24 04:11:05
62634|71029|49063|1646|4991|1842|2|184.00|27.60|2008-01-16 04:36:08
62851|71260|41703|4210|2533|1848|1|294.00|44.10|2008-01-22 04:44:22
63268|71701|41802|3993|8686|1837|2|676.00|101.40|2008-01-11 04:59:06
63623|72092|11908|22234|307|1855|2|812.00|121.80|2008-01-29 05:11:50
63774|72263|39839|1313|2819|1850|2|782.00|117.30|2008-01-24 05:17:37
63788|72276|31560|23354|3158|1856|4|1132.00|169.80|2008-01-30 05:18:06
63789|72276|31560|6947|3158|1836|2|566.00|84.90|2008-01-10 05:18:07
63837|72335|25536|700|4003|1828|1|224.00|33.60|2008-01-02 05:20:03
63857|72360|18192|7356|7839|1838|1|35.00|5.25|2008-01-12 05:21:07
63858|72360|18192|17620|7839|1851|2|70.00|10.50|2008-01-25 05:21:15
63886|72398|9515|12732|2023|1851|1|211.00|31.65|2008-01-25 05:22:10
63991|72496|27723|13900|4924|1845|1|420.00|63.00|2008-01-19 05:26:03
63997|72505|2265|2162|8141|1848|4|1604.00|240.60|2008-01-22 05:26:15
64006|72524|25622|4423|6086|1857|1|409.00|61.35|2008-01-31 05:26:32
64007|72524|25622|2693|6086|1855|2|818.00|122.70|2008-01-29 05:26:37
64008|72524|25622|3909|6086|1856|3|1227.00|184.05|2008-01-30 05:26:45
64202|72771|18017|6565|4324|1836|2|448.00|67.20|2008-01-10 05:34:19
64532|73136|781|15595|1530|1857|1|42.00|6.30|2008-01-31 05:46:30
64670|73300|36143|2625|5889|1850|1|482.00|72.30|2008-01-24 05:51:55
64675|73305|46236|2918|8345|1831|2|192.00|28.80|2008-01-05 05:52:15
64751|73401|49110|12215|4791|1841|4|400.00|60.00|2008-01-15 05:54:52
64752|73401|49110|19842|4791|1850|1|100.00|15.00|2008-01-24 05:54:55
64753|73401|49110|1766|4791|1829|2|200.00|30.00|2008-01-03 05:55:00
64810|73459|33802|7650|5456|1843|2|120.00|18.00|2008-01-17 05:56:55
64811|73459|33802|9020|5456|1844|1|60.00|9.00|2008-01-18 05:56:56
64890|73552|40347|9999|3599|1857|2|804.00|120.60|2008-01-31 06:00:07
64899|73560|8698|3760|7258|1846|2|780.00|117.00|2008-01-20 06:00:27
65190|73937|9626|6163|4382|1854|2|386.00|57.90|2008-01-28 06:11:19
65191|73937|9626|2744|4382|1850|1|193.00|28.95|2008-01-24 06:11:26
65236|73987|28543|17432|2143|1855|4|936.00|140.40|2008-01-29 06:13:01
65858|74718|7826|17095|3821|1850|2|836.00|125.40|2008-01-24 06:37:14
65859|74718|7826|18077|3821|1851|4|1672.00|250.80|2008-01-25 06:37:15
65909|74757|6345|3034|6024|1843|2|520.00|78.00|2008-01-17 06:39:12
66209|75143|10887|6550|4976|1857|2|534.00|80.10|2008-01-31 06:51:10
66789|75805|39934|4513|4706|1842|1|248.00|37.20|2008-01-16 07:11:55
67097|76156|8331|5509|3821|1845|2|456.00|68.40|2008-01-19 07:22:33
67287|76381|28716|4410|6086|1840|3|1164.00|174.60|2008-01-14 07:30:30
67390|76532|7145|7224|6032|1844|2|922.00|138.30|2008-01-18 07:34:40
67551|76720|25866|1128|3937|1839|1|72.00|10.80|2008-01-13 07:40:37
67934|77157|41075|5220|4730|1851|1|180.00|27.00|2008-01-25 07:55:44
68046|77275|17896|12290|3871|1842|4|656.00|98.40|2008-01-16 07:59:28
68074|77304|32829|20230|7638|1854|1|378.00|56.70|2008-01-28 08:00:25
68331|77655|37895|13995|5462|1854|2|62.00|9.30|2008-01-28 08:09:31
68332|77655|37895|6320|5462|1845|1|31.00|4.65|2008-01-19 08:09:34
68413|77733|7199|1169|1611|1828|2|158.00|23.70|2008-01-02 08:12:04
68414|77733|7199|25254|1611|1857|4|316.00|47.40|2008-01-31 08:12:06
68415|77733|7199|24939|1611|1856|1|79.00|11.85|2008-01-30 08:12:07
68509|77866|27689|3766|5598|1854|1|457.00|68.55|2008-01-28 08:15:38
68526|77885|33728|9228|115|1855|4|288.00|43.20|2008-01-29 08:16:12
68679|78097|35838|4596|4332|1851|1|34.00|5.10|2008-01-25 08:21:17
68888|78316|19796|3631|8279|1855|1|287.00|43.05|2008-01-29 08:29:21
68936|78368|24272|16352|926|1855|4|1496.00|224.40|2008-01-29 08:30:49
68937|78368|24272|7986|926|1845|2|748.00|112.20|2008-01-19 08:30:49
68938|78368|24272|6646|926|1843|1|374.00|56.10|2008-01-17 08:30:52
69060|78517|17710|15667|2421|1851|2|810.00|121.50|2008-01-25 08:35:27
69303|78837|46962|132|783|1849|1|415.00|62.25|2008-01-23 08:44:54
69372|78922|34580|12777|4509|1852|3|696.00|104.40|2008-01-26 08:47:22
69373|78922|34580|8641|4509|1847|2|464.00|69.60|2008-01-21 08:47:27
69510|79069|21225|14650|7256|1845|4|1840.00|276.00|2008-01-19 08:52:23
69511|79069|21225|17680|7256|1849|1|460.00|69.00|2008-01-23 08:52:24
69512|79069|21225|20795|7256|1852|2|920.00|138.00|2008-01-26 08:52:31
69699|79269|24912|8550|7098|1848|1|238.00|35.70|2008-01-22 09:00:11
69803|79381|22717|3616|530|1846|1|79.00|11.85|2008-01-20 09:03:46
69804|79381|22717|8006|530|1851|2|158.00|23.70|2008-01-25 09:03:48
69905|79503|39930|4704|8703|1849|1|177.00|26.55|2008-01-23 09:07:18
70007|79626|42724|1310|3192|1845|2|166.00|24.90|2008-01-19 09:10:57
70008|79626|42724|745|3192|1844|1|83.00|12.45|2008-01-18 09:10:58
70148|79760|23120|3341|7561|1832|1|339.00|50.85|2008-01-06 09:15:56
70149|79760|23120|9252|7561|1839|2|678.00|101.70|2008-01-13 09:15:58
70187|79798|45495|11025|7558|1840|4|252.00|37.80|2008-01-14 09:17:34
70361|80004|7400|7317|3762|1845|1|258.00|38.70|2008-01-19 09:24:23
70371|80016|35807|3095|2469|1831|2|500.00|75.00|2008-01-05 09:24:40
70520|80199|22304|9390|7363|1843|2|286.00|42.90|2008-01-17 09:30:12
70524|80205|7181|20795|4113|1855|2|948.00|142.20|2008-01-29 09:30:21
70526|80205|7181|3972|4113|1835|1|474.00|71.10|2008-01-09 09:30:23
70539|80220|49489|3111|878|1831|2|898.00|134.70|2008-01-05 09:30:44
70794|80496|36382|8957|7941|1845|1|58.00|8.70|2008-01-19 09:39:35
70827|80521|14757|5454|2662|1847|2|706.00|105.90|2008-01-21 09:40:55
70988|80749|42314|8006|1438|1854|2|292.00|43.80|2008-01-28 09:46:17
71040|80806|34958|8511|5624|1837|2|230.00|34.50|2008-01-11 09:48:21
71041|80806|34958|25259|5624|1857|1|115.00|17.25|2008-01-31 09:48:21
71387|81246|4117|1866|1833|1844|1|111.00|16.65|2008-01-18 10:01:17
71388|81246|4117|7216|1833|1850|2|222.00|33.30|2008-01-24 10:01:19
71477|81363|23055|7411|7076|1835|2|914.00|137.10|2008-01-09 10:04:49
71663|81613|24913|4942|3163|1855|2|696.00|104.40|2008-01-29 10:11:41
71703|81662|34698|1430|5514|1840|1|98.00|14.70|2008-01-14 10:13:24
71732|81695|35664|6220|2932|1834|2|260.00|39.00|2008-01-08 10:14:22
71888|81914|11417|11971|6564|1841|2|236.00|35.40|2008-01-15 10:20:34
72509|82680|11913|10504|452|1857|2|400.00|60.00|2008-01-31 10:43:48
72510|82680|11913|9802|452|1856|3|600.00|90.00|2008-01-30 10:43:49
72511|82680|11913|8075|452|1854|1|200.00|30.00|2008-01-28 10:43:53
72755|82986|30265|11769|7423|1853|1|479.00|71.85|2008-01-27 10:53:14
72971|83253|25290|4983|1673|1847|1|251.00|37.65|2008-01-21 11:01:00
73023|83296|45542|7042|3840|1847|2|550.00|82.50|2008-01-21 11:02:37
73111|83401|16609|1989|3828|1849|2|480.00|72.00|2008-01-23 11:06:25
73202|83526|5011|14284|4754|1856|1|408.00|61.20|2008-01-30 11:10:00
73479|83838|26860|2819|6482|1832|2|878.00|131.70|2008-01-06 11:19:47
73525|83894|5818|29|1939|1851|1|225.00|33.75|2008-01-25 11:21:30
73526|83900|14118|9955|6162|1856|2|48.00|7.20|2008-01-30 11:21:35
73710|84128|10951|10388|7111|1848|1|333.00|49.95|2008-01-22 11:28:24
73733|84157|2003|7977|3960|1841|1|233.00|34.95|2008-01-15 11:29:24
73734|84157|2003|1280|3960|1833|2|466.00|69.90|2008-01-07 11:29:24
73737|84160|27768|6810|979|1854|4|1352.00|202.80|2008-01-28 11:29:33
74407|84913|18728|5425|5644|1842|2|346.00|51.90|2008-01-16 11:55:33
74559|85082|2307|539|4167|1851|2|978.00|146.70|2008-01-25 12:01:38
74564|85089|46513|3529|2328|1848|1|214.00|32.10|2008-01-22 12:01:56
74959|85562|48084|7500|3598|1839|2|570.00|85.50|2008-01-13 12:17:00
74981|85584|37683|13578|1898|1850|2|942.00|141.30|2008-01-24 12:18:05
75254|85909|46978|3711|2491|1831|2|50.00|7.50|2008-01-05 12:27:12
75255|85909|46978|10799|2491|1839|1|25.00|3.75|2008-01-13 12:27:12
75574|86307|1606|63|4648|1834|1|445.00|66.75|2008-01-08 12:39:08
75693|86435|28179|8593|7903|1848|1|20.00|3.00|2008-01-22 12:43:32
75694|86435|28179|13312|7903|1853|2|40.00|6.00|2008-01-27 12:43:35
75764|86512|48950|4464|3599|1841|2|750.00|112.50|2008-01-15 12:46:09
76095|86908|14416|15372|2037|1848|2|564.00|84.60|2008-01-22 12:58:13
76097|86908|14416|8435|2037|1840|1|282.00|42.30|2008-01-14 12:58:17
76194|87024|12017|1511|2950|1835|2|786.00|117.90|2008-01-09 01:58:19
76195|87024|12017|475|2950|1834|1|393.00|58.95|2008-01-08 01:58:29
76410|87254|34565|841|8141|1837|6|2508.00|376.20|2008-01-11 05:30:40
76465|87315|27844|3791|4632|1852|1|405.00|60.75|2008-01-26 06:24:19
76466|87315|27844|1913|4632|1850|2|810.00|121.50|2008-01-24 06:24:30
76631|87544|39567|5788|4100|1837|1|43.00|6.45|2008-01-11 09:20:22
76710|87634|6581|13285|2652|1857|2|234.00|35.10|2008-01-31 10:45:03
76725|87668|49074|1731|3195|1835|1|488.00|73.20|2008-01-09 11:03:43
76726|87668|49074|3760|3195|1837|4|1952.00|292.80|2008-01-11 11:05:32
77099|88090|20735|17059|5863|1847|1|337.00|50.55|2008-01-21 06:21:43
77100|88090|20735|3515|5863|1831|2|674.00|101.10|2008-01-05 06:23:57
77101|88090|20735|20504|5863|1851|4|1348.00|202.20|2008-01-25 06:24:03
77192|88181|45108|17630|5453|1856|1|334.00|50.10|2008-01-30 08:34:14
77302|88293|7164|4965|8548|1853|1|57.00|8.55|2008-01-27 10:48:20
77346|88329|44593|2527|576|1857|1|279.00|41.85|2008-01-31 11:38:02
77413|88399|7284|22416|7558|1857|2|748.00|112.20|2008-01-31 12:48:35
77414|88399|7284|2836|7558|1834|3|1122.00|168.30|2008-01-08 12:50:00
77524|88513|45006|7087|3834|1843|1|71.00|10.65|2008-01-17 02:42:31
77532|88523|44546|1502|722|1854|1|102.00|15.30|2008-01-28 02:47:52
77546|88538|19590|3383|566|1847|2|878.00|131.70|2008-01-21 02:59:20
77568|88571|36535|5544|7065|1837|1|411.00|61.65|2008-01-11 03:17:12
77876|88928|34795|11214|6368|1849|1|406.00|60.90|2008-01-23 09:08:04
78267|89394|29970|14946|6116|1857|1|74.00|11.10|2008-01-31 04:01:24
78432|89553|47328|9122|4105|1839|4|1464.00|219.60|2008-01-13 07:25:12
78441|89565|44593|3014|1660|1842|1|343.00|51.45|2008-01-16 07:32:47
78442|89565|44593|1187|1660|1840|4|1372.00|205.80|2008-01-14 07:32:51
78788|89954|47636|15106|2517|1847|4|1296.00|194.40|2008-01-21 02:13:47
78810|89982|24857|9251|3061|1844|1|134.00|20.10|2008-01-18 02:42:49
79189|90410|37690|9008|7187|1845|2|802.00|120.30|2008-01-19 10:00:57
79190|90410|37690|17869|7187|1856|1|401.00|60.15|2008-01-30 10:04:09
79668|90969|14403|2458|2850|1840|1|278.00|41.70|2008-01-14 06:42:03
79808|91157|38135|3417|102|1854|2|594.00|89.10|2008-01-28 09:09:57
79966|91322|2363|12190|3925|1856|1|445.00|66.75|2008-01-30 12:35:59
79967|91322|2363|4815|3925|1847|3|1335.00|200.25|2008-01-21 12:36:31
80000|91371|25591|1887|6763|1830|1|123.00|18.45|2008-01-04 01:01:43
80001|91371|25591|13979|6763|1844|2|246.00|36.90|2008-01-18 01:02:04
80215|91596|3101|2438|5228|1832|1|424.00|63.60|2008-01-06 05:20:53
80475|91881|6454|1865|2255|1842|1|374.00|56.10|2008-01-16 10:42:14
80506|91927|32305|1814|743|1855|1|236.00|35.40|2008-01-29 11:14:08
80651|92059|17274|651|3822|1846|2|586.00|87.90|2008-01-20 01:48:08
80652|92059|17274|6637|3822|1853|3|879.00|131.85|2008-01-27 01:48:52
80989|92392|2188|10674|4732|1840|4|220.00|33.00|2008-01-14 09:04:18
80990|92392|2188|4821|4732|1833|1|55.00|8.25|2008-01-07 09:04:44
81142|92554|8825|5116|5863|1843|2|412.00|61.80|2008-01-17 12:17:44
81144|92554|8825|10110|5863|1849|3|618.00|92.70|2008-01-23 12:21:51
81314|92728|31305|6432|5068|1846|4|1960.00|294.00|2008-01-20 03:48:19
81315|92728|31305|4462|5068|1844|3|1470.00|220.50|2008-01-18 03:50:34
81316|92728|31305|3285|5068|1842|1|490.00|73.50|2008-01-16 03:52:18
81576|93030|42687|15110|6189|1857|2|922.00|138.30|2008-01-31 08:48:57
81578|93031|8786|3081|7614|1850|1|147.00|22.05|2008-01-24 08:55:31
81727|93188|12619|536|1513|1850|4|1152.00|172.80|2008-01-24 12:02:16
82170|93698|21516|11304|6045|1856|7|532.00|79.80|2008-01-30 08:29:27
82247|93795|15953|8099|5586|1857|3|1254.00|188.10|2008-01-31 10:06:35
82314|93863|20831|991|8668|1840|3|111.00|16.65|2008-01-14 11:15:26
82372|93946|44977|4372|3523|1847|3|1359.00|203.85|2008-01-21 12:08:11
82373|93946|44977|2502|3523|1845|1|453.00|67.95|2008-01-19 12:09:08
82430|94040|46230|4345|3184|1856|1|345.00|51.75|2008-01-30 01:17:36
82436|94054|4091|20399|3468|1852|2|502.00|75.30|2008-01-26 01:24:20
82453|94074|20809|6696|6225|1846|4|1300.00|195.00|2008-01-20 01:47:37
82468|94083|20977|18173|3466|1848|1|500.00|75.00|2008-01-22 02:00:50
82469|94083|20977|21977|3466|1853|2|1000.00|150.00|2008-01-27 02:01:28
82476|94090|43304|2416|8614|1834|1|343.00|51.45|2008-01-08 02:07:35
82795|94385|29325|175|8064|1844|4|960.00|144.00|2008-01-18 08:25:42
82796|94385|29325|9414|8064|1855|3|720.00|108.00|2008-01-29 08:26:15
83304|94958|17219|7791|4973|1855|1|387.00|58.05|2008-01-29 06:03:23
83435|95144|30902|14618|4689|1855|1|37.00|5.55|2008-01-29 08:36:53
83510|95240|48741|1702|1942|1849|1|145.00|21.75|2008-01-23 10:17:32
83628|95373|12399|566|8139|1842|1|450.00|67.50|2008-01-16 12:36:26
83857|95635|27831|19133|6627|1852|2|474.00|71.10|2008-01-26 05:12:30
83858|95635|27831|19116|6627|1852|1|237.00|35.55|2008-01-26 05:14:00
83863|95642|1331|9814|7671|1844|2|520.00|78.00|2008-01-18 05:22:29
83864|95642|1331|7791|7671|1842|1|260.00|39.00|2008-01-16 05:25:54
84168|96022|10180|5125|866|1852|1|156.00|23.40|2008-01-26 11:40:16
84174|96025|45693|406|8186|1843|1|137.00|20.55|2008-01-17 11:51:02
84205|96065|45532|18088|5607|1848|2|866.00|129.90|2008-01-22 12:22:28
84206|96065|45532|1417|5607|1828|1|433.00|64.95|2008-01-02 12:23:10
84330|96209|36568|10939|1425|1845|2|718.00|107.70|2008-01-19 03:19:22
84433|96337|4320|18075|7269|1853|2|186.00|27.90|2008-01-27 05:21:25
84889|96879|19084|4533|5786|1848|1|176.00|26.40|2008-01-22 02:16:19
85170|97226|13369|9744|1979|1840|2|434.00|65.10|2008-01-14 07:45:59
85345|97407|27037|5007|7064|1835|1|437.00|65.55|2008-01-09 11:29:43
85436|97531|22445|12669|8396|1846|1|296.00|44.40|2008-01-20 01:14:10
85734|97862|23804|16092|5975|1848|1|294.00|44.10|2008-01-22 06:46:41
85852|98012|2182|18081|1637|1857|2|196.00|29.40|2008-01-31 09:09:50
85923|98096|24167|240|6742|1836|2|400.00|60.00|2008-01-10 11:12:54
86063|98261|36234|773|4188|1846|2|788.00|118.20|2008-01-20 01:55:33
86078|98273|48733|7837|559|1837|1|244.00|36.60|2008-01-11 02:08:49
86299|98519|22477|3907|5957|1855|1|236.00|35.40|2008-01-29 06:35:09
86357|98607|9849|5596|2017|1852|1|477.00|71.55|2008-01-26 07:36:17
86358|98607|9849|3761|2017|1850|4|1908.00|286.20|2008-01-24 07:36:43
86413|98666|49851|4648|6709|1846|2|320.00|48.00|2008-01-20 08:35:01
86675|98950|44385|2712|8349|1850|1|195.00|29.25|2008-01-24 01:39:28
86966|99286|48601|1552|3098|1841|2|156.00|23.40|2008-01-15 07:08:58
86967|99286|48601|5411|3098|1846|1|78.00|11.70|2008-01-20 07:09:35
86968|99286|48601|9598|3098|1851|4|312.00|46.80|2008-01-25 07:10:44
87283|99678|11158|2724|3920|1840|4|1576.00|236.40|2008-01-14 12:47:02
87284|99678|11158|2979|3920|1840|1|394.00|59.10|2008-01-14 12:47:15
87379|99781|23439|6880|7672|1856|1|149.00|22.35|2008-01-30 02:27:01
87735|100216|32121|7406|6588|1848|1|190.00|28.50|2008-01-22 09:12:14
87951|100446|44701|4049|6132|1856|1|429.00|64.35|2008-01-30 01:33:05
87981|100481|31067|3040|7|1854|3|621.00|93.15|2008-01-28 02:15:06
88009|100515|43679|13475|3560|1855|4|804.00|120.60|2008-01-29 02:48:08
88098|100613|37105|5714|7428|1840|4|836.00|125.40|2008-01-14 04:36:16
88191|100730|13256|13059|2614|1850|2|552.00|82.80|2008-01-24 06:17:50
88192|100730|13256|5834|2614|1842|1|276.00|41.40|2008-01-16 06:17:51
88267|100813|45818|17217|8649|1847|3|627.00|94.05|2008-01-21 07:26:09
88268|100813|45818|698|8649|1827|4|836.00|125.40|2008-01-01 07:26:20
88269|100813|45818|1552|8649|1828|2|418.00|62.70|2008-01-02 07:26:27
88332|100875|13256|4660|5448|1838|4|1752.00|262.80|2008-01-12 08:46:32
88769|101400|17618|5487|4100|1854|2|620.00|93.00|2008-01-28 04:32:56
89177|101853|45901|10783|5544|1846|1|269.00|40.35|2008-01-20 12:48:26
89178|101853|45901|4787|5544|1839|4|1076.00|161.40|2008-01-13 12:49:30
89252|101913|24540|3352|1338|1841|2|694.00|104.10|2008-01-15 02:02:50
89361|102040|1153|1360|4776|1840|2|606.00|90.90|2008-01-14 03:56:22
89362|102040|1153|1737|4776|1841|1|303.00|45.45|2008-01-15 03:56:28
89363|102040|1153|2633|4776|1842|4|1212.00|181.80|2008-01-16 03:56:52
89587|102315|39810|7215|8064|1853|2|576.00|86.40|2008-01-27 08:11:15
89594|102319|15068|960|3450|1844|2|464.00|69.60|2008-01-18 08:20:43
89791|102535|19518|8730|6742|1854|1|230.00|34.50|2008-01-28 11:59:24
89866|102620|9789|4740|5793|1849|2|572.00|85.80|2008-01-23 01:12:05
90357|103158|27158|19266|2609|1855|2|112.00|16.80|2008-01-29 10:58:56
90358|103158|27158|2622|2609|1835|1|56.00|8.40|2008-01-09 11:00:11
90571|103396|25563|9315|5997|1855|2|520.00|78.00|2008-01-29 03:40:40
90834|103694|36787|25045|6030|1857|2|716.00|107.40|2008-01-31 08:44:52
90835|103694|36787|10971|6030|1840|1|358.00|53.70|2008-01-14 08:45:08
90852|103705|37870|2707|398|1843|2|978.00|146.70|2008-01-17 09:00:51
91088|103940|45023|15031|5495|1857|1|129.00|19.35|2008-01-31 01:28:18
91089|103940|45023|13017|5495|1854|2|258.00|38.70|2008-01-28 01:29:10
91295|104206|14937|11500|8614|1846|2|126.00|18.90|2008-01-20 05:30:24
91335|104245|27902|17615|165|1857|1|255.00|38.25|2008-01-31 06:06:52
91786|104732|19784|9880|3620|1849|1|115.00|17.25|2008-01-23 02:28:43
91787|104732|19784|9347|3620|1849|2|230.00|34.50|2008-01-23 02:29:35
91817|104764|39388|20588|6207|1857|1|53.00|7.95|2008-01-31 02:59:41
91986|104975|43445|1931|4875|1830|3|435.00|65.25|2008-01-04 06:01:30
92146|105157|44768|3184|2260|1845|3|312.00|46.80|2008-01-19 09:04:54
92147|105157|44768|8730|2260|1852|1|104.00|15.60|2008-01-26 09:06:11
92179|105187|16607|18392|8494|1850|1|206.00|30.90|2008-01-24 09:40:11
92180|105187|16607|3054|8494|1831|2|412.00|61.80|2008-01-05 09:40:53
92183|105198|7603|10817|2821|1846|4|1696.00|254.40|2008-01-20 09:47:14
92184|105198|7603|117|2821|1834|2|848.00|127.20|2008-01-08 09:48:19
92185|105198|7603|10619|2821|1846|1|424.00|63.60|2008-01-20 09:49:14
92636|105745|23376|6011|4381|1843|4|728.00|109.20|2008-01-17 06:12:46
92637|105745|23376|655|4381|1836|2|364.00|54.60|2008-01-10 06:14:11
92731|105852|27563|1023|8321|1847|2|902.00|135.30|2008-01-21 08:19:23
93002|106140|26800|10464|5668|1843|2|874.00|131.10|2008-01-17 01:51:43
93034|106180|47640|8220|7928|1839|2|98.00|14.70|2008-01-13 02:25:51
93341|106590|17638|9069|76|1841|1|20.00|3.00|2008-01-15 08:04:29
93630|106927|38696|8634|2345|1847|4|372.00|55.80|2008-01-21 01:41:29
93895|107236|34823|18102|6212|1851|2|196.00|29.40|2008-01-25 07:14:12
93913|107255|47046|2294|42|1852|1|103.00|15.45|2008-01-26 07:34:55
93921|107266|3571|8817|8785|1848|1|305.00|45.75|2008-01-22 07:41:33
94048|107415|15985|135|4499|1852|2|872.00|130.80|2008-01-26 09:58:47
94102|107465|42918|4346|345|1848|2|866.00|129.90|2008-01-22 10:45:53
94147|107518|29403|16726|5986|1848|1|40.00|6.00|2008-01-22 11:31:40
94319|107688|3734|341|1640|1840|4|304.00|45.60|2008-01-14 02:50:45
94563|107964|26739|21203|2106|1856|2|708.00|106.20|2008-01-30 07:31:44
94589|107998|49141|497|6293|1845|3|858.00|128.70|2008-01-19 07:56:14
94783|108205|39918|1745|3879|1857|2|900.00|135.00|2008-01-31 11:51:01
95393|108889|40352|5097|7177|1853|4|1276.00|191.40|2008-01-27 11:57:20
95394|108889|40352|996|7177|1848|1|319.00|47.85|2008-01-22 11:58:39
95682|109243|48144|9561|5479|1850|2|828.00|124.20|2008-01-24 05:50:49
95811|109387|24332|4580|1786|1848|3|600.00|90.00|2008-01-22 08:34:27
96148|109797|29291|2084|1705|1843|1|20.00|3.00|2008-01-17 03:46:36
96208|109856|14636|4878|7514|1844|4|1412.00|211.80|2008-01-18 05:19:32
96210|109856|14636|9385|7514|1850|1|353.00|52.95|2008-01-24 05:21:23
96219|109864|4303|9228|7002|1842|3|1470.00|220.50|2008-01-16 05:51:23
96220|109864|4303|13431|7002|1847|2|980.00|147.00|2008-01-21 05:53:29
96568|110230|4349|2084|548|1856|1|148.00|22.20|2008-01-30 01:04:19
96735|110424|20554|953|1162|1839|4|1676.00|251.40|2008-01-13 05:07:49
96736|110424|20554|3982|1162|1842|3|1257.00|188.55|2008-01-16 05:08:34
96737|110424|20554|14394|1162|1855|2|838.00|125.70|2008-01-29 05:08:37
96818|110514|23420|6679|759|1852|1|322.00|48.30|2008-01-26 06:54:09
97004|110722|9245|3553|5254|1851|2|516.00|77.40|2008-01-25 10:33:18
97008|110726|41563|5291|4973|1843|2|656.00|98.40|2008-01-17 10:41:11
97009|110726|41563|3724|4973|1841|4|1312.00|196.80|2008-01-15 10:41:47
97419|111241|31469|4817|3138|1857|2|128.00|19.20|2008-01-31 07:18:39
97565|111428|25716|9894|7941|1845|1|246.00|36.90|2008-01-19 10:27:55
97986|111934|40086|1973|8432|1854|4|1908.00|286.20|2008-01-28 07:14:09
98015|111954|13659|17643|754|1856|4|772.00|115.80|2008-01-30 07:52:29
98016|111954|13659|5054|754|1841|2|386.00|57.90|2008-01-15 07:56:28
98182|112165|47558|6729|2564|1853|1|338.00|50.70|2008-01-27 11:24:36
98788|112907|7159|12435|7143|1845|3|78.00|11.70|2008-01-19 11:34:28
98789|112907|7159|8343|7143|1841|2|52.00|7.80|2008-01-15 11:35:29
99047|113202|2094|3745|1808|1857|1|214.00|32.10|2008-01-31 05:11:11
99100|113281|19244|5757|4183|1855|2|988.00|148.20|2008-01-29 06:32:28
99101|113281|19244|2034|4183|1851|4|1976.00|296.40|2008-01-25 06:33:46
99159|113345|10570|6242|2106|1857|2|874.00|131.10|2008-01-31 07:50:37
99206|113405|35814|120|3596|1842|3|978.00|146.70|2008-01-16 08:48:50
99387|113627|9535|6768|3557|1853|2|488.00|73.20|2008-01-27 12:55:53
99433|113675|30860|5241|1851|1839|2|656.00|98.40|2008-01-13 01:51:58
99542|113777|27755|6419|1476|1848|1|424.00|63.60|2008-01-22 04:23:44
100020|114342|6672|73|1607|1848|1|35.00|5.25|2008-01-22 03:46:52
100064|114401|23178|4668|7269|1853|2|648.00|97.20|2008-01-27 04:47:37
100281|114654|26629|12558|2000|1850|1|78.00|11.70|2008-01-24 09:41:15
100282|114654|26629|9783|2000|1846|2|156.00|23.40|2008-01-20 09:41:54
100501|114904|49033|2248|7445|1846|3|1467.00|220.05|2008-01-20 02:37:31
100504|114907|38442|14893|1348|1846|1|325.00|48.75|2008-01-20 02:42:50
100648|115084|17029|1298|1981|1830|4|668.00|100.20|2008-01-04 06:11:18
100746|115221|47668|120|5932|1840|3|243.00|36.45|2008-01-14 08:36:48
100748|115221|47668|3520|5932|1844|2|162.00|24.30|2008-01-18 08:38:50
100868|115354|39651|8097|3494|1836|1|450.00|67.50|2008-01-10 11:18:14
100869|115354|39651|10060|3494|1839|2|900.00|135.00|2008-01-13 11:19:22
101009|115501|30827|4098|2071|1850|4|524.00|78.60|2008-01-24 02:50:55
101010|115501|30827|2633|2071|1849|1|131.00|19.65|2008-01-23 02:51:31
101104|115625|4974|2062|6604|1855|4|200.00|30.00|2008-01-29 05:23:11
101243|115768|11274|743|3111|1838|1|236.00|35.40|2008-01-12 08:52:31
101431|115977|9939|11435|5090|1854|1|236.00|35.40|2008-01-28 01:18:41
101432|115977|9939|5733|5090|1847|2|472.00|70.80|2008-01-21 01:19:37
101536|116118|21572|25092|2285|1857|2|502.00|75.30|2008-01-31 03:48:32
101537|116118|21572|24417|2285|1856|1|251.00|37.65|2008-01-30 03:50:25
101689|116296|5691|9016|3762|1849|2|874.00|131.10|2008-01-23 07:46:37
101886|116518|41890|2481|6302|1840|4|440.00|66.00|2008-01-14 12:34:42
102365|117123|10875|6953|8321|1836|1|91.00|13.65|2008-01-10 12:46:38
102366|117123|10875|1353|8321|1829|2|182.00|27.30|2008-01-03 12:47:50
102533|117324|11372|1227|5457|1832|2|826.00|123.90|2008-01-06 05:14:44
102712|117498|14170|351|7149|1836|2|270.00|40.50|2008-01-10 09:47:24
102943|117753|46723|4755|930|1832|4|464.00|69.60|2008-01-06 03:49:46
102944|117753|46723|13455|930|1843|1|116.00|17.40|2008-01-17 03:50:37
103064|117864|29117|13246|962|1857|1|202.00|30.30|2008-01-31 06:49:04
103082|117878|39479|9540|4869|1847|2|524.00|78.60|2008-01-21 07:09:05
103203|118022|11613|1903|1670|1857|1|140.00|21.00|2008-01-31 09:57:53
103635|118530|30693|2038|7888|1834|2|358.00|53.70|2008-01-08 09:41:59
103689|118612|6483|5660|7042|1853|2|962.00|144.30|2008-01-27 10:53:19
103781|118713|35610|2722|4100|1833|2|168.00|25.20|2008-01-07 01:12:11
103882|118835|5431|9551|8429|1852|2|960.00|144.00|2008-01-26 03:42:06
103904|118854|8564|1917|7692|1848|1|68.00|10.20|2008-01-22 04:34:45
103905|118854|8564|7539|7692|1855|4|272.00|40.80|2008-01-29 04:34:54
104162|119150|38994|22054|7142|1857|2|794.00|119.10|2008-01-31 11:29:33
104230|119234|13710|13731|4982|1844|2|602.00|90.30|2008-01-18 01:33:03
104256|119270|12700|1710|5169|1845|2|634.00|95.10|2008-01-19 02:07:16
104307|119334|42069|5257|146|1834|2|242.00|36.30|2008-01-08 03:39:24
104308|119334|42069|18900|146|1850|4|484.00|72.60|2008-01-24 03:40:28
104309|119334|42069|13922|146|1844|1|121.00|18.15|2008-01-18 03:44:12
104373|119413|47897|1561|4844|1841|1|203.00|30.45|2008-01-15 05:56:01
104443|119484|47952|768|5448|1850|1|123.00|18.45|2008-01-24 08:23:25
104490|119526|10631|3501|146|1854|1|253.00|37.95|2008-01-28 09:44:36
104717|119833|21979|2690|5860|1836|2|102.00|15.30|2008-01-10 03:56:15
104749|119878|34879|3684|4155|1838|1|166.00|24.90|2008-01-12 04:40:37
105230|120417|6022|13036|2512|1852|1|259.00|38.85|2008-01-26 06:47:53
105247|120434|47696|7094|7035|1852|1|476.00|71.40|2008-01-26 07:18:10
105248|120434|47696|6620|7035|1851|2|952.00|142.80|2008-01-25 07:20:29
105543|120797|8247|3686|4734|1835|1|273.00|40.95|2008-01-09 03:28:21
105712|120997|23627|14256|5470|1857|1|175.00|26.25|2008-01-31 07:56:01
105859|121152|25238|8160|6308|1857|1|205.00|30.75|2008-01-31 12:26:29
106280|121638|45209|9207|3678|1853|2|130.00|19.50|2008-01-27 01:36:07
106281|121638|45209|2238|3678|1844|1|65.00|9.75|2008-01-18 01:38:24
106496|121859|15497|9325|7222|1847|2|50.00|7.50|2008-01-21 07:43:21
106971|122408|28949|6198|980|1851|2|484.00|72.60|2008-01-25 10:35:23
107221|122707|12221|330|6880|1846|1|350.00|52.50|2008-01-20 07:00:55
107288|122792|29133|258|5092|1831|1|210.00|31.50|2008-01-05 09:56:48
107614|123164|26713|3963|422|1840|2|596.00|89.40|2008-01-14 10:03:01
108068|123665|35407|4809|6521|1841|1|221.00|33.15|2008-01-15 02:29:08
108721|124467|15600|19506|6709|1852|2|440.00|66.00|2008-01-26 02:33:16
108722|124467|15600|9808|6709|1840|1|220.00|33.00|2008-01-14 02:35:42
108753|124508|35135|1466|6904|1854|3|1305.00|195.75|2008-01-28 03:41:41
109117|124932|49557|258|6845|1854|1|291.00|43.65|2008-01-28 06:03:08
109181|125029|38132|13360|2088|1846|1|110.00|16.50|2008-01-20 09:14:32
109182|125029|38132|21062|2088|1855|4|440.00|66.00|2008-01-29 09:18:27
109183|125029|38132|15062|2088|1848|2|220.00|33.00|2008-01-22 09:20:14
109492|125393|27935|1751|3494|1831|3|1044.00|156.60|2008-01-05 11:09:23
109736|125669|3322|366|6870|1839|1|432.00|64.80|2008-01-13 09:25:18
110254|126269|4922|6608|4100|1840|4|1972.00|295.80|2008-01-14 10:04:40
110256|126273|808|19207|533|1856|1|49.00|7.35|2008-01-30 10:18:12
110257|126273|808|1890|533|1835|2|98.00|14.70|2008-01-09 10:19:15
110787|126909|24005|4234|6256|1856|1|107.00|16.05|2008-01-30 11:26:13
110917|127048|37631|116|1749|1827|1|337.00|50.55|2008-01-01 07:05:02
110918|127048|37631|1359|1749|1828|3|1011.00|151.65|2008-01-02 07:17:40
111236|127404|39419|16955|8455|1853|4|1192.00|178.80|2008-01-27 03:21:24
111273|127460|35362|17280|691|1850|1|268.00|40.20|2008-01-24 06:15:53
111275|127460|35362|23086|691|1857|2|536.00|80.40|2008-01-31 06:26:16
111321|127508|9690|7912|4155|1836|1|321.00|48.15|2008-01-10 09:59:06
111323|127508|9690|23188|4155|1854|3|963.00|144.45|2008-01-28 10:01:35
111324|127508|9690|16583|4155|1846|4|1284.00|192.60|2008-01-20 10:04:50
111539|127751|28756|663|2472|1842|1|46.00|6.90|2008-01-16 12:27:24
111579|127795|42818|4770|2911|1840|1|153.00|22.95|2008-01-14 02:26:43
111788|128055|43497|13243|730|1854|2|162.00|24.30|2008-01-28 04:23:26
111884|128151|24810|12685|5346|1842|1|34.00|5.10|2008-01-16 10:51:47
111927|128203|1136|4008|5511|1847|1|108.00|16.20|2008-01-21 01:19:22
111941|128223|45549|16663|3590|1849|1|226.00|33.90|2008-01-23 02:17:57
112102|128434|33619|7435|1673|1835|2|482.00|72.30|2008-01-09 03:13:28
112103|128434|33619|1242|1673|1828|1|241.00|36.15|2008-01-02 03:15:00
112240|128601|30401|9090|3227|1849|4|880.00|132.00|2008-01-23 02:02:30
112801|129236|179|3241|5303|1851|4|800.00|120.00|2008-01-25 06:12:37
112829|129264|5091|16006|4499|1851|2|860.00|129.00|2008-01-25 10:20:13
112855|129291|29813|7435|7596|1839|2|728.00|109.20|2008-01-13 01:10:10
112916|129351|12004|4202|1269|1845|1|446.00|66.90|2008-01-19 10:23:43
113238|129725|4044|7692|4509|1851|4|92.00|13.80|2008-01-25 07:41:06
113470|129997|26569|1847|7143|1851|1|274.00|41.10|2008-01-25 06:20:59
113666|130178|3661|1779|159|1852|2|686.00|102.90|2008-01-26 06:50:23
113785|130322|3947|11359|3158|1854|4|1276.00|191.40|2008-01-28 08:47:12
114093|130686|25220|3796|1863|1844|1|235.00|35.25|2008-01-18 02:49:49
114098|130700|21281|1526|7000|1838|4|1960.00|294.00|2008-01-12 03:10:56
114127|130725|3025|1890|3393|1857|2|288.00|43.20|2008-01-31 05:29:07
114218|130825|11654|4750|5542|1847|1|71.00|10.65|2008-01-21 01:15:11
115036|131713|18441|10092|7116|1853|2|856.00|128.40|2008-01-27 10:42:30
115224|131903|24909|16692|6782|1857|4|692.00|103.80|2008-01-31 09:04:55
115262|131943|38002|5140|3900|1842|2|754.00|113.10|2008-01-16 11:41:29
115558|132311|33134|13875|1309|1854|4|1876.00|281.40|2008-01-28 03:26:29
115644|132406|2406|6596|6515|1845|2|470.00|70.50|2008-01-19 08:21:53
115690|132463|38126|7653|6900|1854|1|418.00|62.70|2008-01-28 10:49:53
115691|132463|38126|6353|6900|1852|2|836.00|125.40|2008-01-26 10:54:04
115819|132607|534|23|6526|1832|1|301.00|45.15|2008-01-06 04:07:52
115896|132695|9316|5822|3168|1838|2|856.00|128.40|2008-01-12 08:29:37
116056|132890|16074|2135|2038|1829|1|405.00|60.75|2008-01-03 04:19:35
116636|133566|29291|2078|8333|1836|2|228.00|34.20|2008-01-10 05:52:39
116637|133566|29291|3543|8333|1838|3|342.00|51.30|2008-01-12 05:53:36
116664|133595|839|9888|878|1849|2|908.00|136.20|2008-01-23 06:48:53
116757|133706|838|5696|1331|1835|1|335.00|50.25|2008-01-09 11:01:59
116758|133706|838|5274|1331|1835|2|670.00|100.50|2008-01-09 11:04:13
117265|134272|11725|7184|6132|1854|1|193.00|28.95|2008-01-28 06:58:28
117528|134577|28322|12394|2046|1844|2|818.00|122.70|2008-01-18 05:46:39
117548|134600|21298|6223|6052|1857|4|672.00|100.80|2008-01-31 06:36:19
117783|134879|6835|10858|4078|1853|1|488.00|73.20|2008-01-27 03:05:36
117873|135002|16759|10354|6748|1857|1|343.00|51.45|2008-01-31 06:24:06
117927|135054|47803|7176|343|1847|1|151.00|22.65|2008-01-21 08:17:34
118238|135434|43894|5025|2294|1838|1|58.00|8.70|2008-01-12 07:25:58
118240|135434|43894|2504|2294|1835|3|174.00|26.10|2008-01-09 07:32:30
118391|135609|15118|883|1309|1855|1|191.00|28.65|2008-01-29 12:38:01
118392|135609|15118|2262|1309|1856|2|382.00|57.30|2008-01-30 12:38:40
118579|135817|27315|3518|2776|1845|4|420.00|63.00|2008-01-19 07:19:18
118580|135817|27315|11143|2776|1854|1|105.00|15.75|2008-01-28 07:20:05
118718|135977|8866|1954|3204|1844|1|228.00|34.20|2008-01-18 11:41:35
118984|136276|20486|19303|5152|1852|2|826.00|123.90|2008-01-26 08:46:29
119410|136724|7270|8062|4509|1853|1|459.00|68.85|2008-01-27 11:26:43
119465|136800|34000|4110|6044|1856|4|1928.00|289.20|2008-01-30 01:33:00
119611|136964|38708|4502|5084|1840|2|396.00|59.40|2008-01-14 06:21:22
119726|137082|24607|3797|1002|1837|4|1568.00|235.20|2008-01-11 10:03:40
119727|137082|24607|3788|1002|1837|2|784.00|117.60|2008-01-11 10:03:53
119879|137269|31423|5184|363|1842|2|942.00|141.30|2008-01-16 03:46:13
119881|137269|31423|14285|363|1853|4|1884.00|282.60|2008-01-27 03:50:23
119882|137269|31423|13277|363|1851|1|471.00|70.65|2008-01-25 03:51:33
120470|137945|3184|3012|5237|1856|1|366.00|54.90|2008-01-30 10:40:04
120652|138118|11504|434|8548|1849|2|338.00|50.70|2008-01-23 04:13:04
120977|138471|7807|8481|2109|1842|4|928.00|139.20|2008-01-16 01:54:08
121305|138872|41720|8374|1537|1849|1|376.00|56.40|2008-01-23 12:03:32
121436|139009|17162|14007|4706|1856|4|1908.00|286.20|2008-01-30 03:47:55
121564|139166|26228|4250|1645|1847|2|492.00|73.80|2008-01-21 07:05:27
121565|139166|26228|8044|1645|1851|4|984.00|147.60|2008-01-25 07:05:50
121599|139202|29625|8929|4689|1855|2|68.00|10.20|2008-01-29 07:59:20
122456|140174|6762|12152|7460|1856|3|1446.00|216.90|2008-01-30 06:52:08
122683|140443|28091|3174|3700|1845|2|324.00|48.60|2008-01-19 01:03:18
123117|140958|30887|11289|3896|1851|1|376.00|56.40|2008-01-25 11:27:50
123118|140958|30887|10572|3896|1850|2|752.00|112.80|2008-01-24 11:30:39
123301|141149|24015|4543|654|1854|1|180.00|27.00|2008-01-28 03:48:49
123823|141764|17865|5231|5125|1850|1|94.00|14.10|2008-01-24 05:28:19
123978|141964|29081|12135|7673|1850|1|79.00|11.85|2008-01-24 09:24:33
124469|142529|25290|7524|51|1855|4|396.00|59.40|2008-01-29 10:31:03
124664|142758|16969|3614|2326|1838|2|766.00|114.90|2008-01-12 03:19:15
124962|143104|26300|15210|4515|1847|1|102.00|15.30|2008-01-21 10:24:03
125140|143300|48253|5100|5724|1836|2|368.00|55.20|2008-01-10 02:22:51
125179|143351|30412|18990|4124|1850|2|938.00|140.70|2008-01-24 03:12:06
125180|143351|30412|21848|4124|1854|4|1876.00|281.40|2008-01-28 03:12:40
125181|143351|30412|260|4124|1828|1|469.00|70.35|2008-01-02 03:12:50
125198|143373|28320|3712|4849|1832|1|465.00|69.75|2008-01-06 03:43:59
125199|143373|28320|11377|4849|1841|2|930.00|139.50|2008-01-15 03:44:30
125274|143462|40317|6296|2326|1846|2|798.00|119.70|2008-01-20 05:19:51
125276|143463|47915|11477|7271|1851|1|449.00|67.35|2008-01-25 05:22:50
125500|143712|49385|10679|3678|1843|1|192.00|28.80|2008-01-17 10:26:30
125524|143732|14615|6065|854|1840|4|1568.00|235.20|2008-01-14 11:07:19
125659|143868|39729|17521|7815|1850|4|336.00|50.40|2008-01-24 02:28:30
126028|144287|31518|3693|826|1843|4|1792.00|268.80|2008-01-17 10:34:17
126247|144585|40261|11956|3674|1849|3|108.00|16.20|2008-01-23 04:01:14
126319|144683|3754|829|8580|1831|4|244.00|36.60|2008-01-05 05:27:28
126321|144683|3754|222|8580|1831|2|122.00|18.30|2008-01-05 05:28:47
126356|144738|40971|19109|3879|1853|1|195.00|29.25|2008-01-27 06:02:06
126362|144751|11072|20993|2094|1852|2|202.00|30.30|2008-01-26 06:06:14
126511|144925|34500|6213|8292|1852|1|377.00|56.55|2008-01-26 09:54:13
126512|144925|34500|7417|8292|1853|2|754.00|113.10|2008-01-27 09:54:24
126574|144996|20980|9643|2097|1841|2|860.00|129.00|2008-01-15 11:18:48
126576|144996|20980|9172|2097|1841|4|1720.00|258.00|2008-01-15 11:18:58
126742|145177|7059|1519|5571|1841|2|404.00|60.60|2008-01-15 03:06:38
126756|145198|4714|18719|5111|1852|1|44.00|6.60|2008-01-26 03:22:06
127082|145573|14128|10009|3091|1844|1|357.00|53.55|2008-01-18 10:00:57
127084|145573|14128|5479|3091|1838|4|1428.00|214.20|2008-01-12 10:02:01
127180|145692|26758|18036|6588|1850|1|39.00|5.85|2008-01-24 12:02:38
127200|145719|22936|997|2060|1840|1|301.00|45.15|2008-01-14 12:27:02
127202|145719|22936|7515|2060|1848|2|602.00|90.30|2008-01-22 12:27:15
127394|145944|30606|8138|920|1855|2|98.00|14.70|2008-01-29 04:49:12
127395|145944|30606|7315|920|1854|4|196.00|29.40|2008-01-28 04:50:29
127528|146127|28354|16071|8548|1846|1|358.00|53.70|2008-01-20 08:00:23
127570|146182|5924|13924|1705|1851|4|1732.00|259.80|2008-01-25 09:00:45
127572|146182|5924|12065|1705|1849|1|433.00|64.95|2008-01-23 09:03:50
127573|146182|5924|6939|1705|1843|2|866.00|129.90|2008-01-17 09:05:43
127632|146241|33533|709|5430|1857|2|690.00|103.50|2008-01-31 10:18:49
128017|146693|29566|19152|2539|1851|2|926.00|138.90|2008-01-25 06:47:11
128048|146727|44412|2672|8019|1846|3|990.00|148.50|2008-01-20 07:18:00
128093|146804|32770|404|2205|1840|2|180.00|27.00|2008-01-14 08:30:54
128094|146804|32770|9859|2205|1851|1|90.00|13.50|2008-01-25 08:31:10
128164|146909|9812|13165|2614|1850|4|880.00|132.00|2008-01-24 10:18:09
128165|146909|9812|10280|2614|1847|1|220.00|33.00|2008-01-21 10:23:38
128166|146911|1528|1891|4188|1854|4|1804.00|270.60|2008-01-28 10:26:00
128175|146921|49918|1256|8450|1845|2|980.00|147.00|2008-01-19 10:33:08
128538|147331|40534|15634|868|1855|1|224.00|33.60|2008-01-29 06:09:41
129070|147954|25733|14153|5106|1846|1|488.00|73.20|2008-01-20 05:14:34
129189|148121|19236|1891|3880|1852|4|1544.00|231.60|2008-01-26 07:47:49
129220|148164|9084|7448|1105|1852|2|256.00|38.40|2008-01-26 08:39:21
129256|148203|21927|4042|714|1842|1|293.00|43.95|2008-01-16 09:22:30
129917|148970|8952|12072|743|1849|1|34.00|5.10|2008-01-23 10:48:09
130111|149162|37469|7148|443|1856|1|487.00|73.05|2008-01-30 03:17:34
130542|149669|37543|15520|7420|1851|2|506.00|75.90|2008-01-25 12:03:18
130543|149669|37543|10125|7420|1845|1|253.00|37.95|2008-01-19 12:03:28
130544|149669|37543|12009|7420|1847|4|1012.00|151.80|2008-01-21 12:03:55
131041|150273|34444|18462|2071|1850|2|784.00|117.60|2008-01-24 09:19:13
131140|150410|49399|15418|3184|1855|2|770.00|115.50|2008-01-29 11:22:43
131201|150480|42610|3544|1628|1854|1|369.00|55.35|2008-01-28 12:25:01
131446|151783|866|3175|1185|1845|1|92.00|13.80|2008-01-19 05:03:12
131501|151854|27104|14107|1504|1857|1|91.00|13.65|2008-01-31 05:51:07
131645|152042|5089|11871|5739|1844|3|141.00|21.15|2008-01-18 08:47:08
131647|152042|5089|6922|5739|1838|2|94.00|14.10|2008-01-12 08:48:48
132065|152501|9204|5611|4278|1855|1|480.00|72.00|2008-01-29 05:04:12
132195|152664|32889|20622|7462|1855|2|570.00|85.50|2008-01-29 07:07:14
132197|152664|32889|16154|7462|1850|1|285.00|42.75|2008-01-24 07:08:37
132359|152853|11993|6396|2698|1840|2|80.00|12.00|2008-01-14 10:12:23
132360|152853|11993|11214|2698|1846|4|160.00|24.00|2008-01-20 10:12:34
132569|153118|15370|11908|1189|1856|2|428.00|64.20|2008-01-30 02:23:35
132955|153571|100|2452|5479|1830|1|487.00|73.05|2008-01-04 09:32:38
132966|153586|18076|4274|4706|1847|2|844.00|126.60|2008-01-21 09:41:33
133039|153674|22973|2000|4410|1832|4|1396.00|209.40|2008-01-06 11:20:07
133294|153969|34470|224|5817|1844|4|1724.00|258.60|2008-01-18 03:52:56
133441|154156|11426|14090|8580|1854|1|466.00|69.90|2008-01-28 06:32:52
134325|155253|43139|5121|770|1853|1|88.00|13.20|2008-01-27 11:04:30
134470|155428|36127|12015|2255|1851|2|228.00|34.20|2008-01-25 02:06:32
134569|155523|24429|1007|2609|1830|1|291.00|43.65|2008-01-04 03:45:38
134570|155523|24429|12765|2609|1844|2|582.00|87.30|2008-01-18 03:46:35
135183|156194|10458|1906|6334|1840|1|157.00|23.55|2008-01-14 03:25:09
135541|156580|18066|21|5752|1847|1|289.00|43.35|2008-01-21 10:16:37
135798|156893|14451|4794|1929|1853|2|660.00|99.00|2008-01-27 02:31:11
135805|156900|29006|5128|3919|1852|1|28.00|4.20|2008-01-26 02:38:41
136155|157264|11462|3451|3301|1844|1|98.00|14.70|2008-01-18 09:00:10
136156|157264|11462|5170|3301|1846|2|196.00|29.40|2008-01-20 09:00:48
136163|157271|13995|6107|6093|1857|1|145.00|21.75|2008-01-31 09:09:02
136211|157329|48573|9905|3767|1840|4|900.00|135.00|2008-01-14 10:13:19
136212|157329|48573|9160|3767|1839|1|225.00|33.75|2008-01-13 10:14:37
136566|157726|43997|4117|76|1851|1|344.00|51.60|2008-01-25 04:51:40
136567|157726|43997|7190|76|1855|2|688.00|103.20|2008-01-29 04:53:47
137000|158246|44575|6790|4223|1844|3|693.00|103.95|2008-01-18 12:27:13
137075|158326|29796|6244|3031|1855|1|178.00|26.70|2008-01-29 01:57:24
137180|158455|19761|12760|4720|1856|2|836.00|125.40|2008-01-30 03:52:49
137318|158624|2433|6151|6515|1847|1|473.00|70.95|2008-01-21 06:15:27
137394|158701|6747|7293|1275|1841|2|518.00|77.70|2008-01-15 07:38:14
137406|158712|11403|2784|3580|1836|2|806.00|120.90|2008-01-10 08:08:03
137655|158996|44918|150|2094|1848|1|184.00|27.60|2008-01-22 01:14:51
137679|159017|13660|3989|2742|1849|2|492.00|73.80|2008-01-23 01:37:57
137889|159290|34269|8489|4901|1843|4|1036.00|155.40|2008-01-17 05:21:02
137890|159290|34269|15149|4901|1851|2|518.00|77.70|2008-01-25 05:21:06
137964|159378|20224|6595|6977|1837|3|1338.00|200.70|2008-01-11 06:40:46
137965|159378|20224|13140|6977|1845|2|892.00|133.80|2008-01-19 06:41:11
138100|159542|18693|11606|4804|1843|2|838.00|125.70|2008-01-17 09:24:42
138101|159542|18693|5173|4804|1836|1|419.00|62.85|2008-01-10 09:25:37
138372|159856|43285|9199|3874|1849|2|182.00|27.30|2008-01-23 02:44:55
138387|159873|38204|744|3824|1839|2|590.00|88.50|2008-01-13 03:04:54
138446|159935|41500|14728|6045|1848|1|128.00|19.20|2008-01-22 04:07:10
138469|159961|25369|9986|4994|1849|1|92.00|13.80|2008-01-23 04:32:57
138480|159984|24306|8163|4349|1857|1|381.00|57.15|2008-01-31 04:50:15
138530|160037|32827|3507|2414|1841|4|1252.00|187.80|2008-01-15 05:44:53
138539|160042|42120|805|7029|1856|1|142.00|21.30|2008-01-30 05:54:50
138897|160507|8846|8625|6302|1851|1|89.00|13.35|2008-01-25 01:15:56
139166|160819|21223|1712|3195|1842|4|1320.00|198.00|2008-01-16 06:00:24
139167|160819|21223|10961|3195|1853|2|660.00|99.00|2008-01-27 06:00:44
139248|160918|13381|6982|4558|1845|4|1948.00|292.20|2008-01-19 07:46:18
139316|161007|6617|9221|7815|1847|1|208.00|31.20|2008-01-21 09:13:09
139317|161007|6617|18049|7815|1857|3|624.00|93.60|2008-01-31 09:16:14
139349|161040|14517|11263|51|1850|1|122.00|18.30|2008-01-24 10:03:43
139350|161040|14517|8686|51|1847|2|244.00|36.60|2008-01-21 10:05:03
139583|161288|3675|7645|3598|1842|3|888.00|133.20|2008-01-16 02:23:54
139584|161288|3675|4334|3598|1838|2|592.00|88.80|2008-01-12 02:26:47
139640|161370|40162|15049|4100|1846|1|273.00|40.95|2008-01-20 03:39:23
139664|161406|25831|5414|2038|1850|2|864.00|129.60|2008-01-24 04:10:24
139836|161629|23428|1243|7785|1843|4|1780.00|267.00|2008-01-17 07:58:21
139944|161763|48910|13042|2012|1853|2|594.00|89.10|2008-01-27 09:58:04
140192|162090|6475|9465|2901|1838|2|208.00|31.20|2008-01-12 02:44:12
140700|162694|36899|18353|170|1856|2|906.00|135.90|2008-01-30 12:17:48
140819|162821|19212|3451|4875|1838|1|161.00|24.15|2008-01-12 02:17:00
141034|163094|27719|15701|2400|1854|2|530.00|79.50|2008-01-28 06:31:34
141052|163115|23268|12640|2035|1856|1|394.00|59.10|2008-01-30 06:47:21
141092|163148|18181|19145|5883|1857|1|426.00|63.90|2008-01-31 07:37:44
141093|163149|2109|3342|3714|1846|1|161.00|24.15|2008-01-20 07:39:34
141126|163188|43690|5690|7420|1852|2|72.00|10.80|2008-01-26 08:24:04
141128|163189|12773|3209|4342|1831|3|528.00|79.20|2008-01-05 08:27:34
141129|163189|12773|10964|4342|1841|2|352.00|52.80|2008-01-15 08:27:35
141130|163189|12773|12800|4342|1843|4|704.00|105.60|2008-01-17 08:27:54
141576|163767|25172|2245|2716|1852|2|254.00|38.10|2008-01-26 04:37:38
141617|163821|73|14338|213|1854|2|594.00|89.10|2008-01-28 05:15:33
141683|163896|35381|2568|5379|1850|2|900.00|135.00|2008-01-24 06:39:27
141890|164123|9535|2952|6030|1846|4|828.00|124.20|2008-01-20 10:54:45
141891|164123|9535|5840|6030|1850|2|414.00|62.10|2008-01-24 10:56:04
142021|164283|37808|11020|1014|1846|2|892.00|133.80|2008-01-20 01:29:03
142025|164287|21585|2318|8328|1832|2|260.00|39.00|2008-01-06 01:36:15
142044|164312|37366|6125|6118|1839|4|580.00|87.00|2008-01-13 01:53:30
142058|164332|759|8624|7839|1845|1|470.00|70.50|2008-01-19 02:10:56
142281|164613|49697|3083|2676|1845|2|990.00|148.50|2008-01-19 06:17:20
142808|165296|9359|14234|878|1857|2|852.00|127.80|2008-01-31 04:44:20
142925|165447|17357|10346|4021|1853|2|352.00|52.80|2008-01-27 06:58:51
142935|165457|14611|4257|6539|1838|2|558.00|83.70|2008-01-12 07:11:18
142936|165457|14611|12236|6539|1847|1|279.00|41.85|2008-01-21 07:11:49
142937|165457|14611|10647|6539|1845|4|1116.00|167.40|2008-01-19 07:12:25
143339|165909|24092|18946|3820|1853|4|580.00|87.00|2008-01-27 02:32:33
143492|166082|32053|1374|206|1839|1|419.00|62.85|2008-01-13 05:19:45
143556|166160|34342|9939|4354|1857|3|1110.00|166.50|2008-01-31 06:30:36
143557|166160|34342|3126|4354|1849|2|740.00|111.00|2008-01-23 06:31:10
143601|166214|32496|5727|6910|1842|4|320.00|48.00|2008-01-16 07:15:07
143732|166400|37323|5392|2726|1837|1|189.00|28.35|2008-01-11 09:40:19
143763|166450|33884|1516|2754|1850|4|1560.00|234.00|2008-01-24 10:25:41
143800|166492|44163|8797|4643|1856|4|636.00|95.40|2008-01-30 11:07:44
144273|166986|3234|13711|7024|1857|2|794.00|119.10|2008-01-31 07:54:16
144277|166988|22350|7148|691|1838|2|400.00|60.00|2008-01-12 07:58:34
144278|166988|22350|17624|691|1851|4|800.00|120.00|2008-01-25 07:59:52
144287|166998|6865|9965|2260|1843|2|482.00|72.30|2008-01-17 08:08:24
144361|167088|49041|4049|2390|1846|2|198.00|29.70|2008-01-20 09:28:33
144483|167271|8093|8698|4650|1849|4|1804.00|270.60|2008-01-23 12:04:07
144612|167404|24759|1995|497|1835|3|168.00|25.20|2008-01-09 02:29:56
144720|167531|27539|6156|1272|1854|3|1020.00|153.00|2008-01-28 04:40:59
144780|167604|29865|6826|4188|1842|2|822.00|123.30|2008-01-16 05:51:41
145682|168689|40501|5267|6104|1844|2|878.00|131.70|2008-01-18 10:45:25
145845|168877|21093|11486|6869|1849|2|378.00|56.70|2008-01-23 01:32:38
145846|168877|21093|12316|6869|1850|1|189.00|28.35|2008-01-24 01:33:02
146087|169174|34507|7054|1622|1841|3|1140.00|171.00|2008-01-15 06:10:05
146088|169174|34507|2835|1622|1836|2|760.00|114.00|2008-01-10 06:10:48
146226|169314|8326|17614|3143|1851|1|300.00|45.00|2008-01-25 08:51:42
146249|169337|31683|22655|351|1857|4|120.00|18.00|2008-01-31 09:19:58
146250|169337|31683|22204|351|1856|2|60.00|9.00|2008-01-30 09:24:44
146284|169390|5250|20|1384|1855|1|378.00|56.70|2008-01-29 10:06:28
146477|169636|45285|233|783|1851|1|330.00|49.50|2008-01-25 01:53:38
146550|169740|36791|3910|2781|1831|2|818.00|122.70|2008-01-05 03:20:00
146971|170191|14397|10222|509|1843|1|485.00|72.75|2008-01-17 10:36:22
146972|170191|14397|10518|509|1843|2|970.00|145.50|2008-01-17 10:37:04
147596|170886|25654|10329|3181|1842|2|110.00|16.50|2008-01-16 09:52:03
147611|170899|5126|1556|3236|1848|2|834.00|125.10|2008-01-22 10:03:53
147813|171124|23784|8893|73|1851|2|522.00|78.30|2008-01-25 02:27:43
147814|171124|23784|2668|73|1844|4|1044.00|156.60|2008-01-18 02:28:05
147957|171329|35775|21633|1106|1852|2|278.00|41.70|2008-01-26 04:58:29
147958|171329|35775|22894|1106|1854|1|139.00|20.85|2008-01-28 04:58:30
147959|171329|35775|24848|1106|1856|4|556.00|83.40|2008-01-30 05:00:58
148328|171799|32376|17257|6442|1852|4|904.00|135.60|2008-01-26 12:11:20
148430|171918|33817|2183|3996|1855|2|718.00|107.70|2008-01-29 02:01:38
148507|172021|35259|3273|783|1838|4|384.00|57.60|2008-01-12 03:24:36
148936|172525|42509|3140|2751|1839|1|95.00|14.25|2008-01-13 12:20:25
148938|172525|42509|2347|2751|1838|2|190.00|28.50|2008-01-12 12:22:38
148952|172542|3342|12007|8321|1857|2|622.00|93.30|2008-01-31 12:40:49
149072|172660|24902|7413|962|1854|1|144.00|21.60|2008-01-28 02:55:51
149110|172693|40040|345|3828|1853|1|38.00|5.70|2008-01-27 03:39:07
149517|173123|13511|5624|2834|1839|4|1156.00|173.40|2008-01-13 11:53:42
149546|173151|11333|964|548|1849|3|381.00|57.15|2008-01-23 12:36:11
149598|173203|28880|1679|2254|1850|2|918.00|137.70|2008-01-24 01:26:04
149739|173352|23785|578|8431|1832|4|1412.00|211.80|2008-01-06 04:06:56
149821|173445|18063|1280|5811|1847|1|62.00|9.30|2008-01-21 05:38:37
149822|173445|18063|1876|5811|1848|2|124.00|18.60|2008-01-22 05:38:51
149990|173635|49473|1381|4155|1835|1|118.00|17.70|2008-01-09 09:30:38
150012|173649|22040|13408|5414|1852|4|1844.00|276.60|2008-01-26 10:03:13
150015|173654|29338|10742|1096|1845|2|892.00|133.80|2008-01-19 10:05:45
150134|173765|38223|13957|1491|1852|2|852.00|127.80|2008-01-26 12:27:22
150158|173791|48312|8310|3380|1857|4|796.00|119.40|2008-01-31 12:54:21
150362|174027|30568|8006|1641|1852|3|1200.00|180.00|2008-01-26 04:41:05
150401|174080|22918|2197|7424|1841|1|132.00|19.80|2008-01-15 05:30:35
150452|174131|1943|2096|1883|1838|4|1908.00|286.20|2008-01-12 06:26:15
150506|174202|44425|6265|3822|1856|1|341.00|51.15|2008-01-30 07:27:57
150539|174252|1168|2921|8753|1835|1|258.00|38.70|2008-01-09 08:01:10
150727|174446|15746|7416|356|1855|2|740.00|111.00|2008-01-29 11:37:33
150740|174460|22534|10626|2097|1854|1|431.00|64.65|2008-01-28 11:52:45
150847|174582|5483|13821|6213|1848|2|532.00|79.80|2008-01-22 01:40:38
150946|174718|31521|22234|6763|1853|2|400.00|60.00|2008-01-27 03:35:43
150947|174718|31521|13394|6763|1843|1|200.00|30.00|2008-01-17 03:35:51
150988|174762|47400|2293|6293|1851|1|275.00|41.25|2008-01-25 04:25:16
151276|175114|139|19152|7872|1851|2|530.00|79.50|2008-01-25 10:26:00
151336|175203|48848|11851|6241|1842|1|452.00|67.80|2008-01-16 11:43:52
151337|175203|48848|11308|6241|1841|2|904.00|135.60|2008-01-15 11:45:13
151446|175333|20407|5292|3304|1846|2|508.00|76.20|2008-01-20 02:10:39
151515|175414|33103|6265|6025|1847|1|322.00|48.30|2008-01-21 03:34:52
151666|175565|34866|10066|146|1844|1|323.00|48.45|2008-01-18 06:17:45
151667|175565|34866|16933|146|1852|3|969.00|145.35|2008-01-26 06:19:47
151669|175565|34866|5300|146|1838|4|1292.00|193.80|2008-01-12 06:21:18
151755|175649|21822|7273|4474|1849|3|945.00|141.75|2008-01-23 07:47:11
152159|176077|4002|4858|5676|1843|1|313.00|46.95|2008-01-17 04:01:38
152160|176077|4002|13587|5676|1854|2|626.00|93.90|2008-01-28 04:02:47
152161|176078|10274|1914|3531|1848|2|114.00|17.10|2008-01-22 04:03:58
152172|176102|38402|12359|6515|1841|1|210.00|31.50|2008-01-15 04:23:24
152245|176183|16682|4977|1002|1838|3|852.00|127.80|2008-01-12 05:57:27
152246|176183|16682|3667|1002|1837|2|568.00|85.20|2008-01-11 05:57:30
152247|176183|16682|10917|1002|1846|1|284.00|42.60|2008-01-20 05:57:33
152258|176201|43863|7285|1930|1849|2|96.00|14.40|2008-01-23 06:09:41
152342|176287|43969|4646|3919|1856|2|80.00|12.00|2008-01-30 08:05:34
152504|176469|31636|7965|7671|1851|2|866.00|129.90|2008-01-25 11:13:40
152505|176469|31636|6394|7671|1849|1|433.00|64.95|2008-01-23 11:14:37
152608|176578|20871|7828|159|1855|2|314.00|47.10|2008-01-29 01:16:41
152967|177027|37486|13192|3717|1845|1|267.00|40.05|2008-01-19 07:36:50
153305|177455|38124|16668|5847|1847|1|150.00|22.50|2008-01-21 02:35:56
153537|177744|20851|17030|89|1848|2|124.00|18.60|2008-01-22 06:44:56
153629|177845|28397|11375|6448|1849|2|92.00|13.80|2008-01-23 08:24:13
153777|178015|48547|22383|6096|1853|2|356.00|53.40|2008-01-27 11:22:48
153778|178015|48547|16949|6096|1847|1|178.00|26.70|2008-01-21 11:23:18
153856|178115|5924|10074|7187|1843|1|228.00|34.20|2008-01-17 12:50:53
153916|178192|4947|754|2994|1849|1|429.00|64.35|2008-01-23 01:49:17
154204|178517|1708|15211|4577|1848|1|468.00|70.20|2008-01-22 06:42:54
154205|178517|1708|15415|4577|1848|2|936.00|140.40|2008-01-22 06:44:05
154342|178683|48170|573|4390|1840|1|34.00|5.10|2008-01-14 08:57:30
154526|178938|38474|2789|1292|1842|4|736.00|110.40|2008-01-16 12:29:55
154528|178938|38474|8679|1292|1849|1|184.00|27.60|2008-01-23 12:30:18
154609|179014|39975|19299|2143|1856|4|844.00|126.60|2008-01-30 02:21:56
154629|179029|24337|4784|6782|1854|2|364.00|54.60|2008-01-28 02:44:45
154670|179064|22427|2305|3698|1856|1|155.00|23.25|2008-01-30 03:33:08
154815|179233|28724|3631|5011|1848|1|382.00|57.30|2008-01-22 06:13:15
154914|179342|39733|11375|6847|1857|2|266.00|39.90|2008-01-31 07:58:48
154977|179413|17697|8466|3301|1846|4|1644.00|246.60|2008-01-20 09:19:55
155176|179620|2501|6687|1663|1856|1|186.00|27.90|2008-01-30 12:46:51
155699|180253|21440|11668|754|1848|3|315.00|47.25|2008-01-22 10:38:49
155992|180613|5921|4371|773|1840|2|222.00|33.30|2008-01-14 04:16:25
156063|180683|37911|19633|165|1852|1|86.00|12.90|2008-01-26 05:38:26
156138|180765|30804|281|4763|1837|4|616.00|92.40|2008-01-11 07:16:06
156139|180765|30804|755|4763|1837|1|154.00|23.10|2008-01-11 07:17:05
156227|180860|43203|1649|7984|1847|1|349.00|52.35|2008-01-21 08:36:56
156400|181047|41121|14152|7304|1852|4|1696.00|254.40|2008-01-26 11:31:26
156401|181047|41121|15499|7304|1854|1|424.00|63.60|2008-01-28 11:34:20
156418|181071|40894|3737|7271|1852|1|298.00|44.70|2008-01-26 11:51:46
156539|181221|20145|8450|5304|1853|1|229.00|34.35|2008-01-27 02:10:23
156624|181325|41706|22474|1989|1855|2|460.00|69.00|2008-01-29 04:02:48
156635|181346|33633|18316|3906|1851|2|844.00|126.60|2008-01-25 04:17:30
156864|205234|4228|2145|4953|1854|3|5913.00|886.95|2008-01-28 08:42:16
156908|205357|23739|18065|2260|1850|2|3808.00|571.20|2008-01-24 09:28:20
156909|205357|23739|185|2260|1829|1|1904.00|285.60|2008-01-03 09:30:24
157064|205642|42358|2699|5067|1857|1|568.00|85.20|2008-01-31 12:10:56
157108|205722|44065|5021|4933|1846|3|6351.00|952.65|2008-01-20 01:02:24
157475|206439|32895|17108|3840|1857|4|6296.00|944.40|2008-01-31 07:55:07
157476|206439|32895|7681|3840|1846|1|1574.00|236.10|2008-01-20 07:56:24
157578|206636|47503|1848|2716|1849|4|5244.00|786.60|2008-01-23 09:52:39
158095|207740|28629|15050|3993|1853|4|6732.00|1009.80|2008-01-27 07:35:24
158134|207811|43251|14457|2160|1852|1|361.00|54.15|2008-01-26 08:17:19
158218|207975|35019|5430|1670|1848|1|1630.00|244.50|2008-01-22 10:01:28
158375|208266|13152|13842|6870|1847|1|387.00|58.05|2008-01-21 01:02:14
158376|208266|13152|4019|6870|1835|2|774.00|116.10|2008-01-09 01:02:37
158447|208440|31371|10014|5420|1847|2|2978.00|446.70|2008-01-21 02:18:29
158448|208442|13957|2011|318|1834|1|1348.00|202.20|2008-01-08 02:19:11
158561|208645|47305|18417|6030|1852|2|1548.00|232.20|2008-01-26 04:35:52
158562|208645|47305|3655|6030|1834|1|774.00|116.10|2008-01-08 04:36:35
158650|208837|27986|21336|2754|1854|1|2241.00|336.15|2008-01-28 06:23:37
159069|209650|32216|18726|8429|1856|1|1100.00|165.00|2008-01-30 02:06:39
159153|209798|13300|8964|1930|1854|1|1760.00|264.00|2008-01-28 03:43:19
159208|209921|39933|7850|2559|1855|1|2299.00|344.85|2008-01-29 04:50:37
159313|210648|29920|7270|5392|1839|2|2278.00|341.70|2008-01-13 06:55:30
159314|210648|29920|14613|5392|1848|1|1139.00|170.85|2008-01-22 06:56:13
159401|210767|38038|9817|930|1853|1|1593.00|238.95|2008-01-27 09:01:18
159527|210986|28819|2966|970|1848|2|1020.00|153.00|2008-01-22 11:38:56
159658|211204|8860|9935|838|1841|1|1007.00|151.05|2008-01-15 02:17:58
160050|211918|19780|13273|1057|1848|2|4782.00|717.30|2008-01-22 10:03:46
160137|212097|1689|1100|8580|1854|4|7228.00|1084.20|2008-01-28 11:52:46
160338|212434|27089|11683|3674|1854|1|520.00|78.00|2008-01-28 03:30:44
160339|212434|27089|13856|3674|1856|3|1560.00|234.00|2008-01-30 03:32:48
160513|212793|13651|12960|6162|1852|3|3363.00|504.45|2008-01-26 06:45:29
160604|212958|30096|421|7795|1844|1|1649.00|247.35|2008-01-18 08:14:46
160772|213300|23326|1221|4716|1845|1|1130.00|169.50|2008-01-19 11:29:44
160954|213610|992|16803|1833|1852|1|1814.00|272.10|2008-01-26 03:12:53
160955|213610|992|9325|1833|1843|2|3628.00|544.20|2008-01-17 03:13:51
161009|213725|28515|4839|6680|1855|2|2982.00|447.30|2008-01-29 04:16:04
161276|214263|22499|97|76|1852|1|1884.00|282.60|2008-01-26 09:05:39
161305|214315|14700|2740|7074|1830|2|3346.00|501.90|2008-01-04 09:40:07
161429|214527|38071|2742|8177|1857|1|1657.00|248.55|2008-01-31 12:17:49
161537|214750|36707|14093|4867|1849|1|927.00|139.05|2008-01-23 02:33:19
161643|214962|31483|12832|7061|1849|3|3111.00|466.65|2008-01-23 04:47:01
161719|215139|16335|16950|4607|1847|2|4240.00|636.00|2008-01-21 06:18:33
161872|215399|23634|3645|1477|1844|2|1322.00|198.30|2008-01-18 09:13:18
161888|215440|41798|11550|7514|1848|1|2206.00|330.90|2008-01-22 09:30:34
162195|216019|17412|4102|2403|1849|2|4832.00|724.80|2008-01-23 03:16:11
162260|216162|24194|903|759|1841|2|2046.00|306.90|2008-01-15 04:25:43
162261|216162|24194|4865|759|1845|1|1023.00|153.45|2008-01-19 04:26:53
162304|216248|24966|18432|3135|1855|1|1014.00|152.10|2008-01-29 05:14:07
162358|216330|21028|14861|5169|1845|4|7728.00|1159.20|2008-01-19 06:16:13
162359|216330|21028|4551|5169|1833|1|1932.00|289.80|2008-01-07 06:18:23
162436|216481|12772|4230|3574|1857|3|2313.00|346.95|2008-01-31 07:52:15
162576|216693|41798|16019|6086|1852|1|716.00|107.40|2008-01-26 10:58:08
162660|216833|27088|14205|8494|1846|2|1664.00|249.60|2008-01-20 12:34:51
162739|216983|48120|15175|3546|1856|3|6168.00|925.20|2008-01-30 02:07:12
162740|216983|48120|9476|3546|1849|1|2056.00|308.40|2008-01-23 02:07:45
162741|216983|48120|16614|3546|1857|2|4112.00|616.80|2008-01-31 02:08:16
163183|217881|16944|2259|5355|1856|1|2222.00|333.30|2008-01-30 10:22:03
163475|218371|37417|6615|2294|1856|2|4440.00|666.00|2008-01-30 03:42:31
163476|218371|37417|3895|2294|1853|1|2220.00|333.00|2008-01-27 03:43:26
163477|218371|37417|3698|2294|1853|3|6660.00|999.00|2008-01-27 03:44:11
163693|218764|15214|820|5735|1844|1|1728.00|259.20|2008-01-18 07:35:04
163731|218842|2142|7708|5814|1851|2|4332.00|649.80|2008-01-25 07:58:15
163954|219250|973|5953|6519|1851|4|2412.00|361.80|2008-01-25 12:20:37
163955|219250|973|960|6519|1845|2|1206.00|180.90|2008-01-19 12:21:28
164039|219391|26515|6476|8261|1837|1|1996.00|299.40|2008-01-11 01:50:12
164284|219804|25336|1655|5449|1852|1|440.00|66.00|2008-01-26 06:42:18
164319|219876|34982|4260|3192|1853|2|4782.00|717.30|2008-01-27 07:26:38
164510|220231|34061|12222|6104|1853|2|2286.00|342.90|2008-01-27 11:02:32
164552|220320|25804|379|3313|1840|1|2244.00|336.60|2008-01-14 11:45:27
164625|220489|34141|4516|7614|1851|1|1784.00|267.60|2008-01-25 01:14:51
164641|220521|27515|12897|4869|1854|4|4676.00|701.40|2008-01-28 01:34:34
164642|220521|27515|13035|4869|1854|2|2338.00|350.70|2008-01-28 01:34:47
164767|220769|10953|25648|1080|1857|1|1051.00|157.65|2008-01-31 03:58:24
164873|220961|46641|1303|345|1832|1|1735.00|260.25|2008-01-06 05:52:01
164932|221097|36802|2438|5362|1842|1|1633.00|244.95|2008-01-16 07:07:02
164933|221097|36802|8087|5362|1849|3|4899.00|734.85|2008-01-23 07:07:18
165173|221521|21591|384|7994|1834|1|1261.00|189.15|2008-01-08 11:29:21
165383|221892|30089|7398|5394|1837|2|4898.00|734.70|2008-01-11 03:14:25
165557|222261|30970|4207|5218|1832|1|1041.00|156.15|2008-01-06 07:02:52
165682|222511|2012|9540|1102|1839|1|1470.00|220.50|2008-01-13 09:24:37
165996|223046|44329|9097|136|1838|4|7000.00|1050.00|2008-01-12 03:04:40
166172|223445|42863|18351|6517|1855|2|1100.00|165.00|2008-01-29 06:36:28
166173|223445|42863|11337|6517|1846|4|2200.00|330.00|2008-01-20 06:36:31
166305|223690|42873|8070|4183|1854|2|4342.00|651.30|2008-01-28 09:14:23
166988|225033|22033|17569|3236|1856|2|2530.00|379.50|2008-01-30 10:01:43
167014|225076|17251|17699|4389|1854|2|1792.00|268.80|2008-01-28 10:36:24
167317|225685|9913|89|5193|1852|2|4620.00|693.00|2008-01-26 04:12:24
167377|225796|20830|2019|2524|1854|1|2080.00|312.00|2008-01-28 05:10:23
167521|226109|31605|17752|7479|1849|4|4680.00|702.00|2008-01-23 08:05:23
168057|227082|29578|9730|5598|1841|1|935.00|140.25|2008-01-15 06:46:06
168208|227352|14016|5214|7596|1839|2|2054.00|308.10|2008-01-13 09:59:42
168265|227459|35101|8281|2563|1837|2|3588.00|538.20|2008-01-11 11:10:03
168577|228123|17191|1171|2963|1852|2|3178.00|476.70|2008-01-26 06:18:00
169101|229103|34506|13|2683|1830|2|1334.00|200.10|2008-01-04 04:46:38
169254|229385|45080|13|4558|1851|2|3408.00|511.20|2008-01-25 08:04:14
169394|229597|30431|8904|3523|1852|1|1932.00|289.80|2008-01-26 10:43:20
169395|229597|30431|11614|3523|1855|4|7728.00|1159.20|2008-01-29 10:44:12
169453|229716|26609|8284|4105|1840|2|2118.00|317.70|2008-01-14 11:48:07
169466|229740|45914|1354|5042|1830|1|1193.00|178.95|2008-01-04 12:07:04
169915|230670|24447|12260|2121|1847|1|705.00|105.75|2008-01-21 08:41:58
170017|230858|48184|972|7424|1838|2|1114.00|167.10|2008-01-12 10:40:18
170110|231043|2688|8896|4287|1843|2|1396.00|209.40|2008-01-17 12:46:44
170503|231793|1493|9940|2026|1848|2|3782.00|567.30|2008-01-22 01:14:12
170611|231999|4218|7252|6863|1854|1|1548.00|232.20|2008-01-28 01:18:23
170888|232533|5101|9277|5812|1851|1|563.00|84.45|2008-01-25 01:28:59
170889|232533|5101|13500|5812|1856|4|2252.00|337.80|2008-01-30 01:29:02
170995|232706|23632|1065|7483|1833|2|2618.00|392.70|2008-01-07 01:32:44
170996|232706|23632|1974|7483|1834|1|1309.00|196.35|2008-01-08 01:32:44
171133|233006|28098|20139|1119|1853|4|3988.00|598.20|2008-01-27 01:38:16
171163|233055|30963|202|7546|1841|1|2143.00|321.45|2008-01-15 01:39:23
171391|233508|47827|4741|2004|1847|1|827.00|124.05|2008-01-21 01:47:48
171392|233508|47827|6761|2004|1850|2|1654.00|248.10|2008-01-24 01:47:49
171520|233786|33017|1494|3094|1830|2|3158.00|473.70|2008-01-04 01:52:24
171527|233804|16294|5292|206|1841|1|1503.00|225.45|2008-01-15 01:52:38
171537|233831|4163|1974|8279|1836|1|1798.00|269.70|2008-01-10 01:52:57
171902|234468|16908|16283|170|1847|2|4724.00|708.60|2008-01-21 02:06:37
172068|234719|23247|2919|3641|1852|1|404.00|60.60|2008-01-26 02:12:48
172090|234761|36292|11587|8183|1843|2|4918.00|737.70|2008-01-17 02:13:38
172119|234806|4565|5339|5854|1842|1|1842.00|276.30|2008-01-16 02:14:39
