166|170|41730|3560|4329|1843|2|306.00|45.90|2008-01-17 08:03:26
413|411|2398|2635|3463|1854|4|604.00|90.60|2008-01-28 09:20:53
485|483|11556|3421|5156|1831|4|188.00|28.20|2008-01-05 05:17:38
496|500|32297|3710|7787|1844|2|214.00|32.10|2008-01-18 06:38:42
553|558|41018|6056|654|1855|1|212.00|31.80|2008-01-29 01:13:31
636|649|45192|8681|3313|1843|3|456.00|68.40|2008-01-17 10:23:30
677|691|16739|1396|2563|1835|2|206.00|30.90|2008-01-09 02:51:02
1353|1420|9706|1816|2638|1838|1|227.00|34.05|2008-01-12 12:13:01
2274|2451|16059|13987|5658|1854|2|220.00|33.00|2008-01-28 09:12:14
2282|2456|27435|81|5463|1838|2|448.00|67.20|2008-01-12 09:26:50
2466|2642|5094|3382|7147|1854|3|612.00|91.80|2008-01-28 07:41:04
2474|2651|12949|2043|2325|1830|1|246.00|36.90|2008-01-04 08:03:29
2558|2747|1368|16663|2217|1855|2|474.00|71.10|2008-01-29 12:07:19
2559|2747|1368|6115|2217|1843|1|237.00|35.55|2008-01-17 12:10:36
2595|2785|39693|1674|5253|1840|2|474.00|71.10|2008-01-14 01:46:09
2822|3023|19447|5733|2006|1857|1|88.00|13.20|2008-01-31 12:53:02
2823|3023|19447|2725|2006|1854|2|176.00|26.40|2008-01-28 12:53:52
2857|3053|34772|10588|3557|1855|4|728.00|109.20|2008-01-29 02:28:48
3212|3448|39030|7719|5829|1838|4|332.00|49.80|2008-01-12 07:04:47
3213|3448|39030|12301|5829|1843|1|83.00|12.45|2008-01-17 07:07:32
3241|3486|44866|20299|302|1855|2|486.00|72.90|2008-01-29 08:12:06
3541|3823|28835|941|8703|1853|2|72.00|10.80|2008-01-27 08:54:36
3542|3823|28835|4857|8703|1857|6|216.00|32.40|2008-01-31 08:55:15
3725|4022|47007|2170|5346|1857|1|240.00|36.00|2008-01-31 04:29:33
3785|4078|42742|349|5308|1846|1|221.00|33.15|2008-01-20 06:47:29
3955|4264|856|11219|7759|1842|1|223.00|33.45|2008-01-16 01:13:21
4309|4653|4949|17071|6241|1854|1|205.00|30.75|2008-01-28 03:52:27
4912|5273|24685|22162|383|1853|1|79.00|11.85|2008-01-27 01:45:12
5305|5709|6240|14878|8184|1857|2|120.00|18.00|2008-01-31 03:29:41
5348|5763|20291|12508|5507|1848|1|219.00|32.85|2008-01-22 04:49:35
5604|6055|43418|15517|1057|1850|3|111.00|16.65|2008-01-24 01:51:17
6058|6584|28636|14511|1071|1844|2|466.00|69.90|2008-01-18 05:14:00
6064|6588|41289|2564|6364|1837|4|736.00|110.40|2008-01-11 05:25:58
6174|6709|39327|10567|4224|1857|2|42.00|6.30|2008-01-31 08:59:25
6245|6771|12250|2864|4420|1845|2|290.00|43.50|2008-01-19 11:36:21
6716|7313|22839|3322|854|1843|2|260.00|39.00|2008-01-17 03:51:33
6744|7342|44261|4948|2481|1834|2|288.00|43.20|2008-01-08 04:43:48
6892|7470|16891|111|2668|1852|1|97.00|14.55|2008-01-26 09:33:01
6958|7556|45784|10474|1101|1847|2|406.00|60.90|2008-01-21 12:01:31
7114|7714|8962|9825|1641|1847|2|58.00|8.70|2008-01-21 04:39:48
7161|7750|42835|5576|4345|1845|2|370.00|55.50|2008-01-19 06:12:47
7197|7809|11642|2584|826|1831|1|111.00|16.65|2008-01-05 07:28:38
7198|7809|11642|10292|826|1840|2|222.00|33.30|2008-01-14 07:30:17
7239|7837|11244|1367|5060|1850|4|284.00|42.60|2008-01-24 08:39:06
7279|7870|4482|16383|5814|1857|3|315.00|47.25|2008-01-31 09:55:44
7367|7985|21580|2060|7258|1849|4|212.00|31.80|2008-01-23 12:17:05
7513|8146|30981|2193|8222|1853|2|332.00|49.80|2008-01-27 05:02:04
7604|8229|23076|2342|2060|1836|1|43.00|6.45|2008-01-10 07:40:46
7783|8399|32829|2038|1429|1830|1|181.00|27.15|2008-01-04 12:57:37
7788|8405|43784|443|2609|1850|4|120.00|18.00|2008-01-24 01:10:23
7868|8483|16477|11546|5011|1849|2|474.00|71.10|2008-01-23 03:36:24
7869|8483|16477|8033|5011|1845|4|948.00|142.20|2008-01-19 03:38:40
7999|8607|26349|19260|3666|1856|1|202.00|30.30|2008-01-30 07:47:31
8318|8935|13045|800|3718|1856|2|182.00|27.30|2008-01-30 05:16:52
8380|9009|40560|9919|7337|1854|2|294.00|44.10|2008-01-28 06:37:38
8644|9324|46867|6302|7810|1838|4|192.00|28.80|2008-01-12 02:14:19
8672|9358|20610|5466|683|1843|1|55.00|8.25|2008-01-17 02:59:07
8819|9498|1211|3503|6028|1849|3|360.00|54.00|2008-01-23 06:44:58
9085|9815|27912|14641|1553|1845|2|398.00|59.70|2008-01-19 01:47:11
9087|9815|27912|19859|1553|1851|4|796.00|119.40|2008-01-25 01:48:47
9256|10035|21298|10499|3195|1855|4|124.00|18.60|2008-01-29 06:01:47
9492|10289|34608|4650|854|1840|7|1484.00|222.60|2008-01-14 12:15:45
9852|10708|33928|3896|4973|1853|1|215.00|32.25|2008-01-27 09:23:01
10370|11292|48103|11720|2609|1853|1|174.00|26.10|2008-01-27 10:05:48
10607|11528|43038|13237|7332|1843|1|111.00|16.65|2008-01-17 04:12:12
10757|11683|48955|3419|6302|1831|2|156.00|23.40|2008-01-05 08:09:17
10905|11825|43760|5691|8553|1855|4|812.00|121.80|2008-01-29 12:19:37
11079|12019|7764|6536|5757|1851|2|216.00|32.40|2008-01-25 05:05:17
11171|12118|16492|7984|2874|1850|2|166.00|24.90|2008-01-24 07:00:52
11186|12142|38156|3649|6451|1852|2|110.00|16.50|2008-01-26 07:26:44
11379|12342|7546|19353|6508|1853|2|48.00|7.20|2008-01-27 12:16:38
11380|12342|7546|6271|6508|1837|1|24.00|3.60|2008-01-11 12:17:42
11687|12625|15778|12053|7306|1853|2|324.00|48.60|2008-01-27 07:46:58
11712|12661|34340|4628|6162|1855|1|27.00|4.05|2008-01-29 08:19:38
11713|12661|34340|339|6162|1850|2|54.00|8.10|2008-01-24 08:23:05
11752|12707|28938|7591|6084|1843|4|320.00|48.00|2008-01-17 09:21:10
11969|12948|35077|3102|2357|1833|2|272.00|40.80|2008-01-07 02:16:31
12497|13504|20168|1245|5338|1836|1|179.00|26.85|2008-01-10 02:35:54
12701|13721|40721|4973|4568|1839|4|736.00|110.40|2008-01-13 07:12:38
12811|13811|15439|9895|2294|1855|4|544.00|81.60|2008-01-29 09:39:01
12879|13867|17545|7369|809|1840|1|149.00|22.35|2008-01-14 11:04:45
12880|13867|17545|11210|809|1845|2|298.00|44.70|2008-01-19 11:05:19
13061|14077|33204|14124|1930|1853|1|81.00|12.15|2008-01-27 03:36:33
13062|14077|33204|1134|1930|1838|2|162.00|24.30|2008-01-12 03:39:35
13262|14320|3477|22293|4910|1854|3|135.00|20.25|2008-01-28 07:49:15
13289|14349|42069|5097|1014|1834|1|234.00|35.10|2008-01-08 08:31:29
13709|14851|10576|16319|1611|1850|1|136.00|20.40|2008-01-24 05:49:57
13710|14851|10576|2915|1611|1834|2|272.00|40.80|2008-01-08 05:53:32
13711|14851|10576|10845|1611|1844|4|544.00|81.60|2008-01-18 05:54:58
14140|15279|39788|24116|1769|1857|1|114.00|17.10|2008-01-31 02:41:18
14612|15798|323|4208|3919|1843|3|594.00|89.10|2008-01-17 01:36:59
14639|15830|47198|3042|4929|1848|3|147.00|22.05|2008-01-22 02:02:33
14705|15904|5888|18626|6025|1857|4|952.00|142.80|2008-01-31 03:28:09
14707|15904|5888|2513|6025|1838|1|238.00|35.70|2008-01-12 03:30:02
15036|16294|17745|1919|6632|1832|2|88.00|13.20|2008-01-06 10:58:27
15550|16828|49050|11373|4728|1847|2|378.00|56.70|2008-01-21 09:55:56
16064|17359|10287|2975|2482|1843|4|620.00|93.00|2008-01-17 08:52:04
16097|17398|24043|386|6869|1832|1|142.00|21.30|2008-01-06 09:30:43
16272|17611|7242|8709|8285|1845|4|496.00|74.40|2008-01-19 01:09:53
16273|17611|7242|15242|8285|1853|2|248.00|37.20|2008-01-27 01:10:38
16332|17676|47292|19260|563|1857|2|78.00|11.70|2008-01-31 02:28:33
16536|17885|33096|1739|7443|1829|2|342.00|51.30|2008-01-03 06:36:27
16537|17885|33096|15111|7443|1845|1|171.00|25.65|2008-01-19 06:38:26
16538|17885|33096|15788|7443|1845|3|513.00|76.95|2008-01-19 06:39:20
16635|17976|47555|4046|5026|1856|2|330.00|49.50|2008-01-30 08:37:17
17084|18482|24453|11369|854|1840|3|255.00|38.25|2008-01-14 06:11:44
17201|18601|45717|17109|6451|1850|1|163.00|24.45|2008-01-24 08:29:17
17202|18601|45717|22629|6451|1857|2|326.00|48.90|2008-01-31 08:29:19
17383|18852|11974|2263|8725|1830|4|788.00|118.20|2008-01-04 12:12:36
17384|18852|11974|10093|8725|1840|1|197.00|29.55|2008-01-14 12:12:57
17725|19243|7161|4251|5156|1833|2|330.00|49.50|2008-01-07 06:20:47
17848|19349|19012|1284|184|1856|1|188.00|28.20|2008-01-30 08:50:43
17867|19358|40573|612|868|1845|2|338.00|50.70|2008-01-19 09:12:40
18503|20061|47485|6037|3204|1843|1|183.00|27.45|2008-01-17 09:24:08
18504|20061|47485|12312|3204|1850|2|366.00|54.90|2008-01-24 09:26:35
18505|20061|47485|8598|3204|1846|4|732.00|109.80|2008-01-20 09:26:47
19296|20885|42419|7368|5447|1856|4|724.00|108.60|2008-01-30 12:09:30
19391|20995|42725|6009|7177|1852|1|39.00|5.85|2008-01-26 02:01:56
19403|21006|1269|8828|1923|1851|2|206.00|30.90|2008-01-25 02:23:35
19448|21063|30953|372|3797|1846|2|164.00|24.60|2008-01-20 03:17:33
19658|21304|36824|4005|1397|1836|2|104.00|15.60|2008-01-10 07:08:43
19758|21392|46486|4131|4167|1849|2|220.00|33.00|2008-01-23 08:54:16
19847|21473|9491|2100|6782|1853|4|476.00|71.40|2008-01-27 10:45:38
20013|21674|35232|4807|2157|1838|2|350.00|52.50|2008-01-12 01:58:04
20014|21674|35232|2624|2157|1836|1|175.00|26.25|2008-01-10 01:58:57
20417|22137|28542|11676|7731|1845|1|213.00|31.95|2008-01-19 09:23:54
20568|22322|37727|8534|789|1854|2|122.00|18.30|2008-01-28 12:02:50
20569|22322|37727|5649|789|1850|1|61.00|9.15|2008-01-24 12:03:52
20627|22407|22566|11909|654|1849|2|64.00|9.60|2008-01-23 01:04:13
20822|22643|32481|7210|1292|1853|4|168.00|25.20|2008-01-27 04:49:34
21184|23083|15300|7227|5219|1844|1|184.00|27.60|2008-01-18 11:29:44
21438|23362|25083|125|51|1846|2|70.00|10.50|2008-01-20 04:28:21
21439|23362|25083|6754|51|1854|3|105.00|15.75|2008-01-28 04:29:57
21440|23362|25083|8362|51|1856|1|35.00|5.25|2008-01-30 04:30:15
22173|24073|19896|115|571|1838|3|114.00|17.10|2008-01-12 06:21:54
22579|24529|27136|114|1752|1855|1|212.00|31.80|2008-01-29 01:28:06
22580|24529|27136|448|1752|1855|2|424.00|63.60|2008-01-29 01:30:49
22786|24761|37118|13727|6213|1844|4|288.00|43.20|2008-01-18 05:22:11
22799|24784|15185|2013|4375|1856|4|640.00|96.00|2008-01-30 05:37:36
23291|25405|20635|7541|2357|1836|1|36.00|5.40|2008-01-10 02:55:47
23562|25765|8287|12458|6752|1846|1|36.00|5.40|2008-01-20 07:34:51
23727|25948|22845|9006|6182|1855|2|424.00|63.60|2008-01-29 10:42:58
23924|26165|4204|14365|613|1854|2|374.00|56.10|2008-01-28 02:17:02
24040|26298|47852|8191|2924|1836|4|324.00|48.60|2008-01-10 04:16:36
24225|26547|6526|419|8067|1836|2|236.00|35.40|2008-01-10 07:33:52
24226|26547|6526|4337|8067|1841|1|118.00|17.70|2008-01-15 07:37:46
24334|26660|28528|17186|6604|1852|2|462.00|69.30|2008-01-26 10:00:32
24335|26660|28528|2422|6604|1834|1|231.00|34.65|2008-01-08 10:00:56
24570|26911|27500|21|8292|1847|1|80.00|12.00|2008-01-21 02:37:01
24606|26979|32562|12458|649|1855|1|26.00|3.90|2008-01-29 03:18:05
24946|27318|18008|13482|2875|1848|1|144.00|21.60|2008-01-22 09:29:55
24947|27318|18008|11524|2875|1845|2|288.00|43.20|2008-01-19 09:30:40
25223|27611|16049|7643|3033|1847|1|208.00|31.20|2008-01-21 03:06:30
25485|27892|3837|12768|7839|1849|1|74.00|11.10|2008-01-23 07:56:08
25494|27900|42974|8301|7588|1845|1|74.00|11.10|2008-01-19 08:04:45
25714|28135|28978|11114|3460|1850|4|760.00|114.00|2008-01-24 12:55:31
25956|28388|47492|13765|5931|1846|2|488.00|73.20|2008-01-20 05:15:42
25957|28388|47492|20572|5931|1854|3|732.00|109.80|2008-01-28 05:15:58
26062|28483|41876|1108|2498|1851|1|242.00|36.30|2008-01-25 07:19:26
26063|28483|41876|2248|2498|1852|4|968.00|145.20|2008-01-26 07:19:47
26266|28678|29969|4807|5511|1844|4|304.00|45.60|2008-01-18 11:30:40
26590|29017|17056|7282|3824|1851|2|316.00|47.40|2008-01-25 06:09:14
26715|29129|10682|7597|2524|1839|2|378.00|56.70|2008-01-13 08:46:46
26716|29129|10682|11774|2524|1844|1|189.00|28.35|2008-01-18 08:49:23
26882|29309|16179|6153|4903|1841|1|215.00|32.25|2008-01-15 11:45:57
27128|29580|8800|3508|3734|1839|1|140.00|21.00|2008-01-13 04:27:34
27129|29580|8800|695|3734|1835|4|560.00|84.00|2008-01-09 04:28:12
27159|29620|35663|2784|809|1852|1|104.00|15.60|2008-01-26 05:04:12
27203|29660|37685|17415|2683|1853|1|158.00|23.70|2008-01-27 05:59:51
27621|30128|46711|20740|7703|1852|2|396.00|59.40|2008-01-26 01:55:20
27763|30294|10969|16038|834|1853|2|140.00|21.00|2008-01-27 04:15:35
28087|30654|16454|15201|4830|1856|2|196.00|29.40|2008-01-30 10:49:00
28088|30654|16454|6561|4830|1845|1|98.00|14.70|2008-01-19 10:49:44
28232|30797|20292|15019|3380|1857|1|207.00|31.05|2008-01-31 01:40:59
28239|30806|13805|2281|6655|1834|4|412.00|61.80|2008-01-08 01:50:36
28240|30806|13805|16480|6655|1851|2|206.00|30.90|2008-01-25 01:54:42
28352|30952|42209|8570|8429|1843|1|336.00|50.40|2008-01-17 03:35:11
28431|31045|27742|9240|4892|1839|3|66.00|9.90|2008-01-13 04:54:51
28449|31058|3658|3619|363|1842|1|348.00|52.20|2008-01-16 05:14:43
28450|31058|3658|2868|363|1841|4|1392.00|208.80|2008-01-15 05:15:08
28471|31082|21314|14648|5779|1847|1|189.00|28.35|2008-01-21 05:47:21
28490|31113|18060|900|6373|1852|4|1064.00|159.60|2008-01-26 06:10:16
28628|31309|4039|9755|24|1852|4|556.00|83.40|2008-01-26 08:54:18
28639|31320|14757|8691|405|1839|1|157.00|23.55|2008-01-13 09:03:18
28885|31605|21354|2964|274|1838|3|945.00|141.75|2008-01-12 02:02:59
28886|31605|21354|730|274|1835|2|630.00|94.50|2008-01-09 02:06:23
29021|31771|29407|2079|5571|1846|4|1064.00|159.60|2008-01-20 04:34:21
29378|32191|20625|112|3363|1853|1|228.00|34.20|2008-01-27 11:22:43
29551|32393|42037|5497|170|1855|2|378.00|56.70|2008-01-29 03:02:18
29586|32437|42309|11681|3837|1842|1|232.00|34.80|2008-01-16 03:46:24
29600|32456|3181|10985|5839|1842|2|698.00|104.70|2008-01-16 03:57:57
29972|32873|41622|6981|5696|1841|1|159.00|23.85|2008-01-15 11:04:01
29973|32873|41622|13678|5696|1849|2|318.00|47.70|2008-01-23 11:05:40
30122|33029|48368|845|6863|1854|2|416.00|62.40|2008-01-28 01:42:24
30496|33497|17722|11909|6561|1856|1|69.00|10.35|2008-01-30 08:30:44
30763|33845|44341|803|958|1841|4|352.00|52.80|2008-01-15 01:40:05
30764|33845|44341|6779|958|1849|2|176.00|26.40|2008-01-23 01:40:08
30912|34043|29863|4758|2787|1839|1|178.00|26.70|2008-01-13 04:14:46
31299|34489|49064|7878|6763|1840|2|134.00|20.10|2008-01-14 11:43:33
31789|35107|30751|22691|2388|1854|2|234.00|35.10|2008-01-28 09:02:18
31888|35221|37375|20473|4345|1856|2|166.00|24.90|2008-01-30 11:04:59
31889|35221|37375|6695|4345|1840|1|83.00|12.45|2008-01-14 11:05:15
31890|35221|37375|7453|4345|1840|3|249.00|37.35|2008-01-14 11:06:29
31977|35324|41882|9244|4867|1843|2|610.00|91.50|2008-01-17 12:27:09
31978|35324|41882|4382|4867|1837|5|1525.00|228.75|2008-01-11 12:31:35
32069|35440|25334|7335|415|1836|2|554.00|83.10|2008-01-10 02:09:31
32070|35440|25334|12388|415|1842|4|1108.00|166.20|2008-01-16 02:13:00
32596|36024|15884|10606|351|1852|2|144.00|21.60|2008-01-26 12:12:10
32850|36301|23677|5119|1375|1839|2|164.00|24.60|2008-01-13 04:59:54
33079|36558|29455|5009|8578|1853|1|124.00|18.60|2008-01-27 09:17:02
33633|37180|42695|1874|4262|1853|3|339.00|50.85|2008-01-27 07:53:00
33873|37459|28607|11522|7981|1851|1|244.00|36.60|2008-01-25 11:47:10
33916|37508|33692|1059|5190|1856|1|328.00|49.20|2008-01-30 12:35:25
33940|37544|332|6614|907|1841|1|250.00|37.50|2008-01-15 12:56:39
33941|37544|332|17192|907|1854|2|500.00|75.00|2008-01-28 12:56:43
33942|37544|332|19073|907|1856|3|750.00|112.50|2008-01-30 12:57:16
34228|37865|3029|13479|1269|1849|1|65.00|9.75|2008-01-23 05:59:23
34413|38103|36847|4494|5463|1853|1|290.00|43.50|2008-01-27 09:32:06
34447|38146|30551|7721|8021|1846|1|276.00|41.40|2008-01-20 10:05:40
34448|38146|30551|11780|8021|1851|2|552.00|82.80|2008-01-25 10:05:46
34575|38301|1842|850|2730|1853|4|1376.00|206.40|2008-01-27 12:58:30
34707|38453|10221|24726|7941|1856|1|302.00|45.30|2008-01-30 03:37:42
35199|39037|27282|300|954|1848|2|248.00|37.20|2008-01-22 12:46:24
35225|39086|7254|16197|6820|1848|1|297.00|44.55|2008-01-22 01:14:02
35226|39086|7254|13382|6820|1845|2|594.00|89.10|2008-01-19 01:14:04
35254|39138|10598|5009|3546|1848|1|250.00|37.50|2008-01-22 01:51:08
35326|39211|10911|2783|3502|1835|2|364.00|54.60|2008-01-09 03:08:34
35515|39450|29828|1312|8541|1834|3|213.00|31.95|2008-01-08 06:57:09
35516|39450|29828|1908|8541|1835|1|71.00|10.65|2008-01-09 06:57:24
35527|39455|27218|5590|3294|1845|2|700.00|105.00|2008-01-19 07:12:03
35581|39529|12730|7453|5527|1857|3|735.00|110.25|2008-01-31 08:06:01
35610|39554|48057|8374|3065|1853|2|222.00|33.30|2008-01-27 08:57:16
35611|39554|48057|5822|3065|1849|1|111.00|16.65|2008-01-23 08:57:21
35794|39778|20293|7484|7207|1857|2|170.00|25.50|2008-01-31 12:53:55
35969|40028|858|22306|7285|1856|1|215.00|32.25|2008-01-30 04:10:59
36021|40077|35449|4167|7903|1839|2|212.00|31.80|2008-01-13 05:12:32
36022|40077|35449|9726|7903|1845|1|106.00|15.90|2008-01-19 05:13:08
36023|40077|35449|12201|7903|1848|4|424.00|63.60|2008-01-22 05:13:26
36069|40139|26165|3243|6521|1839|4|896.00|134.40|2008-01-13 06:07:14
36084|40155|6899|1693|1513|1853|2|642.00|96.30|2008-01-27 06:32:19
36284|40393|31466|7293|4953|1836|3|885.00|132.75|2008-01-10 10:33:48
36298|40402|46502|2750|5302|1847|1|290.00|43.50|2008-01-21 10:44:27
36385|40484|47013|9406|5362|1851|4|1256.00|188.40|2008-01-25 12:41:05
37026|41241|11863|5609|8494|1843|2|686.00|102.90|2008-01-17 01:40:56
37193|41435|48451|11587|1815|1846|1|236.00|35.40|2008-01-20 04:39:45
37397|41675|35044|2463|8196|1856|1|342.00|51.30|2008-01-30 08:20:26
37449|41725|14209|20899|8650|1853|3|171.00|25.65|2008-01-27 09:21:02
37456|41734|8408|3520|3709|1840|1|24.00|3.60|2008-01-14 09:26:45
37457|41734|8408|2708|3709|1839|2|48.00|7.20|2008-01-13 09:27:10
37458|41734|8408|14236|3709|1853|4|96.00|14.40|2008-01-27 09:27:39
37508|41786|23985|1750|6320|1831|4|1096.00|164.40|2008-01-05 10:29:07
37672|41976|16998|3781|2487|1849|4|1384.00|207.60|2008-01-23 01:33:09
37673|41976|16998|8085|2487|1854|1|346.00|51.90|2008-01-28 01:34:17
37721|42035|23638|169|3965|1856|4|1068.00|160.20|2008-01-30 02:29:54
37755|42064|30728|5504|5447|1847|1|65.00|9.75|2008-01-21 02:56:41
37958|42275|29768|7964|2097|1849|1|341.00|51.15|2008-01-23 07:24:16
38244|42627|29501|2594|6132|1843|3|393.00|58.95|2008-01-17 01:37:43
38312|42691|63|6964|4282|1841|2|74.00|11.10|2008-01-15 02:37:38
38331|42713|32309|10519|8573|1853|2|274.00|41.10|2008-01-27 03:05:11
38730|43177|44351|1641|1863|1831|2|156.00|23.40|2008-01-05 10:44:27
39007|43484|24305|3729|1673|1847|2|42.00|6.30|2008-01-21 04:24:44
39157|43659|46868|9174|2347|1845|1|20.00|3.00|2008-01-19 07:41:40
39208|43733|35605|13276|7335|1855|1|337.00|50.55|2008-01-29 08:37:07
39224|43753|5851|13349|7061|1854|1|141.00|21.15|2008-01-28 08:53:09
39225|43753|5851|8190|7061|1847|2|282.00|42.30|2008-01-21 08:54:08
39292|43834|9233|7919|3840|1841|1|56.00|8.40|2008-01-15 10:23:31
39304|43850|32320|557|934|1849|5|240.00|36.00|2008-01-23 10:41:34
39383|43949|26950|5060|6870|1842|2|326.00|48.90|2008-01-16 12:11:05
39396|43965|5833|6714|1413|1839|2|96.00|14.40|2008-01-13 12:22:38
39397|43965|5833|1508|1413|1832|4|192.00|28.80|2008-01-06 12:22:47
39437|44017|35300|15103|8009|1851|3|984.00|147.60|2008-01-25 01:10:17
39684|44288|23298|11537|4728|1850|1|341.00|51.15|2008-01-24 05:26:23
39686|44290|19637|10992|4100|1855|1|221.00|33.15|2008-01-29 05:26:49
39798|44441|19639|20052|4787|1852|2|346.00|51.90|2008-01-26 07:30:29
39799|44441|19639|6541|4787|1835|1|173.00|25.95|2008-01-09 07:32:01
39851|44502|26079|4405|1668|1845|3|603.00|90.45|2008-01-19 08:31:42
40098|44798|40646|7105|3874|1846|1|61.00|9.15|2008-01-20 01:47:36
40231|44975|34749|4079|6269|1836|1|191.00|28.65|2008-01-10 04:14:30
40249|45006|34423|9609|2692|1845|3|363.00|54.45|2008-01-19 04:31:47
40660|45477|17212|13236|3879|1856|4|1116.00|167.40|2008-01-30 12:08:27
40661|45477|17212|9559|3879|1852|1|279.00|41.85|2008-01-26 12:08:57
40919|45792|6479|477|4881|1844|4|1104.00|165.60|2008-01-18 04:50:27
40954|45838|16269|2204|1119|1852|1|244.00|36.60|2008-01-26 05:25:12
40955|45838|16269|1862|1119|1852|4|976.00|146.40|2008-01-26 05:26:42
40986|45876|24150|7812|8390|1856|1|67.00|10.05|2008-01-30 05:51:01
41248|46180|23273|4596|3767|1850|1|160.00|24.00|2008-01-24 10:20:54
41505|46495|20787|18096|1906|1849|1|169.00|25.35|2008-01-23 03:33:15
41506|46495|20787|24973|1906|1857|4|676.00|101.40|2008-01-31 03:34:09
41659|46683|29565|12276|5913|1846|2|300.00|45.00|2008-01-20 06:21:36
41872|46928|9095|1581|7777|1856|4|920.00|138.00|2008-01-30 10:20:26
41891|46945|3010|15318|6189|1855|4|636.00|95.40|2008-01-29 10:36:15
41926|46978|32965|1406|8793|1851|4|748.00|112.20|2008-01-25 11:14:13
41939|46995|4416|6101|2124|1842|1|134.00|20.10|2008-01-16 11:29:13
42435|47593|37495|17269|5814|1851|2|76.00|11.40|2008-01-25 08:50:42
42512|47669|21927|8180|3759|1839|3|198.00|29.70|2008-01-13 10:11:19
42513|47669|21927|4570|3759|1835|4|264.00|39.60|2008-01-09 10:18:38
42514|47669|21927|9990|3759|1841|2|132.00|19.80|2008-01-15 10:18:43
42724|47927|40330|622|51|1848|2|584.00|87.60|2008-01-22 02:22:25
42798|48038|34881|6807|2530|1837|4|208.00|31.20|2008-01-11 03:54:51
42960|48224|19429|16983|2157|1852|1|307.00|46.05|2008-01-26 06:59:58
42961|48224|19429|8827|2157|1842|4|1228.00|184.20|2008-01-16 07:00:36
42962|48224|19429|21518|2157|1857|2|614.00|92.10|2008-01-31 07:03:10
43014|48285|18683|7941|6499|1850|4|580.00|87.00|2008-01-24 08:01:41
43015|48285|18683|797|6499|1841|1|145.00|21.75|2008-01-15 08:02:06
43016|48285|18683|7153|6499|1849|2|290.00|43.50|2008-01-23 08:02:41
43420|48790|19782|12996|6135|1845|4|1064.00|159.60|2008-01-19 03:06:59
43621|49038|22717|9193|6344|1851|4|288.00|43.20|2008-01-25 07:06:54
43733|49153|2645|19027|4577|1856|1|251.00|37.65|2008-01-30 09:17:22
43734|49153|2645|16236|4577|1853|2|502.00|75.30|2008-01-27 09:19:30
43763|49181|10898|16308|1292|1856|2|588.00|88.20|2008-01-30 10:03:11
43797|49222|33695|16500|3734|1848|3|507.00|76.05|2008-01-22 10:39:04
43798|49222|33695|6948|3734|1837|2|338.00|50.70|2008-01-11 10:39:23
44492|50031|40539|2176|4353|1830|1|107.00|16.05|2008-01-04 11:09:36
44493|50031|40539|12829|4353|1843|2|214.00|32.10|2008-01-17 11:09:38
44517|50053|16829|10143|1311|1848|4|828.00|124.20|2008-01-22 11:32:41
44875|50476|1293|190|8278|1852|2|696.00|104.40|2008-01-26 06:34:27
44876|50476|1293|1106|8278|1853|1|348.00|52.20|2008-01-27 06:35:01
44941|50559|9331|7615|6841|1856|2|546.00|81.90|2008-01-30 07:47:59
45011|50637|649|8733|913|1841|4|1040.00|156.00|2008-01-15 09:06:44
45012|50637|649|5167|913|1837|1|260.00|39.00|2008-01-11 09:10:03
45313|50989|19155|7708|1768|1838|4|724.00|108.60|2008-01-12 03:04:50
45328|51004|37892|4563|8278|1834|2|48.00|7.20|2008-01-08 03:23:39
45329|51004|37892|11938|8278|1843|4|96.00|14.40|2008-01-17 03:23:58
45502|51200|14853|16775|3451|1856|2|482.00|72.30|2008-01-30 06:41:24
45503|51200|14853|7820|3451|1845|1|241.00|36.15|2008-01-19 06:42:47
46381|52198|6130|10401|2994|1852|2|338.00|50.70|2008-01-26 12:07:37
46584|52453|1188|4665|1537|1843|2|656.00|98.40|2008-01-17 04:06:39
46786|52689|16008|8569|8583|1854|2|644.00|96.60|2008-01-28 08:15:33
46787|52689|16008|523|8583|1844|1|322.00|48.30|2008-01-18 08:16:08
47039|53040|11657|10124|514|1854|2|462.00|69.30|2008-01-28 12:59:44
47055|53056|2783|6334|91|1846|3|369.00|55.35|2008-01-20 01:20:49
47263|53306|23689|14877|6364|1845|3|783.00|117.45|2008-01-19 05:12:56
47590|53711|14423|5036|5743|1841|1|148.00|22.20|2008-01-15 11:14:37
47936|54145|9569|10061|5300|1847|1|265.00|39.75|2008-01-21 05:56:24
47937|54145|9569|16943|5300|1855|3|795.00|119.25|2008-01-29 06:00:49
48122|54374|42154|2297|6093|1846|1|232.00|34.80|2008-01-20 09:14:47
48282|54575|35536|10830|4577|1855|2|386.00|57.90|2008-01-29 12:40:51
49216|55593|16308|3115|5325|1836|2|546.00|81.90|2008-01-10 06:50:23
49292|55662|37178|15023|5456|1853|2|650.00|97.50|2008-01-27 08:13:52
49293|55662|37178|7518|5456|1844|1|325.00|48.75|2008-01-18 08:14:17
49294|55662|37178|5996|5456|1842|4|1300.00|195.00|2008-01-16 08:18:34
49497|55857|11405|8882|6182|1848|2|662.00|99.30|2008-01-22 12:38:47
49557|55912|14155|12840|5355|1850|2|116.00|17.40|2008-01-24 01:47:54
49558|55912|14155|5031|5355|1841|1|58.00|8.70|2008-01-15 01:48:00
49641|56027|30208|3731|4929|1854|1|161.00|24.15|2008-01-28 03:13:29
49718|56125|23625|11020|3884|1850|2|124.00|18.60|2008-01-24 04:47:12
49888|56332|27434|16323|343|1846|4|352.00|52.80|2008-01-20 07:55:48
50034|56493|46709|2564|4342|1853|4|760.00|114.00|2008-01-27 10:39:07
50048|56509|41482|10160|6752|1843|1|225.00|33.75|2008-01-17 10:49:59
50049|56509|41482|11606|6752|1844|2|450.00|67.50|2008-01-18 10:50:39
50198|56674|5820|9819|5913|1846|1|89.00|13.35|2008-01-20 01:45:47
50513|57010|8141|980|3947|1849|1|120.00|18.00|2008-01-23 07:20:43
51075|57583|1668|1289|1663|1856|2|610.00|91.50|2008-01-30 05:48:45
51240|57778|41844|5099|7306|1854|2|564.00|84.60|2008-01-28 09:07:09
51306|57861|31200|4413|6788|1844|4|1180.00|177.00|2008-01-18 10:25:26
51516|58126|48162|3026|170|1850|1|93.00|13.95|2008-01-24 02:30:47
51800|58463|9301|3113|5303|1855|2|324.00|48.60|2008-01-29 07:49:20
51865|58526|43420|5727|649|1834|1|20.00|3.00|2008-01-08 08:54:01
51866|58526|43420|5594|649|1834|4|80.00|12.00|2008-01-08 08:54:59
52149|58845|18867|5298|8686|1840|4|1812.00|271.80|2008-01-14 01:47:36
52150|58845|18867|16923|8686|1854|2|906.00|135.90|2008-01-28 01:51:55
52479|59215|427|13581|5544|1850|1|83.00|12.45|2008-01-24 08:44:25
52480|59215|427|4837|5544|1839|2|166.00|24.90|2008-01-13 08:44:29
52861|59664|23963|13131|509|1849|2|76.00|11.40|2008-01-23 03:45:15
52863|59664|23963|15760|509|1852|1|38.00|5.70|2008-01-26 03:46:14
52871|59671|18704|6996|4354|1845|1|212.00|31.80|2008-01-19 03:55:13
52872|59671|18704|16555|4354|1856|2|424.00|63.60|2008-01-30 03:55:30
52873|59672|43500|13785|3862|1846|1|217.00|32.55|2008-01-20 03:55:34
52874|59672|43500|15225|3862|1848|2|434.00|65.10|2008-01-22 03:56:13
52945|59759|38902|8280|7939|1845|2|454.00|68.10|2008-01-19 05:20:50
52946|59759|38902|4734|7939|1841|1|227.00|34.05|2008-01-15 05:23:02
52961|59768|33885|4518|8265|1857|4|1288.00|193.20|2008-01-31 05:35:27
53047|59852|34950|12079|4787|1849|1|154.00|23.10|2008-01-23 07:33:46
53134|59948|5652|3419|4358|1847|1|374.00|56.10|2008-01-21 09:09:01
53140|59959|9203|17082|2255|1851|2|612.00|91.80|2008-01-25 09:15:00
53141|59959|9203|14578|2255|1848|1|306.00|45.90|2008-01-22 09:15:15
53498|60333|1583|812|7283|1852|2|614.00|92.10|2008-01-26 04:16:45
53499|60333|1583|404|7283|1852|3|921.00|138.15|2008-01-26 04:16:55
53557|60414|32088|19905|363|1850|1|284.00|42.60|2008-01-24 05:26:39
53585|60444|31999|12262|826|1847|2|66.00|9.90|2008-01-21 06:03:56
53756|60662|9584|8138|1246|1848|3|1227.00|184.05|2008-01-22 08:54:07
53902|60836|27602|15163|5152|1851|4|920.00|138.00|2008-01-25 11:43:14
54051|61000|47621|2383|6974|1844|4|1808.00|271.20|2008-01-18 02:21:03
54299|61245|10564|3182|3884|1848|1|89.00|13.35|2008-01-22 06:57:00
54483|61428|15526|14676|6680|1848|2|848.00|127.20|2008-01-22 10:31:31
54614|61556|27590|8056|5303|1843|4|512.00|76.80|2008-01-17 01:37:59
54616|61556|27590|1486|5303|1835|3|384.00|57.60|2008-01-09 01:40:21
54619|61562|16574|2855|6539|1842|1|444.00|66.60|2008-01-16 01:40:53
54697|61634|18798|15127|581|1848|1|67.00|10.05|2008-01-22 03:21:28
54698|61634|18798|1961|581|1832|2|134.00|20.10|2008-01-06 03:21:40
54737|61676|1973|6813|2871|1855|4|1204.00|180.60|2008-01-29 04:08:29
54738|61676|1973|8644|2871|1857|2|602.00|90.30|2008-01-31 04:10:13
54767|61699|46415|10408|6302|1840|2|628.00|94.20|2008-01-14 04:38:07
54968|61963|47956|2717|395|1839|2|868.00|130.20|2008-01-13 08:23:19
55321|62421|4668|5594|852|1846|4|288.00|43.20|2008-01-20 04:02:16
55442|62558|3244|4601|3223|1856|1|363.00|54.45|2008-01-30 06:51:34
55482|62593|46088|209|3315|1857|2|868.00|130.20|2008-01-31 07:29:10
55635|62786|41552|10560|4643|1851|2|758.00|113.70|2008-01-25 11:00:00
55848|63005|9378|18677|2782|1851|1|214.00|32.10|2008-01-25 03:08:39
56225|63464|9822|5391|8509|1847|2|930.00|139.50|2008-01-21 10:40:55
56415|63714|44493|7141|4486|1856|4|504.00|75.60|2008-01-30 01:58:24
56434|63743|3029|25651|31|1857|2|350.00|52.50|2008-01-31 02:19:40
56793|64177|39874|8907|683|1842|1|82.00|12.30|2008-01-16 09:25:31
56945|64375|37764|420|1071|1833|2|458.00|68.70|2008-01-07 12:46:53
57000|64455|46110|7772|6733|1852|1|99.00|14.85|2008-01-26 01:02:07
57283|64790|33045|6418|4728|1845|1|359.00|53.85|2008-01-19 01:11:52
57318|64831|4475|11515|4568|1857|1|313.00|46.95|2008-01-31 01:13:20
57319|64831|4475|4941|4568|1849|2|626.00|93.90|2008-01-23 01:13:21
57410|64919|30754|19286|8553|1855|2|414.00|62.10|2008-01-29 01:17:01
57561|65128|45783|6870|7430|1838|1|464.00|69.60|2008-01-12 01:23:06
57562|65128|45783|11181|7430|1843|2|928.00|139.20|2008-01-17 01:23:09
57670|65278|49232|9298|5883|1846|1|190.00|28.50|2008-01-20 01:27:00
58073|65739|12927|1078|6719|1839|8|1880.00|282.00|2008-01-13 01:42:05
58335|66031|18071|1899|3580|1834|1|233.00|34.95|2008-01-08 01:51:37
58336|66031|18071|5519|3580|1838|2|466.00|69.90|2008-01-12 01:51:41
58658|66397|12287|12446|7363|1847|2|470.00|70.50|2008-01-21 02:04:06
58698|66438|30294|3290|2563|1833|1|484.00|72.60|2008-01-07 02:05:20
59052|66807|45953|7677|8548|1845|4|1180.00|177.00|2008-01-19 02:17:58
59053|66807|45953|7676|8548|1845|1|295.00|44.25|2008-01-19 02:18:00
59054|66807|45953|8302|8548|1845|2|590.00|88.50|2008-01-19 02:18:01
59294|67118|8895|14472|5932|1852|4|1436.00|215.40|2008-01-26 02:27:34
59322|67153|3521|6967|3168|1847|1|377.00|56.55|2008-01-21 02:28:32
59497|67359|44891|4555|5462|1852|1|224.00|33.60|2008-01-26 02:35:05
60009|67933|25605|4334|559|1834|2|410.00|61.50|2008-01-08 02:53:51
60090|68033|9559|7678|4118|1836|1|233.00|34.95|2008-01-10 02:57:55
60091|68033|9559|10461|4118|1839|2|466.00|69.90|2008-01-13 02:57:56
60207|68150|22903|20495|4436|1853|2|588.00|88.20|2008-01-27 03:02:36
60553|68588|6278|1449|4732|1834|3|1029.00|154.35|2008-01-08 03:16:41
60554|68588|6278|13900|4732|1849|1|343.00|51.45|2008-01-23 03:16:48
60610|68665|19912|339|4347|1836|3|1074.00|161.10|2008-01-10 03:18:54
60611|68665|19912|6357|4347|1843|1|358.00|53.70|2008-01-17 03:18:55
60735|68793|33684|219|4262|1844|1|125.00|18.75|2008-01-18 03:23:59
60737|68794|20959|3761|3896|1842|2|818.00|122.70|2008-01-16 03:24:06
60803|68871|27318|7514|6132|1857|2|992.00|148.80|2008-01-31 03:25:57
60938|69028|15604|1317|5735|1839|1|125.00|18.75|2008-01-13 03:30:52
61153|69274|48248|4808|3023|1840|2|218.00|32.70|2008-01-14 03:38:46
61643|69866|7389|2905|7476|1841|2|806.00|120.90|2008-01-15 03:58:09
61778|70011|36447|6101|4901|1851|4|508.00|76.20|2008-01-25 04:03:56
61875|70122|27990|2117|3426|1851|2|266.00|39.90|2008-01-25 04:07:23
61876|70122|27990|5761|3426|1855|1|133.00|19.95|2008-01-29 04:07:24
61877|70122|27990|3720|3426|1853|4|532.00|79.80|2008-01-27 04:07:24
62892|71306|17495|449|8788|1836|2|384.00|57.60|2008-01-10 04:45:43
63375|71820|38169|3456|6052|1838|1|166.00|24.90|2008-01-12 05:03:17
63809|72296|9503|11209|5747|1842|4|748.00|112.20|2008-01-16 05:18:46
63810|72296|9503|23186|5747|1856|1|187.00|28.05|2008-01-30 05:18:50
63957|72470|9765|18091|3468|1848|1|406.00|60.90|2008-01-22 05:24:42
64135|72689|20547|13882|3862|1855|2|56.00|8.40|2008-01-29 05:31:38
64136|72689|20547|4410|3862|1844|3|84.00|12.60|2008-01-18 05:31:41
64137|72689|20547|8824|3862|1849|1|28.00|4.20|2008-01-23 05:31:41
64138|72689|20547|3489|3862|1843|4|112.00|16.80|2008-01-17 05:31:43
64482|73081|25605|9098|181|1842|2|186.00|27.90|2008-01-16 05:44:44
64483|73081|25605|9359|181|1843|1|93.00|13.95|2008-01-17 05:44:48
64820|73470|31453|19702|743|1851|1|238.00|35.70|2008-01-25 05:57:17
64821|73470|31453|13613|743|1844|4|952.00|142.80|2008-01-18 05:57:21
64837|73489|21131|2375|4488|1829|2|156.00|23.40|2008-01-03 05:58:02
65082|73790|20429|451|1150|1827|4|472.00|70.80|2008-01-01 06:06:57
65114|73839|19572|16065|7116|1849|4|1212.00|181.80|2008-01-23 06:07:46
65219|73968|17840|6603|5346|1846|4|1312.00|196.80|2008-01-20 06:12:20
65382|74167|45051|1489|7668|1847|2|828.00|124.20|2008-01-21 06:18:33
65383|74167|45051|1752|7668|1848|4|1656.00|248.40|2008-01-22 06:18:33
65450|74230|17496|19702|3798|1857|1|46.00|6.90|2008-01-31 06:21:01
65451|74230|17496|2754|3798|1837|2|92.00|13.80|2008-01-11 06:21:08
65586|74396|14646|20553|2508|1857|1|473.00|70.95|2008-01-31 06:25:47
65844|74690|33712|6274|2901|1838|2|542.00|81.30|2008-01-12 06:36:39
65939|74790|23864|5092|3813|1840|1|409.00|61.35|2008-01-14 06:40:20
66034|74889|32773|2105|3590|1850|1|358.00|53.70|2008-01-24 06:44:24
66039|74895|6172|242|4124|1851|2|242.00|36.30|2008-01-25 06:44:34
66112|74997|41595|7703|4344|1849|4|1024.00|153.60|2008-01-23 06:47:10
66193|75114|12943|2878|7784|1843|2|670.00|100.50|2008-01-17 06:50:17
66194|75114|12943|6309|7784|1847|1|335.00|50.25|2008-01-21 06:50:18
66606|75574|32330|6078|2004|1857|2|854.00|128.10|2008-01-31 07:05:12
66615|75591|3625|6885|4414|1849|1|334.00|50.10|2008-01-23 07:05:48
66616|75592|36349|4686|2468|1848|1|336.00|50.40|2008-01-22 07:05:49
66988|76044|10004|7379|7923|1849|2|592.00|88.80|2008-01-23 07:18:36
67037|76094|40746|7962|603|1837|2|76.00|11.40|2008-01-11 07:20:22
67053|76108|493|2325|8481|1833|1|440.00|66.00|2008-01-07 07:21:10
67195|76264|30228|4837|2669|1845|3|864.00|129.60|2008-01-19 07:26:23
67257|76353|25466|2307|1071|1841|1|399.00|59.85|2008-01-15 07:29:17
67258|76353|25466|10508|1071|1851|2|798.00|119.70|2008-01-25 07:29:19
67378|76518|37995|9406|6717|1854|4|656.00|98.40|2008-01-28 07:34:11
67860|77070|5360|10141|463|1847|1|55.00|8.25|2008-01-21 07:52:46
67928|77151|48470|4294|8701|1834|2|520.00|78.00|2008-01-08 07:55:36
67989|77207|18754|1144|1338|1834|2|152.00|22.80|2008-01-08 07:57:44
68013|77238|23081|7626|7335|1856|2|900.00|135.00|2008-01-30 07:58:31
68141|77405|17167|18467|8095|1849|2|162.00|24.30|2008-01-23 08:02:53
68151|77417|42241|5952|2106|1841|4|1552.00|232.80|2008-01-15 08:03:10
68209|77488|31986|10819|4183|1844|2|650.00|97.50|2008-01-18 08:05:28
68359|77681|2990|12767|2365|1842|1|411.00|61.65|2008-01-16 08:10:27
68360|77681|2990|10969|2365|1840|4|1644.00|246.60|2008-01-14 08:10:29
68989|78436|34559|4462|5016|1840|3|762.00|114.30|2008-01-14 08:32:45
69401|78958|27143|19960|1491|1857|2|940.00|141.00|2008-01-31 08:48:07
69402|78958|27143|2520|1491|1837|1|470.00|70.50|2008-01-11 08:48:11
69407|78965|23914|3216|6519|1830|1|335.00|50.25|2008-01-04 08:48:22
69886|79473|22762|2553|3698|1830|1|286.00|42.90|2008-01-04 09:06:31
70293|79934|27844|16179|5901|1853|3|1164.00|174.60|2008-01-27 09:21:49
70294|79934|27844|6166|5901|1841|2|776.00|116.40|2008-01-15 09:21:54
70424|80080|2025|3188|7704|1850|2|634.00|95.10|2008-01-24 09:26:16
70738|80440|27809|13089|6631|1857|2|362.00|54.30|2008-01-31 09:37:45
70739|80440|27809|5300|6631|1848|4|724.00|108.60|2008-01-22 09:37:45
70778|80482|23979|3375|6849|1849|1|238.00|35.70|2008-01-23 09:39:07
70779|80482|23979|7703|6849|1854|4|952.00|142.80|2008-01-28 09:39:08
70835|80535|2699|7431|7460|1846|2|478.00|71.70|2008-01-20 09:41:02
70836|80535|2699|14934|7460|1855|1|239.00|35.85|2008-01-29 09:41:02
70937|80662|12052|8125|6900|1855|2|712.00|106.80|2008-01-29 09:44:26
70976|80732|32518|5048|281|1838|4|672.00|100.80|2008-01-12 09:45:51
70977|80732|32518|843|281|1833|1|168.00|25.20|2008-01-07 09:45:53
71087|80876|20012|6688|826|1849|2|574.00|86.10|2008-01-23 09:50:12
71319|81142|20032|15157|8490|1850|1|145.00|21.75|2008-01-24 09:59:00
71440|81315|14761|506|4854|1843|4|692.00|103.80|2008-01-17 10:03:36
71441|81315|14761|5179|4854|1849|2|346.00|51.90|2008-01-23 10:03:37
71464|81347|17961|11140|1584|1854|2|920.00|138.00|2008-01-28 10:04:18
72012|82077|15103|18796|8718|1855|1|426.00|63.90|2008-01-29 10:25:25
72284|82394|49296|20347|3337|1852|1|444.00|66.60|2008-01-26 10:35:34
72325|82451|34346|1864|2861|1840|2|804.00|120.60|2008-01-14 10:36:35
72760|82996|25649|1579|3148|1847|4|804.00|120.60|2008-01-21 10:53:22
72796|83039|43722|12486|8718|1849|2|802.00|120.30|2008-01-23 10:54:41
72812|83051|15796|5503|7592|1833|1|124.00|18.60|2008-01-07 10:55:17
73423|83777|48005|4462|6825|1855|1|167.00|25.05|2008-01-29 11:17:52
73662|84055|23600|10110|4167|1849|3|1134.00|170.10|2008-01-23 11:26:47
73664|84055|23600|16723|4167|1857|2|756.00|113.40|2008-01-31 11:26:51
73764|84180|16725|13312|5479|1850|4|768.00|115.20|2008-01-24 11:30:36
73765|84180|16725|5186|5479|1841|1|192.00|28.80|2008-01-15 11:30:47
73766|84180|16725|12057|5479|1849|2|384.00|57.60|2008-01-23 11:30:49
73806|84244|12803|5253|4562|1856|1|29.00|4.35|2008-01-30 11:31:52
74697|85268|15159|12226|2000|1853|2|796.00|119.40|2008-01-27 12:07:12
75090|85726|20105|21805|2037|1855|4|888.00|133.20|2008-01-29 12:21:54
75241|85902|8393|15518|5106|1846|1|476.00|71.40|2008-01-20 12:26:36
75242|85902|8393|11100|5106|1841|2|952.00|142.80|2008-01-15 12:26:37
75760|86506|10800|270|5090|1846|4|580.00|87.00|2008-01-20 12:46:03
76035|86835|16164|8631|1628|1843|3|150.00|22.50|2008-01-17 12:56:20
76116|86942|30558|3312|351|1833|1|23.00|3.45|2008-01-07 12:59:03
76117|86942|30558|4846|351|1835|2|46.00|6.90|2008-01-09 12:59:04
76247|87078|37407|3525|8580|1853|4|220.00|33.00|2008-01-27 02:51:30
76372|87197|24208|20310|2343|1852|2|728.00|109.20|2008-01-26 04:50:18
76373|87197|24208|16605|2343|1847|4|1456.00|218.40|2008-01-21 04:50:59
76415|87261|35532|760|6141|1847|4|716.00|107.40|2008-01-21 05:33:23
76671|87590|39549|10376|1014|1841|1|112.00|16.80|2008-01-15 10:00:12
76884|87859|32196|2066|5590|1840|4|1844.00|276.60|2008-01-14 02:10:56
77050|88041|47059|2639|6881|1835|1|239.00|35.85|2008-01-09 05:17:19
77105|88095|11838|3117|6763|1845|3|726.00|108.90|2008-01-19 06:28:34
77106|88095|11838|11621|6763|1855|2|484.00|72.60|2008-01-29 06:28:46
77191|88177|23892|15341|3974|1849|1|104.00|15.60|2008-01-23 08:32:31
77261|88250|47118|5383|8009|1844|2|354.00|53.10|2008-01-18 09:57:42
77400|88378|47203|20706|5362|1852|2|510.00|76.50|2008-01-26 12:35:29
77496|88484|24208|2709|2000|1831|1|445.00|66.75|2008-01-05 02:09:34
77614|88631|1359|8139|7246|1852|2|498.00|74.70|2008-01-26 04:07:50
77703|88740|6752|2006|2481|1834|1|61.00|9.15|2008-01-08 05:37:43
77704|88740|6752|21108|2481|1857|4|244.00|36.60|2008-01-31 05:38:30
77705|88740|6752|7331|2481|1840|2|122.00|18.30|2008-01-14 05:40:17
77991|89059|11443|3586|2209|1846|1|210.00|31.50|2008-01-20 11:27:52
78006|89078|27918|2933|5931|1847|3|1101.00|165.15|2008-01-21 11:42:51
78007|89078|27918|5614|5931|1850|1|367.00|55.05|2008-01-24 11:47:25
78018|89096|48778|17869|146|1854|2|928.00|139.20|2008-01-28 12:01:12
78132|89225|31095|3381|399|1852|4|1808.00|271.20|2008-01-26 01:56:16
78271|89399|10076|18895|415|1849|1|255.00|38.25|2008-01-23 04:04:46
78272|89399|10076|11579|415|1840|2|510.00|76.50|2008-01-14 04:06:40
78285|89411|30132|12839|970|1856|1|128.00|19.20|2008-01-30 04:21:39
78686|89831|32518|16164|2323|1852|2|404.00|60.60|2008-01-26 12:14:53
78688|89831|32518|4202|2323|1838|4|808.00|121.20|2008-01-12 12:16:38
79322|90583|46372|6018|5414|1854|2|430.00|64.50|2008-01-28 12:25:22
79453|90753|36123|9939|5786|1846|1|102.00|15.30|2008-01-20 02:35:16
79552|90859|46192|15012|8650|1857|2|280.00|42.00|2008-01-31 04:28:11
79708|91028|38346|9583|7330|1851|2|328.00|49.20|2008-01-25 07:20:32
79743|91069|41708|9878|4957|1838|2|116.00|17.40|2008-01-12 07:56:50
79817|91171|42781|6919|5784|1837|2|366.00|54.90|2008-01-11 09:36:02
79912|91258|41640|9933|3363|1845|2|502.00|75.30|2008-01-19 11:28:39
79940|91287|2743|962|308|1851|4|1692.00|253.80|2008-01-25 12:00:53
80060|91426|10705|352|4577|1854|2|648.00|97.20|2008-01-28 02:13:40
80330|91737|12085|6025|2921|1850|2|988.00|148.20|2008-01-24 07:32:43
80332|91740|2433|5365|3974|1853|2|592.00|88.80|2008-01-27 07:35:07
80339|91752|26121|18936|2273|1857|4|1612.00|241.80|2008-01-31 07:43:08
80340|91752|26121|16707|2273|1855|1|403.00|60.45|2008-01-29 07:45:04
80341|91752|26121|1891|2273|1837|2|806.00|120.90|2008-01-11 07:45:56
80375|91785|49444|9429|2390|1843|3|1026.00|153.90|2008-01-17 08:31:13
80376|91785|49444|21358|2390|1857|1|342.00|51.30|2008-01-31 08:32:32
80703|92101|4612|8619|3560|1851|4|188.00|28.20|2008-01-25 03:01:58
80704|92101|4612|7606|3560|1850|2|94.00|14.10|2008-01-24 03:02:11
80883|92282|17099|3469|159|1849|2|276.00|41.40|2008-01-23 06:53:40
81001|92402|17847|10377|1348|1850|3|492.00|73.80|2008-01-24 09:16:02
81002|92402|17847|2027|1348|1840|4|656.00|98.40|2008-01-14 09:16:06
81003|92402|17847|2638|1348|1841|1|164.00|24.60|2008-01-15 09:16:53
81238|92644|35282|5523|6561|1834|2|184.00|27.60|2008-01-08 02:22:47
81239|92644|35282|17764|6561|1849|1|92.00|13.80|2008-01-23 02:23:53
81418|92840|43491|12499|7629|1845|1|311.00|46.65|2008-01-19 05:50:37
81573|93027|49085|13198|31|1847|2|846.00|126.90|2008-01-21 08:46:36
81650|93110|48456|572|7307|1853|2|600.00|90.00|2008-01-27 10:29:08
81942|93440|31050|11465|7094|1844|2|714.00|107.10|2008-01-18 04:11:16
82149|93671|44056|4932|4643|1843|1|323.00|48.45|2008-01-17 08:06:07
82150|93671|44056|14311|4643|1855|2|646.00|96.90|2008-01-29 08:06:11
82308|93858|31461|10103|7122|1847|1|437.00|65.55|2008-01-21 11:12:46
82311|93861|16970|16117|4910|1852|4|292.00|43.80|2008-01-26 11:13:18
82312|93861|16970|13610|4910|1849|1|73.00|10.95|2008-01-23 11:13:50
82394|93983|49351|5552|6107|1835|2|906.00|135.90|2008-01-09 12:31:10
82780|94369|7435|725|4836|1857|3|891.00|133.65|2008-01-31 08:05:16
82791|94380|31029|817|1812|1831|4|508.00|76.20|2008-01-05 08:22:29
82905|94502|49730|2135|3139|1839|4|856.00|128.40|2008-01-13 10:25:06
83104|94710|28196|6649|530|1847|1|498.00|74.70|2008-01-21 01:57:16
83203|94834|25644|13869|3025|1849|2|822.00|123.30|2008-01-23 04:00:34
83204|94834|25644|15622|3025|1851|1|411.00|61.65|2008-01-25 04:00:50
83323|94971|30799|5173|2071|1836|1|111.00|16.65|2008-01-10 06:24:31
83389|95073|7573|2296|5112|1833|4|612.00|91.80|2008-01-07 07:51:47
83390|95073|7573|3893|5112|1835|1|153.00|22.95|2008-01-09 07:51:55
83556|95293|8538|1148|5414|1848|4|864.00|129.60|2008-01-22 11:11:14
83557|95293|8538|5006|5414|1853|1|216.00|32.40|2008-01-27 11:11:26
83577|95321|43632|4721|6841|1843|4|1304.00|195.60|2008-01-17 11:43:53
83770|95532|8842|22530|838|1857|1|248.00|37.20|2008-01-31 03:14:54
83843|95615|28548|9062|5219|1838|2|48.00|7.20|2008-01-12 04:56:36
83844|95615|28548|11303|5219|1841|4|96.00|14.40|2008-01-15 04:56:59
83845|95615|28548|13414|5219|1844|1|24.00|3.60|2008-01-18 04:57:51
83886|95669|30542|18773|7706|1855|1|140.00|21.00|2008-01-29 05:54:59
84074|95907|47063|3014|2814|1853|3|684.00|102.60|2008-01-27 09:42:59
84201|96060|12901|713|7731|1856|1|261.00|39.15|2008-01-30 12:21:10
84303|96177|36533|2390|4763|1857|1|352.00|52.80|2008-01-31 02:35:29
84613|96556|4338|2023|6625|1850|1|191.00|28.65|2008-01-24 08:43:09
84644|96603|6051|1312|6641|1828|2|810.00|121.50|2008-01-02 09:31:15
85084|97130|21209|7939|2832|1846|2|210.00|31.50|2008-01-20 06:26:21
85266|97327|23192|14420|5414|1853|1|86.00|12.90|2008-01-27 09:47:22
85426|97519|31244|9145|7558|1845|2|212.00|31.80|2008-01-19 01:05:36
85427|97519|31244|17523|7558|1856|3|318.00|47.70|2008-01-30 01:05:43
85525|97637|33936|13473|2618|1854|1|379.00|56.85|2008-01-28 02:39:58
85870|98040|15087|4790|2254|1855|2|300.00|45.00|2008-01-29 09:39:40
85872|98040|15087|4409|2254|1855|4|600.00|90.00|2008-01-29 09:43:15
85971|98161|40530|860|3064|1849|2|986.00|147.90|2008-01-23 12:01:10
86253|98474|11687|3604|5302|1854|1|385.00|57.75|2008-01-28 05:51:25
86347|98584|47411|373|5449|1848|2|84.00|12.60|2008-01-22 07:28:54
86427|98685|6810|20539|8686|1855|2|902.00|135.30|2008-01-29 08:51:02
86428|98685|6810|10058|8686|1843|4|1804.00|270.60|2008-01-17 08:51:31
87795|100275|14812|16152|7529|1857|2|582.00|87.30|2008-01-31 10:36:22
87797|100275|14812|15296|7529|1856|1|291.00|43.65|2008-01-30 10:36:45
88077|100599|41961|5065|8340|1838|4|1280.00|192.00|2008-01-12 04:04:45
88078|100599|41961|12999|8340|1847|1|320.00|48.00|2008-01-21 04:06:11
88217|100750|18752|2724|761|1850|4|1052.00|157.80|2008-01-24 06:39:26
88447|101036|9468|9317|4221|1843|1|365.00|54.75|2008-01-17 10:44:06
88689|101313|24697|1553|3925|1856|1|173.00|25.95|2008-01-30 03:09:31
88782|101415|41872|92|5365|1832|4|1324.00|198.60|2008-01-06 04:51:02
88794|101429|40527|5661|2121|1854|1|88.00|13.20|2008-01-28 05:01:26
88796|101429|40527|6163|2121|1855|2|176.00|26.40|2008-01-29 05:03:34
89168|101843|34403|3821|1268|1838|2|206.00|30.90|2008-01-12 12:37:40
89406|102099|47888|14545|571|1844|2|70.00|10.50|2008-01-18 05:00:13
89407|102099|47888|10817|571|1839|4|140.00|21.00|2008-01-13 05:01:47
89408|102099|47888|18973|571|1849|1|35.00|5.25|2008-01-23 05:04:17
89531|102253|35851|24636|6657|1857|2|354.00|53.10|2008-01-31 07:12:54
89532|102253|35851|7068|6657|1836|1|177.00|26.55|2008-01-10 07:12:56
89786|102529|39689|359|7879|1835|2|870.00|130.50|2008-01-09 11:52:35
89846|102601|38573|652|6526|1842|1|202.00|30.30|2008-01-16 12:47:31
90326|103127|15709|10082|4381|1850|2|876.00|131.40|2008-01-24 10:29:20
90451|103260|20597|10388|7269|1856|2|162.00|24.30|2008-01-30 12:54:34
90493|103305|27318|16978|4344|1853|2|996.00|149.40|2008-01-27 01:57:05
90494|103305|27318|17662|4344|1854|1|498.00|74.70|2008-01-28 01:57:18
90642|103476|11902|2460|5300|1844|2|776.00|116.40|2008-01-18 04:58:16
90915|103765|44304|12138|2060|1848|2|130.00|19.50|2008-01-22 10:17:02
90916|103765|44304|15107|2060|1852|1|65.00|9.75|2008-01-26 10:17:30
91058|103912|19328|861|4287|1846|1|498.00|74.70|2008-01-20 01:03:58
91703|104633|30222|16416|2337|1851|4|1304.00|195.60|2008-01-25 12:59:54
91704|104633|30222|15751|2337|1850|1|326.00|48.90|2008-01-24 01:00:15
91856|104816|18081|2878|6975|1846|4|180.00|27.00|2008-01-20 03:39:29
92122|105130|48598|14842|7256|1856|1|277.00|41.55|2008-01-30 08:36:34
92149|105158|36271|1254|7445|1839|2|664.00|99.60|2008-01-13 09:08:18
92316|105365|31751|3781|4654|1842|2|274.00|41.10|2008-01-16 12:27:09
92451|105536|21789|15680|955|1847|2|242.00|36.30|2008-01-21 03:04:43
92928|106059|29196|5995|1348|1840|1|186.00|27.90|2008-01-14 12:17:46
93212|106407|48168|9200|4991|1853|1|427.00|64.05|2008-01-27 05:34:39
93227|106429|44320|3802|8009|1847|3|546.00|81.90|2008-01-21 05:47:15
93262|106472|12394|9511|2640|1842|2|682.00|102.30|2008-01-16 06:37:00
93712|107028|26128|11993|3135|1848|4|484.00|72.60|2008-01-22 03:29:29
94086|107448|24534|6481|4706|1836|2|364.00|54.60|2008-01-10 10:30:37
94087|107448|24534|21855|4706|1855|1|182.00|27.30|2008-01-29 10:31:34
94576|107980|32525|427|3996|1843|4|1676.00|251.40|2008-01-17 07:42:01
94587|107996|46895|3144|6889|1833|2|76.00|11.40|2008-01-07 07:54:11
94631|108048|37306|3144|7586|1853|2|462.00|69.30|2008-01-27 08:34:49
94642|108062|43918|4990|399|1841|2|564.00|84.60|2008-01-15 08:46:30
94778|108201|7118|23123|5309|1856|3|1125.00|168.75|2008-01-30 11:43:54
94779|108201|7118|8651|5309|1839|1|375.00|56.25|2008-01-13 11:44:11
94780|108201|7118|112|5309|1829|2|750.00|112.50|2008-01-03 11:44:23
94850|108271|12505|21122|3776|1857|2|616.00|92.40|2008-01-31 01:30:13
94851|108271|12505|10810|3776|1844|1|308.00|46.20|2008-01-18 01:30:27
94852|108271|12505|5099|3776|1838|3|924.00|138.60|2008-01-12 01:31:04
94883|108315|48428|11|2326|1847|1|71.00|10.65|2008-01-21 02:03:54
94955|108399|21414|5024|8340|1838|2|586.00|87.90|2008-01-12 03:22:39
94965|108407|35177|21422|4358|1857|2|800.00|120.00|2008-01-31 03:37:59
94966|108407|35177|13062|4358|1847|1|400.00|60.00|2008-01-21 03:38:01
95040|108485|3377|10534|604|1842|2|720.00|108.00|2008-01-16 05:05:55
95128|108590|12287|4714|4349|1850|2|344.00|51.60|2008-01-24 06:47:08
95230|108705|48983|9330|1786|1839|4|1732.00|259.80|2008-01-13 08:50:22
95231|108705|48983|16950|1786|1848|2|866.00|129.90|2008-01-22 08:52:07
95439|108945|11087|13391|826|1848|1|45.00|6.75|2008-01-22 01:11:57
95472|108985|30715|5851|8496|1850|2|708.00|106.20|2008-01-24 01:48:15
95668|109228|14958|6159|6820|1853|2|980.00|147.00|2008-01-27 05:33:22
95803|109377|23343|6188|4358|1837|1|177.00|26.55|2008-01-11 08:20:32
96012|109600|36297|9916|566|1851|4|488.00|73.20|2008-01-25 12:56:26
96013|109600|36297|11077|566|1853|1|122.00|18.30|2008-01-27 12:59:23
96527|110194|44178|9364|7119|1854|3|1101.00|165.15|2008-01-28 12:18:20
96810|110502|16628|105|7593|1839|4|688.00|103.20|2008-01-13 06:40:46
97057|110783|38246|3279|1851|1857|4|944.00|141.60|2008-01-31 11:57:22
97059|110785|7430|776|1413|1841|1|327.00|49.05|2008-01-15 12:00:11
97094|110824|4709|12960|1425|1842|2|298.00|44.70|2008-01-16 12:35:52
97284|111061|15814|16945|2564|1853|1|85.00|12.75|2008-01-27 04:38:10
97397|111207|6807|1017|2221|1848|2|152.00|22.80|2008-01-22 06:59:35
97416|111238|35161|996|4267|1839|1|416.00|62.40|2008-01-13 07:17:31
97761|111659|33766|2763|2510|1845|1|402.00|60.30|2008-01-19 02:21:47
97783|111689|42104|18117|8278|1851|2|280.00|42.00|2008-01-25 02:45:02
98227|112221|30278|10547|2640|1852|3|1416.00|212.40|2008-01-26 12:14:28
98228|112221|30278|11494|2640|1853|1|472.00|70.80|2008-01-27 12:16:06
98513|112551|25816|1841|395|1831|3|1206.00|180.90|2008-01-05 05:43:45
98514|112551|25816|4028|395|1833|4|1608.00|241.20|2008-01-07 05:43:52
98515|112551|25816|4916|395|1834|1|402.00|60.30|2008-01-08 05:44:50
98543|112588|11562|7759|2508|1838|2|272.00|40.80|2008-01-12 06:09:27
98596|112647|41860|638|5990|1835|1|93.00|13.95|2008-01-09 07:30:55
98830|112948|28545|7966|5097|1853|1|328.00|49.20|2008-01-27 12:32:07
99290|113496|46896|10252|3468|1852|2|140.00|21.00|2008-01-26 10:49:55
99514|113746|1345|1313|1105|1838|1|153.00|22.95|2008-01-12 03:41:42
99519|113752|26554|2383|7784|1837|1|288.00|43.20|2008-01-11 03:53:04
99520|113752|26554|19160|7784|1857|2|576.00|86.40|2008-01-31 03:55:43
99642|113888|31617|7594|5355|1848|1|471.00|70.65|2008-01-22 06:32:49
99880|114160|14765|2719|1400|1844|4|1188.00|178.20|2008-01-18 12:06:22
100026|114358|44006|13966|563|1855|1|268.00|40.20|2008-01-29 03:54:38
100517|114919|40249|7095|5346|1855|1|388.00|58.20|2008-01-29 02:58:24
100518|114919|40249|2034|5346|1849|4|1552.00|232.80|2008-01-23 02:59:51
100519|114919|40249|7161|5346|1855|2|776.00|116.40|2008-01-29 03:00:12
101046|115557|17872|8537|1924|1837|2|390.00|58.50|2008-01-11 03:44:52
101047|115557|17872|23200|1924|1854|1|195.00|29.25|2008-01-28 03:46:26
101533|116114|40145|1010|2652|1857|2|362.00|54.30|2008-01-31 03:37:21
101659|116259|11524|9716|7529|1853|1|77.00|11.55|2008-01-27 06:56:31
101660|116259|11524|91|7529|1842|3|231.00|34.65|2008-01-16 06:58:16
101832|116445|21866|4901|1242|1841|2|294.00|44.10|2008-01-15 11:10:12
102153|116829|15816|6171|7198|1834|2|722.00|108.30|2008-01-08 07:03:36
102214|116907|21856|8195|3074|1841|3|549.00|82.35|2008-01-15 08:23:27
102215|116907|21856|11706|3074|1846|1|183.00|27.45|2008-01-20 08:25:40
102216|116907|21856|19662|3074|1855|2|366.00|54.90|2008-01-29 08:26:16
102346|117095|47987|7982|7424|1838|1|346.00|51.90|2008-01-12 12:06:48
102347|117095|47987|9323|7424|1840|3|1038.00|155.70|2008-01-14 12:10:19
102348|117095|47987|208|7424|1829|2|692.00|103.80|2008-01-03 12:10:58
102419|117182|29273|10263|184|1856|2|592.00|88.80|2008-01-30 02:24:13
102569|117351|43432|23843|4901|1855|1|218.00|32.70|2008-01-29 06:10:33
102654|117437|33519|12072|1769|1854|1|293.00|43.95|2008-01-28 08:31:57
102655|117437|33519|4126|1769|1844|4|1172.00|175.80|2008-01-18 08:32:51
102761|117551|43697|75|8233|1842|1|139.00|20.85|2008-01-16 11:02:03
103077|117875|36921|14466|3294|1856|2|798.00|119.70|2008-01-30 07:03:25
103111|117913|18841|1328|3189|1843|2|42.00|6.30|2008-01-17 07:54:21
103262|118083|26088|17717|5979|1853|2|894.00|134.10|2008-01-27 11:51:38
103324|118164|36611|2426|3494|1829|4|1640.00|246.00|2008-01-03 01:38:23
103800|118748|17201|1370|5813|1834|1|348.00|52.20|2008-01-08 01:43:04
103801|118748|17201|11640|5813|1846|2|696.00|104.40|2008-01-20 01:45:01
103912|118861|47168|4453|4088|1854|2|456.00|68.40|2008-01-28 04:49:42
103916|118865|30595|11225|8450|1840|3|1476.00|221.40|2008-01-14 04:59:23
104144|119128|21841|9096|7|1845|2|488.00|73.20|2008-01-19 11:03:04
104146|119128|21841|1563|7|1836|1|244.00|36.60|2008-01-10 11:10:15
104194|119191|17951|10686|8429|1841|2|512.00|76.80|2008-01-15 12:38:58
104195|119191|17951|8300|8429|1838|1|256.00|38.40|2008-01-12 12:40:58
104415|119452|30867|2878|4910|1857|4|324.00|48.60|2008-01-31 07:16:52
105019|120173|36124|2424|4389|1852|1|330.00|49.50|2008-01-26 12:58:45
105180|120358|26721|16769|3497|1853|2|934.00|140.10|2008-01-27 05:33:14
105191|120367|34095|10836|1268|1841|2|412.00|61.80|2008-01-15 05:45:18
105401|120604|43189|5883|7210|1855|2|758.00|113.70|2008-01-29 11:24:59
105739|121028|49776|4816|4692|1843|2|612.00|91.80|2008-01-17 08:48:23
105862|121153|31197|12952|8502|1844|4|1076.00|161.40|2008-01-18 12:28:59
105863|121153|31197|7844|8502|1838|1|269.00|40.35|2008-01-12 12:30:34
105919|121209|19686|9611|3479|1854|4|516.00|77.40|2008-01-28 02:18:28
105920|121212|27334|13926|3188|1853|4|1624.00|243.60|2008-01-27 02:19:52
105921|121212|27334|1194|3188|1838|2|812.00|121.80|2008-01-12 02:22:55
106071|121400|32144|20861|903|1854|1|434.00|65.10|2008-01-28 07:03:05
107300|122805|29244|1662|8021|1839|1|291.00|43.65|2008-01-13 10:33:31
107806|123382|29270|4821|3509|1843|1|493.00|73.95|2008-01-17 04:57:09
107990|123578|36769|10599|7307|1855|3|1116.00|167.40|2008-01-29 11:39:15
108334|123980|9829|768|3013|1847|1|173.00|25.95|2008-01-21 01:54:22
108567|124276|23451|469|1010|1843|2|116.00|17.40|2008-01-17 09:05:39
108569|124276|23451|590|1010|1843|3|174.00|26.10|2008-01-17 09:11:50
108668|124413|47344|6536|8701|1855|1|180.00|27.00|2008-01-29 12:19:21
108771|124525|28905|125|5056|1829|1|274.00|41.10|2008-01-03 04:31:06
108786|124543|41869|3137|3919|1856|1|207.00|31.05|2008-01-30 05:08:13
108884|124655|23473|7015|1466|1843|1|153.00|22.95|2008-01-17 08:31:54
108933|124710|6772|4755|5111|1857|4|1996.00|299.40|2008-01-31 10:35:17
109096|124904|21750|6607|852|1846|2|108.00|16.20|2008-01-20 05:13:18
109452|125351|33763|2515|5687|1849|4|1272.00|190.80|2008-01-23 09:33:58
109622|125544|18715|5362|3969|1846|2|728.00|109.20|2008-01-20 04:52:39
109657|125577|37559|5793|6719|1851|3|948.00|142.20|2008-01-25 06:33:31
109894|125819|36302|3218|5520|1851|1|139.00|20.85|2008-01-25 05:03:32
110402|126439|34589|1890|1392|1852|2|944.00|141.60|2008-01-26 04:37:49
110440|126487|21433|1992|5829|1853|2|278.00|41.70|2008-01-27 06:43:56
110711|126827|23635|20519|3590|1851|1|267.00|40.05|2008-01-25 07:55:43
110712|126827|23635|22305|3590|1853|4|1068.00|160.20|2008-01-27 07:57:37
110815|126939|20459|12480|3884|1849|4|1012.00|151.80|2008-01-23 12:53:47
111198|127359|5746|7846|6341|1857|4|628.00|94.20|2008-01-31 12:18:36
111199|127359|5746|3080|6341|1851|1|157.00|23.55|2008-01-25 12:22:44
111213|127381|21655|3420|5447|1841|4|1684.00|252.60|2008-01-15 01:30:14
111556|127766|47063|2790|7543|1845|4|788.00|118.20|2008-01-19 01:37:11
111568|127784|22161|10689|1405|1857|2|482.00|72.30|2008-01-31 02:05:21
111786|128053|30678|17603|8333|1854|2|302.00|45.30|2008-01-28 04:20:25
111787|128053|30678|3361|8333|1837|1|151.00|22.65|2008-01-11 04:21:15
111878|128148|10913|1462|2524|1835|1|335.00|50.25|2008-01-09 10:20:55
112010|128303|7923|1484|7198|1850|2|842.00|126.30|2008-01-24 08:01:38
112072|128379|22203|20316|5593|1854|3|399.00|59.85|2008-01-28 12:11:47
112073|128379|22203|13610|5593|1846|1|133.00|19.95|2008-01-20 12:18:26
112154|128490|26750|8405|8596|1837|1|172.00|25.80|2008-01-11 06:58:01
112204|128544|13286|6892|181|1847|1|324.00|48.60|2008-01-21 10:59:32
112205|128544|13286|14681|181|1856|2|648.00|97.20|2008-01-30 11:06:16
112502|128915|48332|11058|4349|1855|1|86.00|12.90|2008-01-29 01:35:54
112608|129039|14426|1714|7839|1839|1|419.00|62.85|2008-01-13 02:16:39
112858|129298|7885|3718|6657|1856|4|1628.00|244.20|2008-01-30 01:47:54
112993|129445|6289|3054|2472|1838|1|236.00|35.40|2008-01-12 01:46:53
112994|129445|6289|261|2472|1835|2|472.00|70.80|2008-01-09 01:51:41
113089|129563|43581|7710|7375|1853|2|774.00|116.10|2008-01-27 07:26:34
113206|129687|41772|10393|8668|1852|2|864.00|129.60|2008-01-26 07:15:30
113207|129687|41772|14885|8668|1857|1|432.00|64.80|2008-01-31 07:37:20
113209|129690|13974|264|1563|1856|1|84.00|12.60|2008-01-30 09:51:06
113782|130317|36016|3638|3724|1838|1|312.00|46.80|2008-01-12 08:19:34
113845|130420|27092|3297|8490|1839|4|376.00|56.40|2008-01-13 03:14:12
113858|130433|46333|20651|6884|1853|2|478.00|71.70|2008-01-27 04:40:02
113859|130433|46333|8419|6884|1839|1|239.00|35.85|2008-01-13 04:40:16
113923|130500|22682|2907|5554|1857|1|184.00|27.60|2008-01-31 10:35:39
113961|130554|2761|6943|2819|1843|2|410.00|61.50|2008-01-17 02:42:05
113962|130554|2761|12080|2819|1849|1|205.00|30.75|2008-01-23 02:53:09
114188|130787|20512|10350|5527|1847|2|120.00|18.00|2008-01-21 11:04:31
114328|130961|4238|12391|773|1856|2|572.00|85.80|2008-01-30 10:05:43
114428|131063|49836|5448|1101|1841|2|762.00|114.30|2008-01-15 05:07:07
114521|131153|630|9095|8052|1842|2|350.00|52.50|2008-01-16 12:22:45
114650|131302|37445|10469|8296|1847|1|139.00|20.85|2008-01-21 10:12:18
114788|131449|41377|9405|5518|1857|1|498.00|74.70|2008-01-31 07:13:10
114817|131483|5990|4064|2171|1836|4|1240.00|186.00|2008-01-10 09:08:43
114818|131483|5990|5448|2171|1838|2|620.00|93.00|2008-01-12 09:11:31
114912|131591|32121|2047|5043|1838|1|61.00|9.15|2008-01-12 03:57:07
115182|131852|18717|5993|3884|1835|1|351.00|52.65|2008-01-09 06:27:11
115369|132096|46854|756|3659|1848|4|644.00|96.60|2008-01-22 05:45:38
115382|132110|9345|2059|8664|1855|4|872.00|130.80|2008-01-29 06:09:57
115434|132159|2095|928|452|1844|3|261.00|39.15|2008-01-18 08:54:52
115435|132159|2095|903|452|1844|1|87.00|13.05|2008-01-18 08:58:00
115812|132597|38119|10350|4577|1853|2|522.00|78.30|2008-01-27 04:01:24
115982|132810|4069|6713|398|1845|2|462.00|69.30|2008-01-19 12:25:38
116255|133138|7309|13958|1989|1850|1|415.00|62.25|2008-01-24 01:44:19
116279|133169|38820|1608|65|1857|2|938.00|140.70|2008-01-31 03:19:02
116285|133185|26738|8153|4423|1848|2|198.00|29.70|2008-01-22 03:27:35
116286|133185|26738|6259|4423|1846|3|297.00|44.55|2008-01-20 03:35:02
116318|133220|39679|9988|4881|1848|1|274.00|41.10|2008-01-22 04:44:18
116332|133228|36608|6824|2676|1835|1|204.00|30.60|2008-01-09 05:10:56
116397|133304|29194|1995|1553|1843|3|1107.00|166.05|2008-01-17 07:55:26
116508|133418|32107|9493|1615|1840|1|299.00|44.85|2008-01-14 12:20:16
116509|133418|32107|14187|1615|1846|2|598.00|89.70|2008-01-20 12:24:32
116516|133422|47559|4842|6847|1833|3|585.00|87.75|2008-01-07 12:39:16
116582|133501|30537|1999|6721|1831|1|36.00|5.40|2008-01-05 03:52:23
116713|133657|2315|3054|6787|1857|1|290.00|43.50|2008-01-31 09:11:41
116728|133672|36656|9988|3587|1838|1|166.00|24.90|2008-01-12 09:43:30
116771|133715|48589|7333|514|1854|1|217.00|32.55|2008-01-28 11:24:38
116772|133715|48589|7001|514|1854|3|651.00|97.65|2008-01-28 11:25:59
116773|133715|48589|8383|514|1856|2|434.00|65.10|2008-01-30 11:27:01
116853|133793|28549|5376|327|1839|1|60.00|9.00|2008-01-13 02:54:13
116854|133793|28549|20736|327|1857|2|120.00|18.00|2008-01-31 02:56:52
116871|133818|27263|10102|1026|1853|1|343.00|51.45|2008-01-27 03:37:51
116872|133818|27263|7292|1026|1849|2|686.00|102.90|2008-01-23 03:40:26
116943|133897|19687|504|7330|1840|1|126.00|18.90|2008-01-14 06:35:30
117024|133995|42829|130|1588|1857|3|810.00|121.50|2008-01-31 09:52:02
117140|134136|59|6835|1268|1842|1|362.00|54.30|2008-01-16 02:07:41
117158|134170|20087|355|8547|1829|1|362.00|54.30|2008-01-03 02:38:17
117159|134170|20087|8774|8547|1839|2|724.00|108.60|2008-01-13 02:42:44
117229|134237|2279|15006|7182|1856|3|582.00|87.30|2008-01-30 05:19:57
117230|134237|2279|3775|7182|1842|2|388.00|58.20|2008-01-16 05:24:32
117351|134353|12211|6275|1102|1838|1|79.00|11.85|2008-01-12 10:55:16
117590|134647|40745|160|4735|1853|2|372.00|55.80|2008-01-27 08:01:15
117705|134779|23447|268|3888|1840|4|1616.00|242.40|2008-01-14 12:13:52
117807|134903|45242|14906|1628|1849|1|129.00|19.35|2008-01-23 04:02:53
117808|134903|45242|19016|1628|1854|3|387.00|58.05|2008-01-28 04:04:29
117877|135005|25059|9905|649|1848|4|1492.00|223.80|2008-01-22 06:28:10
117878|135005|25059|6974|649|1845|2|746.00|111.90|2008-01-19 06:29:16
118006|135170|47364|9888|2436|1857|2|312.00|46.80|2008-01-31 11:27:16
118393|135611|9019|15284|3993|1856|4|696.00|104.40|2008-01-30 12:40:17
118656|135909|8186|3219|3734|1855|1|381.00|57.15|2008-01-29 09:56:34
118693|135953|204|10854|5913|1843|2|46.00|6.90|2008-01-17 11:02:30
118884|136152|47675|4706|2634|1839|4|836.00|125.40|2008-01-13 05:39:28
119128|136443|40509|12981|3821|1846|2|526.00|78.90|2008-01-20 01:39:41
119287|136593|20585|394|8184|1836|1|288.00|43.20|2008-01-10 07:09:36
119452|136787|43411|16179|2693|1852|2|582.00|87.30|2008-01-26 12:52:43
119830|137209|7356|15868|6717|1855|3|186.00|27.90|2008-01-29 02:00:04
119831|137209|7356|17341|6717|1856|1|62.00|9.30|2008-01-30 02:00:32
119832|137209|7356|2447|6717|1838|2|124.00|18.60|2008-01-12 02:06:02
119861|137236|28902|5369|3874|1848|2|722.00|108.30|2008-01-22 03:13:17
119969|137358|8940|6203|6211|1856|4|1884.00|282.60|2008-01-30 06:32:13
120486|137957|4690|8243|7719|1847|3|1395.00|209.25|2008-01-21 11:15:00
120487|137957|4690|12284|7719|1852|1|465.00|69.75|2008-01-26 11:16:09
120521|137997|27937|8122|2314|1839|4|520.00|78.00|2008-01-13 12:02:41
120522|137997|27937|20268|2314|1854|2|260.00|39.00|2008-01-28 12:03:12
120613|138076|17759|2503|4957|1853|1|225.00|33.75|2008-01-27 02:45:44
120873|138368|30403|916|3181|1856|3|1173.00|175.95|2008-01-30 10:21:15
121343|138918|19600|682|1524|1855|1|380.00|57.00|2008-01-29 01:02:55
121480|139070|47464|9951|6709|1845|2|138.00|20.70|2008-01-19 05:12:54
121481|139070|47464|14495|6709|1851|3|207.00|31.05|2008-01-25 05:15:50
121482|139070|47464|15020|6709|1852|4|276.00|41.40|2008-01-26 05:16:44
121593|139198|6844|11989|4957|1854|2|910.00|136.50|2008-01-28 07:47:36
121736|139382|4902|134|1588|1852|4|696.00|104.40|2008-01-26 12:12:16
121898|139547|40902|173|6152|1829|3|1068.00|160.20|2008-01-03 04:40:40
122290|140006|33769|13858|2071|1853|1|475.00|71.25|2008-01-27 02:55:46
122302|140023|30244|14522|6086|1849|1|162.00|24.30|2008-01-23 03:11:06
122320|140044|26333|17403|5542|1855|2|102.00|15.30|2008-01-29 03:39:33
122321|140044|26333|16284|5542|1854|1|51.00|7.65|2008-01-28 03:43:05
122408|140133|25407|2896|5811|1846|4|1836.00|275.40|2008-01-20 05:51:32
122660|140404|13136|16250|6151|1849|1|44.00|6.60|2008-01-23 12:20:21
122776|140547|136|3508|7058|1856|2|388.00|58.20|2008-01-30 03:50:46
122780|140550|32590|1083|7773|1848|4|1032.00|154.80|2008-01-22 03:53:10
122781|140550|32590|6843|7773|1855|2|516.00|77.40|2008-01-29 03:56:31
123322|141172|838|4085|1606|1851|1|408.00|61.20|2008-01-25 04:23:33
124044|142043|29978|1522|3724|1853|1|412.00|61.80|2008-01-27 11:33:19
124103|142144|7485|846|7151|1839|4|1968.00|295.20|2008-01-13 01:19:14
124286|142323|26846|3712|2180|1844|1|415.00|62.25|2008-01-18 05:47:40
124535|142619|37725|1|4518|1839|2|798.00|119.70|2008-01-13 12:01:13
124564|142660|37572|2374|7222|1853|2|690.00|103.50|2008-01-27 12:45:25
124621|142719|15516|5501|2832|1842|1|469.00|70.35|2008-01-16 02:19:12
124627|142729|32197|16463|1338|1855|2|378.00|56.70|2008-01-29 02:25:05
124861|142970|5527|3926|2498|1852|3|795.00|119.25|2008-01-26 07:59:56
125221|143410|26790|8531|2465|1849|2|252.00|37.80|2008-01-23 04:15:37
125222|143410|26790|1243|2465|1840|1|126.00|18.90|2008-01-14 04:15:42
125306|143500|31893|9715|7787|1855|2|756.00|113.40|2008-01-29 06:09:48
125533|143743|7082|2666|3594|1841|1|83.00|12.45|2008-01-15 11:16:43
125611|143831|7982|3059|3232|1844|1|346.00|51.90|2008-01-18 01:12:00
125781|144006|6565|9172|5668|1848|4|696.00|104.40|2008-01-22 05:20:59
125949|144192|1478|10410|2244|1840|2|474.00|71.10|2008-01-14 09:04:03
125950|144192|1478|4680|2244|1833|1|237.00|35.55|2008-01-07 09:05:02
126201|144538|28239|3932|73|1856|4|1620.00|243.00|2008-01-30 03:14:24
126202|144538|28239|130|73|1852|3|1215.00|182.25|2008-01-26 03:14:59
126203|144538|28239|767|73|1852|1|405.00|60.75|2008-01-26 03:15:33
126278|144626|37974|2300|2205|1839|1|243.00|36.45|2008-01-13 04:40:37
126417|144804|35302|21116|2045|1856|2|890.00|133.50|2008-01-30 07:26:30
126423|144812|1710|6831|5495|1857|1|471.00|70.65|2008-01-31 07:40:29
126462|144867|23599|10355|603|1845|2|702.00|105.30|2008-01-19 08:45:23
126729|145160|36002|18966|2160|1855|4|96.00|14.40|2008-01-29 02:50:48
126824|145277|35673|4332|3666|1847|2|330.00|49.50|2008-01-21 04:49:55
126892|145342|10845|866|6052|1837|1|138.00|20.70|2008-01-11 06:18:21
126916|145364|41719|11287|697|1845|1|486.00|72.90|2008-01-19 06:44:26
128123|146838|32495|14300|6657|1845|2|852.00|127.80|2008-01-19 09:15:54
128124|146838|32495|1398|6657|1829|3|1278.00|191.70|2008-01-03 09:19:09
128125|146838|32495|12822|6657|1843|1|426.00|63.90|2008-01-17 09:20:52
128393|147168|38047|2142|48|1846|2|156.00|23.40|2008-01-20 03:00:33
128458|147259|4390|10777|6517|1848|2|852.00|127.80|2008-01-22 04:42:26
128644|147458|21061|4814|1663|1845|1|464.00|69.60|2008-01-19 08:28:21
128712|147541|48905|3857|2963|1855|1|169.00|25.35|2008-01-29 09:49:08
128869|147726|39661|1553|1952|1829|2|874.00|131.10|2008-01-03 12:55:52
129096|147995|38214|1201|722|1851|1|113.00|16.95|2008-01-25 05:39:25
129410|148412|5096|7876|2984|1855|1|398.00|59.70|2008-01-29 12:36:14
129464|148470|45369|10130|8345|1840|2|424.00|63.60|2008-01-14 01:48:08
129465|148470|45369|8718|8345|1838|4|848.00|127.20|2008-01-12 01:48:18
129466|148470|45369|5191|8345|1834|1|212.00|31.80|2008-01-08 01:48:41
129507|148521|3433|1844|159|1844|4|1052.00|157.80|2008-01-18 02:40:24
129509|148521|3433|7620|159|1851|1|263.00|39.45|2008-01-25 02:40:54
129581|148596|15134|4393|51|1838|1|31.00|4.65|2008-01-12 04:02:12
129870|148932|34289|8972|792|1850|1|264.00|39.60|2008-01-24 10:01:25
130036|149094|44623|2707|6604|1856|2|948.00|142.20|2008-01-30 01:31:09
130394|149497|25499|11832|181|1848|4|1712.00|256.80|2008-01-22 09:03:15
130396|149497|25499|9557|181|1845|2|856.00|128.40|2008-01-19 09:07:57
130620|149760|18702|11247|5302|1844|2|970.00|145.50|2008-01-18 01:13:21
130915|150113|13188|21820|444|1857|1|305.00|45.75|2008-01-31 06:55:57
130928|150132|7686|18889|5557|1857|3|114.00|17.10|2008-01-31 07:08:42
131396|151724|41395|1845|4811|1836|2|456.00|68.40|2008-01-10 04:02:24
131438|151775|29146|4865|8502|1834|4|1024.00|153.60|2008-01-08 04:58:02
131439|151775|29146|4274|8502|1834|2|512.00|76.80|2008-01-08 04:58:09
131556|151918|40947|14500|8115|1850|2|526.00|78.90|2008-01-24 06:58:09
132455|152961|7188|656|1898|1846|2|976.00|146.40|2008-01-20 12:01:07
132456|152961|7188|5993|1898|1853|3|1464.00|219.60|2008-01-27 12:01:51
132538|153070|32666|17148|89|1851|1|234.00|35.10|2008-01-25 01:41:13
132592|153152|37250|17348|8753|1852|2|682.00|102.30|2008-01-26 02:44:50
132686|153245|17665|15868|6386|1855|2|480.00|72.00|2008-01-29 04:39:17
132984|153612|30677|16560|3184|1854|3|1296.00|194.40|2008-01-28 10:11:47
132985|153612|30677|16392|3184|1854|2|864.00|129.60|2008-01-28 10:11:54
132986|153612|30677|17170|3184|1855|4|1728.00|259.20|2008-01-29 10:12:48
132987|153612|30677|13244|3184|1850|1|432.00|64.80|2008-01-24 10:13:13
133148|153799|30868|2014|720|1845|2|444.00|66.60|2008-01-19 01:16:19
133260|153931|39733|11231|79|1854|1|483.00|72.45|2008-01-28 03:21:52
133382|154072|17435|1798|4728|1842|2|890.00|133.50|2008-01-16 05:43:19
133572|154313|35207|2017|1085|1837|1|308.00|46.20|2008-01-11 09:12:42
133672|154450|15489|9590|5065|1848|2|710.00|106.50|2008-01-22 10:54:49
134232|155110|9620|7712|5071|1838|2|176.00|26.40|2008-01-12 09:06:47
134233|155110|9620|10465|5071|1841|1|88.00|13.20|2008-01-15 09:07:25
134626|155576|35439|9141|48|1842|1|209.00|31.35|2008-01-16 04:54:48
135082|156090|2192|19728|1118|1851|1|50.00|7.50|2008-01-25 01:30:24
135292|156316|47888|10070|1085|1841|1|45.00|6.75|2008-01-15 05:25:24
135489|156530|11234|1298|6499|1841|2|390.00|58.50|2008-01-15 09:19:10
135714|156799|31304|110|64|1855|4|1532.00|229.80|2008-01-29 12:54:24
135791|156887|18704|6107|4924|1855|1|253.00|37.95|2008-01-29 02:24:17
137469|158778|35535|10961|1628|1857|2|780.00|117.00|2008-01-31 09:20:00
137618|158968|20509|4101|7307|1855|1|438.00|65.70|2008-01-29 12:28:11
137729|159087|32521|4022|4499|1841|2|650.00|97.50|2008-01-15 02:25:26
137730|159087|32521|7345|4499|1845|1|325.00|48.75|2008-01-19 02:28:37
138811|160407|42031|9899|3718|1850|4|1068.00|160.20|2008-01-24 11:25:42
138812|160407|42031|1023|3718|1840|2|534.00|80.10|2008-01-14 11:27:28
138845|160441|43391|5840|2124|1852|2|556.00|83.40|2008-01-26 12:07:38
139117|160765|45076|1121|2428|1842|1|130.00|19.50|2008-01-16 05:07:46
139329|161018|33467|21943|356|1853|4|736.00|110.40|2008-01-27 09:29:24
139330|161018|33467|22024|356|1853|2|368.00|55.20|2008-01-27 09:32:56
139560|161261|20428|6981|563|1843|2|766.00|114.90|2008-01-17 01:47:51
139712|161465|35717|4551|5598|1833|2|632.00|94.80|2008-01-07 05:09:01
139793|161575|6545|6076|2726|1857|2|198.00|29.70|2008-01-31 07:04:51
139929|161743|41590|11024|6032|1855|1|58.00|8.70|2008-01-29 09:43:32
140401|162336|32899|2791|5254|1846|1|414.00|62.10|2008-01-20 06:39:29
140623|162607|15172|11612|6031|1853|2|748.00|112.20|2008-01-27 10:43:42
141245|163325|24028|10507|8298|1844|1|401.00|60.15|2008-01-18 10:38:52
141246|163325|24028|8414|8298|1842|2|802.00|120.30|2008-01-16 10:39:22
141417|163552|548|4730|3282|1839|2|42.00|6.30|2008-01-13 02:06:57
141825|164049|28944|11219|433|1849|4|1452.00|217.80|2008-01-23 09:22:45
141826|164049|28944|5483|433|1842|1|363.00|54.45|2008-01-16 09:24:33
141920|164149|18774|24225|2046|1856|1|331.00|49.65|2008-01-30 11:28:11
141921|164149|18774|4607|2046|1832|4|1324.00|198.60|2008-01-06 11:28:46
141932|164159|27480|8484|2539|1846|1|297.00|44.55|2008-01-20 11:48:16
141933|164159|27480|7429|2539|1844|2|594.00|89.10|2008-01-18 11:48:40
142082|164363|46473|1312|6320|1833|1|352.00|52.80|2008-01-07 02:35:03
142188|164500|32013|13890|2341|1853|1|358.00|53.70|2008-01-27 04:38:54
142189|164500|32013|16425|2341|1856|2|716.00|107.40|2008-01-30 04:39:51
142206|164524|9141|1781|1850|1829|1|147.00|22.05|2008-01-03 04:57:11
142207|164524|9141|15358|1850|1845|4|588.00|88.20|2008-01-19 04:58:57
142399|164770|40822|2245|8069|1835|2|64.00|9.60|2008-01-09 08:42:42
142474|164867|37814|8517|5517|1837|1|93.00|13.95|2008-01-11 10:11:02
142475|164867|37814|10094|5517|1839|2|186.00|27.90|2008-01-13 10:11:13
142827|165314|48330|5643|6032|1839|1|270.00|40.50|2008-01-13 05:02:51
142828|165314|48330|1970|6032|1835|4|1080.00|162.00|2008-01-09 05:03:20
142968|165494|23234|10154|754|1847|1|315.00|47.25|2008-01-21 07:49:29
143118|165658|17890|5136|7672|1843|2|470.00|70.50|2008-01-17 10:49:57
143334|165905|34853|21068|3117|1855|1|394.00|59.10|2008-01-29 02:29:49
143456|166045|8544|650|5011|1849|2|72.00|10.80|2008-01-23 04:40:51
143462|166050|7848|9063|2723|1842|1|159.00|23.85|2008-01-16 04:46:54
143463|166050|7848|6372|2723|1839|4|636.00|95.40|2008-01-13 04:49:38
143767|166457|7154|974|1850|1846|1|200.00|30.00|2008-01-20 10:29:33
143785|166482|17972|8182|2508|1854|2|624.00|93.60|2008-01-28 10:53:47
143821|166514|34919|19341|8793|1853|1|238.00|35.70|2008-01-27 11:45:37
143822|166514|34919|23231|8793|1857|4|952.00|142.80|2008-01-31 11:46:41
143910|166614|12641|10266|4225|1856|2|572.00|85.80|2008-01-30 01:25:56
143911|166614|12641|8936|4225|1854|1|286.00|42.90|2008-01-28 01:26:50
144009|166718|46499|10518|5218|1843|2|276.00|41.40|2008-01-17 02:57:19
144135|166855|38802|10740|1928|1853|2|498.00|74.70|2008-01-27 05:17:36
144154|166868|44956|454|6360|1845|1|141.00|21.15|2008-01-19 05:39:03
144522|167305|38877|4748|5463|1839|2|844.00|126.60|2008-01-13 01:10:16
144836|167671|41173|4140|7592|1834|4|600.00|90.00|2008-01-08 06:40:26
145025|167880|32751|166|6604|1842|2|844.00|126.60|2008-01-16 10:26:03
145026|167880|32751|1514|6604|1843|1|422.00|63.30|2008-01-17 10:26:04
145058|167936|47473|2597|2067|1840|1|398.00|59.70|2008-01-14 11:09:06
145059|167936|47473|8893|2067|1847|2|796.00|119.40|2008-01-21 11:10:22
145095|167979|24337|4187|4804|1853|2|780.00|117.00|2008-01-27 11:42:18
145214|168122|34474|1577|1080|1856|2|338.00|50.70|2008-01-30 01:46:05
145371|168286|39695|6977|7735|1851|1|166.00|24.90|2008-01-25 04:22:08
145498|168445|7066|9301|1438|1848|2|682.00|102.30|2008-01-22 06:53:39
145655|168652|1048|902|777|1838|2|214.00|32.10|2008-01-12 10:17:04
145656|168652|1048|1051|777|1838|4|428.00|64.20|2008-01-12 10:17:47
145676|168683|6146|6604|6805|1856|3|120.00|18.00|2008-01-30 10:42:49
145930|168962|34612|10667|338|1844|4|1704.00|255.60|2008-01-18 03:34:56
146162|169240|29300|24228|8222|1857|1|142.00|21.30|2008-01-31 07:33:17
146253|169346|5609|6923|1221|1857|1|280.00|42.00|2008-01-31 09:28:08
146629|169823|39623|118|4869|1856|2|926.00|138.90|2008-01-30 04:36:16
147026|170241|43048|2669|1724|1854|2|90.00|13.50|2008-01-28 11:33:40
147269|170529|27065|7949|627|1849|4|1948.00|292.20|2008-01-23 03:45:36
147270|170529|27065|13711|627|1856|2|974.00|146.10|2008-01-30 03:45:58
147379|170665|1189|10720|8449|1846|4|1548.00|232.20|2008-01-20 05:40:20
147409|170703|7698|16736|6269|1848|4|1052.00|157.80|2008-01-22 06:08:52
147419|170714|39104|6244|6311|1856|3|783.00|117.45|2008-01-30 06:19:35
147421|170714|39104|6440|6311|1856|2|522.00|78.30|2008-01-30 06:23:42
147541|170835|2906|876|7561|1857|1|161.00|24.15|2008-01-31 08:44:33
147739|171053|29215|3925|6841|1843|1|248.00|37.20|2008-01-17 12:56:33
147892|171234|29435|3690|203|1850|1|454.00|68.10|2008-01-24 04:00:03
148346|171816|42448|18238|274|1852|2|612.00|91.80|2008-01-26 12:27:35
148401|171880|15822|7722|1863|1855|1|439.00|65.85|2008-01-29 01:24:19
148662|172208|15702|1562|7721|1834|4|128.00|19.20|2008-01-08 06:29:12
148663|172208|15702|4211|7721|1838|2|64.00|9.60|2008-01-12 06:30:48
148816|172387|43637|1968|3181|1857|1|444.00|66.60|2008-01-31 09:45:52
148992|172582|23725|8585|7787|1851|2|450.00|67.50|2008-01-25 01:30:36
149117|172698|48267|4170|7373|1846|4|828.00|124.20|2008-01-20 03:45:59
149118|172700|49247|1351|2539|1855|2|124.00|18.60|2008-01-29 03:47:04
149237|172816|27905|12596|4474|1852|4|680.00|102.00|2008-01-26 06:11:23
149340|172931|40925|5602|4910|1840|1|188.00|28.20|2008-01-14 08:16:27
149419|173027|45805|260|356|1846|1|52.00|7.80|2008-01-20 10:01:00
149659|173270|47728|552|6910|1846|1|95.00|14.25|2008-01-20 02:41:03
149922|173537|32914|1289|691|1839|1|257.00|38.55|2008-01-13 07:48:10
150102|173745|28231|19033|2406|1856|3|123.00|18.45|2008-01-30 11:46:12
150311|173965|31239|7946|2403|1840|2|98.00|14.70|2008-01-14 03:47:53
150323|173975|38063|1020|3138|1855|2|834.00|125.10|2008-01-29 04:00:56
150332|173987|37485|2742|7990|1843|2|118.00|17.70|2008-01-17 04:12:15
150333|173987|37485|12924|7990|1855|1|59.00|8.85|2008-01-29 04:13:53
150349|174010|19845|5540|1346|1853|3|687.00|103.05|2008-01-27 04:31:32
150589|174298|4225|18791|3195|1852|2|452.00|67.80|2008-01-26 08:53:46
150717|174434|28132|1968|8021|1842|1|317.00|47.55|2008-01-16 11:25:33
151111|174906|19083|6838|3293|1842|1|249.00|37.35|2008-01-16 07:01:33
151161|174956|45894|7129|5648|1846|2|92.00|13.80|2008-01-20 08:07:33
151287|175130|10746|12740|4226|1842|2|220.00|33.00|2008-01-16 10:41:22
151329|175191|4315|12109|559|1841|1|174.00|26.10|2008-01-15 11:32:45
151616|175514|32614|552|7784|1839|1|400.00|60.00|2008-01-13 05:17:38
151712|175611|44563|1621|8437|1854|2|664.00|99.60|2008-01-28 07:02:42
151748|175641|44052|8018|3044|1842|1|345.00|51.75|2008-01-16 07:42:57
151966|175888|23049|21637|5111|1852|4|1116.00|167.40|2008-01-26 12:18:37
151967|175888|23049|13879|5111|1843|1|279.00|41.85|2008-01-17 12:20:28
152041|175959|41331|6249|5300|1843|1|273.00|40.95|2008-01-17 01:35:28
152064|175981|31486|7492|8273|1847|2|294.00|44.10|2008-01-21 02:01:56
152066|175981|31486|2776|8273|1842|4|588.00|88.20|2008-01-16 02:03:23
152092|176010|6127|3254|4849|1833|1|196.00|29.40|2008-01-07 02:33:13
152320|176258|39313|18217|6368|1854|4|1504.00|225.60|2008-01-28 07:40:05
152389|176335|35387|2564|7779|1831|2|150.00|22.50|2008-01-05 08:49:29
152456|176408|47511|7913|1641|1836|4|1688.00|253.20|2008-01-10 10:23:17
152457|176408|47511|11398|1641|1840|2|844.00|126.60|2008-01-14 10:23:20
152458|176408|47511|10681|1641|1839|1|422.00|63.30|2008-01-13 10:23:31
152647|176639|36240|6149|2609|1844|4|2000.00|300.00|2008-01-18 01:49:02
152698|176703|24177|2963|6104|1852|1|498.00|74.70|2008-01-26 02:43:09
152735|176749|1072|650|2524|1841|1|147.00|22.05|2008-01-15 03:24:20
152736|176749|1072|7411|2524|1849|2|294.00|44.10|2008-01-23 03:25:59
153087|177186|21047|6729|2143|1850|2|742.00|111.30|2008-01-24 10:02:52
153088|177186|21047|4348|2143|1847|1|371.00|55.65|2008-01-21 10:03:30
153282|177421|8986|7042|8458|1852|2|952.00|142.80|2008-01-26 02:07:33
153399|177548|26839|8606|6774|1854|3|1395.00|209.25|2008-01-28 04:17:52
153412|177580|19362|7024|4887|1838|3|1179.00|176.85|2008-01-12 04:26:54
153413|177580|19362|2165|4887|1832|4|1572.00|235.80|2008-01-06 04:27:25
153484|177681|43545|11680|5747|1855|4|1060.00|159.00|2008-01-29 05:47:24
153556|177761|27444|7971|1272|1850|1|22.00|3.30|2008-01-24 07:04:59
153617|177833|40313|17833|3677|1849|1|139.00|20.85|2008-01-23 08:13:54
153709|177941|25449|17574|2799|1857|2|204.00|30.60|2008-01-31 09:59:38
153748|177988|44406|4214|7231|1852|1|263.00|39.45|2008-01-26 10:48:46
153940|178222|2173|8402|1749|1844|4|1876.00|281.40|2008-01-18 02:15:20
154215|178533|41774|8492|4436|1844|2|642.00|96.30|2008-01-18 06:56:41
154428|178801|11192|3757|4231|1835|4|1284.00|192.60|2008-01-09 10:35:44
154448|178841|23645|3332|2465|1856|4|100.00|15.00|2008-01-30 10:51:50
154622|179026|21410|2433|7672|1837|4|1104.00|165.60|2008-01-11 02:36:48
154623|179026|21410|5742|7672|1841|3|828.00|124.20|2008-01-15 02:38:48
155852|180439|9391|2218|7561|1856|1|415.00|62.25|2008-01-30 01:40:18
156028|180653|45333|641|51|1836|2|282.00|42.30|2008-01-10 05:01:45
156029|180653|45333|10873|51|1849|4|564.00|84.60|2008-01-23 05:04:50
156209|180844|14679|14110|7543|1846|2|914.00|137.10|2008-01-20 08:23:36
156210|180844|14679|18100|7543|1851|3|1371.00|205.65|2008-01-25 08:23:38
156398|181046|12899|3765|2984|1849|2|372.00|55.80|2008-01-23 11:28:28
156553|181238|26700|16856|5034|1853|1|363.00|54.45|2008-01-27 02:25:36
156961|205468|24217|3040|6910|1846|1|2479.00|371.85|2008-01-20 10:37:24
157276|206033|4574|2150|5431|1851|2|792.00|118.80|2008-01-25 03:54:53
157622|206712|15357|131|2109|1851|1|1542.00|231.30|2008-01-25 10:34:22
157888|207292|30596|663|7543|1846|1|428.00|64.20|2008-01-20 03:29:41
157943|207395|957|1768|3195|1855|4|3112.00|466.80|2008-01-29 04:28:45
158045|207641|8503|11843|1278|1849|1|1067.00|160.05|2008-01-23 06:35:30
158244|208009|36817|467|3168|1837|1|1248.00|187.20|2008-01-11 10:31:04
158261|208037|4029|10859|6841|1849|1|1898.00|284.70|2008-01-23 10:46:57
158264|208040|30206|12235|7266|1845|2|2928.00|439.20|2008-01-19 10:52:51
158390|208306|26962|1120|7909|1850|1|2444.00|366.60|2008-01-24 01:16:31
158477|208484|20781|6638|8788|1841|1|2342.00|351.30|2008-01-15 03:02:10
158478|208484|20781|1627|8788|1835|2|4684.00|702.60|2008-01-09 03:04:04
158630|208807|43002|17283|5979|1852|3|5838.00|875.70|2008-01-26 05:57:09
158634|208815|30199|7019|5573|1847|1|987.00|148.05|2008-01-21 06:00:27
158690|208933|28726|1826|4829|1838|1|1895.00|284.25|2008-01-12 06:57:23
158691|208933|28726|8567|4829|1846|2|3790.00|568.50|2008-01-20 06:57:42
158891|209331|39429|3722|3236|1856|1|2473.00|370.95|2008-01-30 10:57:48
159112|209717|34715|4268|2094|1857|1|693.00|103.95|2008-01-31 03:00:28
159146|209781|30037|4739|6583|1851|1|2442.00|366.30|2008-01-25 03:33:52
159277|210575|26945|6597|4324|1840|2|2764.00|414.60|2008-01-14 06:22:58
159381|210727|16178|3722|3188|1839|1|1749.00|262.35|2008-01-13 08:28:30
159620|211147|11577|1315|3901|1850|2|2328.00|349.20|2008-01-24 01:37:50
159621|211147|11577|4347|3901|1854|1|1164.00|174.60|2008-01-28 01:43:04
159622|211147|11577|2071|3901|1851|4|4656.00|698.40|2008-01-25 01:43:08
159645|211189|46519|7147|7839|1840|1|1749.00|262.35|2008-01-14 02:06:45
159679|211241|15670|4540|2596|1841|2|3394.00|509.10|2008-01-15 02:40:22
160180|212166|44920|5458|4989|1854|4|7964.00|1194.60|2008-01-28 12:36:08
160186|212178|3949|12357|6972|1849|1|1828.00|274.20|2008-01-23 12:41:00
160309|212387|3085|5825|5448|1839|2|2226.00|333.90|2008-01-13 02:54:41
160310|212387|3085|11245|5448|1846|1|1113.00|166.95|2008-01-20 02:56:30
160330|212426|37430|447|6884|1828|4|8672.00|1300.80|2008-01-02 03:20:32
160926|213565|28215|13333|4187|1854|1|1222.00|183.30|2008-01-28 02:45:20
161632|214943|34691|20861|463|1854|1|556.00|83.40|2008-01-28 04:34:14
161651|214978|14823|8104|7692|1848|1|2226.00|333.90|2008-01-22 05:00:13
161652|214978|14823|6125|7692|1846|2|4452.00|667.80|2008-01-20 05:00:18
161907|215470|31859|1888|3508|1851|2|4520.00|678.00|2008-01-25 09:53:32
161983|215632|33865|20640|7122|1856|1|2130.00|319.50|2008-01-30 11:17:30
161984|215632|33865|4198|7122|1837|2|4260.00|639.00|2008-01-11 11:17:33
162173|215976|11490|1362|5430|1853|1|1305.00|195.75|2008-01-27 02:46:36
162270|216179|37014|9476|1221|1854|1|706.00|105.90|2008-01-28 04:31:28
162345|216312|17101|2656|1628|1844|1|1996.00|299.40|2008-01-18 06:04:28
162346|216312|17101|7723|1628|1850|2|3992.00|598.80|2008-01-24 06:04:31
162504|216572|28902|12098|5111|1853|1|1600.00|240.00|2008-01-27 09:21:28
162832|217149|21157|2028|5901|1834|1|1733.00|259.95|2008-01-08 03:41:24
162990|217492|31679|5616|2517|1846|1|1948.00|292.20|2008-01-20 06:58:21
163123|217764|34795|5529|400|1854|1|1947.00|292.05|2008-01-28 09:11:34
163158|217837|42420|1868|5847|1838|1|1164.00|174.60|2008-01-12 09:50:06
163495|218396|36661|2455|6544|1854|1|1534.00|230.10|2008-01-28 04:05:37
163567|218529|30614|3895|3828|1831|1|2297.00|344.55|2008-01-05 05:12:16
163586|218566|43156|12058|8052|1851|1|1048.00|157.20|2008-01-25 05:45:51
163645|218678|18071|1108|6665|1835|4|6100.00|915.00|2008-01-09 06:46:24
163775|218925|2233|20444|3209|1853|2|4438.00|665.70|2008-01-27 08:39:50
163783|218937|17041|5856|452|1851|1|784.00|117.60|2008-01-25 08:54:08
164003|219338|29541|9906|1928|1838|2|3450.00|517.50|2008-01-12 01:10:42
164004|219338|29541|13659|1928|1843|1|1725.00|258.75|2008-01-17 01:15:02
164215|219701|15748|1868|4598|1849|1|1342.00|201.30|2008-01-23 05:02:29
164291|219819|2084|14260|1113|1855|1|1168.00|175.20|2008-01-29 06:55:39
164362|219972|26452|1441|8183|1843|1|2210.00|331.50|2008-01-17 08:16:46
164370|219995|14420|20000|6588|1854|2|4688.00|703.20|2008-01-28 08:24:14
164371|219995|14420|17990|6588|1851|3|7032.00|1054.80|2008-01-25 08:25:36
164372|219995|14420|1968|6588|1832|1|2344.00|351.60|2008-01-06 08:27:29
164797|220831|34343|7212|5646|1837|1|1594.00|239.10|2008-01-11 04:31:33
164998|221216|6319|20058|3862|1851|1|1097.00|164.55|2008-01-25 08:12:00
165002|221221|8539|7358|7400|1842|1|904.00|135.60|2008-01-16 08:21:17
165802|222709|44424|12528|7143|1846|1|2298.00|344.70|2008-01-20 11:32:00
165867|222842|18293|18620|1189|1850|1|1651.00|247.65|2008-01-24 12:37:55
165892|222893|49709|1648|8737|1852|2|4970.00|745.50|2008-01-26 01:03:00
165933|222963|3194|11323|3974|1847|2|3466.00|519.90|2008-01-21 01:49:30
165934|222963|3194|10116|3974|1846|1|1733.00|259.95|2008-01-20 01:51:52
165973|223022|14497|15120|4105|1852|1|2408.00|361.20|2008-01-26 02:43:43
165974|223022|14497|9097|4105|1844|2|4816.00|722.40|2008-01-18 02:43:51
165977|223030|37573|4382|4831|1849|4|8424.00|1263.60|2008-01-23 02:46:35
165978|223030|37573|5577|4831|1850|1|2106.00|315.90|2008-01-24 02:48:16
166178|223454|44467|13503|1708|1855|1|1462.00|219.30|2008-01-29 06:38:36
166268|223624|13741|3564|571|1844|2|2576.00|386.40|2008-01-18 08:36:56
166589|224207|1409|10946|514|1852|2|1750.00|262.50|2008-01-26 02:33:56
166623|224283|35566|12908|2559|1852|4|6196.00|929.40|2008-01-26 03:23:52
166625|224283|35566|2054|2559|1839|1|1549.00|232.35|2008-01-13 03:27:06
166784|224568|17790|9900|4933|1856|1|515.00|77.25|2008-01-30 06:25:10
167098|225230|1007|16994|4515|1855|2|4468.00|670.20|2008-01-29 12:15:33
167103|225247|2106|10105|1833|1852|4|2520.00|378.00|2008-01-26 12:22:30
167277|225615|49227|967|3315|1856|2|4636.00|695.40|2008-01-30 03:31:03
167356|225744|34884|18751|5811|1850|1|2472.00|370.80|2008-01-24 04:49:40
167647|226311|17372|624|2819|1843|1|1476.00|221.40|2008-01-17 10:29:56
167873|226730|7908|11352|977|1845|1|1926.00|288.90|2008-01-19 03:30:56
168070|227098|36911|11363|2676|1853|1|880.00|132.00|2008-01-27 07:03:18
168119|227204|37408|565|2260|1840|4|9436.00|1415.40|2008-01-14 08:07:08
168384|227714|37112|2487|4754|1854|2|1408.00|211.20|2008-01-28 01:47:30
168454|227845|40651|6245|195|1853|2|1796.00|269.40|2008-01-27 03:19:43
168684|228340|18165|713|1311|1835|2|4632.00|694.80|2008-01-09 08:11:15
168755|228454|259|10964|3598|1845|2|3042.00|456.30|2008-01-19 10:11:29
168756|228454|259|3907|3598|1836|1|1521.00|228.15|2008-01-10 10:11:42
168890|228683|22758|6673|5869|1843|2|4878.00|731.70|2008-01-17 12:26:35
168993|228885|27765|13243|356|1850|2|2558.00|383.70|2008-01-24 02:41:34
168994|228885|27765|7333|356|1843|1|1279.00|191.85|2008-01-17 02:42:22
169244|229375|40890|4078|2787|1841|1|1371.00|205.65|2008-01-15 07:47:34
169331|229517|36406|15728|5854|1852|1|1579.00|236.85|2008-01-26 09:41:23
169412|229617|13422|633|6641|1844|2|1996.00|299.40|2008-01-18 11:00:22
169471|229747|1012|12105|8580|1854|1|1486.00|222.90|2008-01-28 12:10:57
170008|230843|4113|12919|5928|1857|1|1112.00|166.80|2008-01-31 10:21:56
170036|230930|48623|13455|3021|1852|2|2638.00|395.70|2008-01-26 11:11:59
170710|232181|33469|1660|7036|1838|2|984.00|147.60|2008-01-12 01:22:28
170711|232181|33469|8042|7036|1846|1|492.00|73.80|2008-01-20 01:22:28
170783|232327|37919|7934|4654|1848|1|478.00|71.70|2008-01-22 01:25:11
170784|232327|37919|2164|4654|1841|2|956.00|143.40|2008-01-15 01:25:15
170839|232422|17592|78|4803|1832|1|1889.00|283.35|2008-01-06 01:27:14
170844|232426|39618|15660|4490|1855|1|1366.00|204.90|2008-01-29 01:27:31
171308|233344|47369|2086|8263|1849|1|383.00|57.45|2008-01-23 01:44:22
171408|233537|32175|13808|5193|1844|2|3570.00|535.50|2008-01-18 01:48:29
172020|234654|13222|9860|934|1847|1|633.00|94.95|2008-01-21 02:11:15
172040|234691|19119|2548|801|1841|2|3342.00|501.30|2008-01-15 02:11:51
172157|234882|45856|290|6341|1857|1|763.00|114.45|2008-01-31 02:15:50
