607|614|25339|12134|770|1841|2|472.00|70.80|2008-01-15 07:15:13
690|709|22357|1771|2143|1847|1|51.00|7.65|2008-01-21 04:31:42
756|776|20797|7170|1811|1835|2|266.00|39.90|2008-01-09 10:10:30
1132|1176|37614|14462|5414|1845|3|654.00|98.10|2008-01-19 08:18:09
1133|1176|37614|7351|5414|1836|2|436.00|65.40|2008-01-10 08:20:07
1134|1176|37614|301|5414|1828|1|218.00|32.70|2008-01-02 08:22:32
1175|1220|15780|2671|4185|1841|1|119.00|17.85|2008-01-15 11:07:17
1226|1288|22585|4289|3189|1834|3|180.00|27.00|2008-01-08 03:13:48
1227|1288|22585|16639|3189|1848|2|120.00|18.00|2008-01-22 03:14:08
1534|1628|43291|9033|2874|1848|2|136.00|20.40|2008-01-22 02:10:02
1739|1846|36751|22130|7061|1857|4|516.00|77.40|2008-01-31 03:22:36
1824|1943|6564|10533|7076|1849|2|152.00|22.80|2008-01-23 07:58:53
1825|1943|6564|10509|7076|1849|4|304.00|45.60|2008-01-23 08:00:16
1856|1972|46588|15925|4766|1851|2|368.00|55.20|2008-01-25 09:54:53
1864|1977|29488|13137|5081|1845|1|174.00|26.10|2008-01-19 10:18:50
1881|2002|18602|10424|2091|1845|2|394.00|59.10|2008-01-19 11:25:06
2266|2442|32939|6062|4577|1852|1|58.00|8.70|2008-01-26 08:53:55
2267|2442|32939|9338|4577|1856|2|116.00|17.40|2008-01-30 08:54:36
2454|2627|38477|1285|4556|1840|2|192.00|28.80|2008-01-14 06:54:01
2486|2659|5910|8627|2890|1838|2|476.00|71.40|2008-01-12 08:55:59
2811|3006|27639|17450|8186|1856|3|630.00|94.50|2008-01-30 12:19:08
2812|3006|27639|12214|8186|1850|1|210.00|31.50|2008-01-24 12:20:22
2913|3106|20596|9347|1815|1840|4|468.00|70.20|2008-01-14 05:12:29
3074|3291|14534|20539|1491|1856|4|328.00|49.20|2008-01-30 01:17:08
3075|3291|14534|9033|1491|1842|2|164.00|24.60|2008-01-16 01:20:44
3076|3291|14534|1648|1491|1833|1|82.00|12.30|2008-01-07 01:23:00
3221|3464|34713|15055|7591|1848|1|120.00|18.00|2008-01-22 07:44:11
3364|3638|47044|14842|6717|1850|2|372.00|55.80|2008-01-24 01:13:50
3365|3638|47044|11377|6717|1846|3|558.00|83.70|2008-01-20 01:16:51
3780|4073|4976|5735|4415|1842|2|176.00|26.40|2008-01-16 06:41:39
3901|4201|3632|3336|8095|1854|3|192.00|28.80|2008-01-28 11:15:35
3959|4268|26872|12301|8222|1856|1|165.00|24.75|2008-01-30 01:26:57
4668|5025|5161|8015|1808|1847|6|1152.00|172.80|2008-01-21 04:52:21
4669|5025|5161|2385|1808|1840|2|384.00|57.60|2008-01-14 04:55:27
4735|5099|9500|9452|7151|1840|3|81.00|12.15|2008-01-14 07:27:01
4736|5099|9500|2654|7151|1832|1|27.00|4.05|2008-01-06 07:31:38
4790|5163|37578|20444|6510|1853|1|163.00|24.45|2008-01-27 09:25:05
4870|5236|1061|17356|2754|1850|1|43.00|6.45|2008-01-24 12:09:35
4871|5236|1061|5522|2754|1836|2|86.00|12.90|2008-01-10 12:09:44
4913|5274|23984|5061|8548|1850|2|148.00|22.20|2008-01-24 01:46:50
5150|5534|17090|18487|1963|1851|2|428.00|64.20|2008-01-25 09:56:45
5151|5534|17090|4624|1963|1834|1|214.00|32.10|2008-01-08 09:57:39
5152|5534|17090|1424|1963|1830|4|856.00|128.40|2008-01-04 09:58:29
5167|5551|29426|1986|7169|1844|1|195.00|29.25|2008-01-18 10:29:11
5186|5570|35832|10735|2665|1840|1|230.00|34.50|2008-01-14 11:20:46
5187|5570|35832|16973|2665|1848|2|460.00|69.00|2008-01-22 11:21:35
5190|5572|48899|13897|6364|1848|1|203.00|30.45|2008-01-22 11:21:55
5346|5761|10838|2372|2111|1831|2|500.00|75.00|2008-01-05 04:43:09
5524|5972|1461|17474|3820|1857|1|81.00|12.15|2008-01-31 10:56:50
5588|6041|24780|20897|6108|1854|2|194.00|29.10|2008-01-28 01:10:20
5808|6309|30769|4867|8528|1843|2|74.00|11.10|2008-01-17 08:23:19
5976|6499|23564|9411|444|1844|1|202.00|30.30|2008-01-18 02:19:42
6108|6635|30023|14550|2426|1844|1|50.00|7.50|2008-01-18 06:46:19
6216|6750|4044|1580|3820|1840|1|214.00|32.10|2008-01-14 10:30:58
6371|6924|30808|2169|8177|1850|1|250.00|37.50|2008-01-24 03:58:52
6637|7220|6128|17012|2533|1854|1|223.00|33.45|2008-01-28 01:06:07
6638|7220|6128|2455|2533|1836|3|669.00|100.35|2008-01-10 01:06:38
6830|7415|33694|2265|8250|1854|3|729.00|109.35|2008-01-28 07:36:28
6831|7415|33694|1592|8250|1853|5|1215.00|182.25|2008-01-27 07:37:30
6854|7436|7955|12797|637|1857|2|184.00|27.60|2008-01-31 08:23:13
6855|7436|7955|1841|637|1844|1|92.00|13.80|2008-01-18 08:23:17
7050|7648|8080|1043|3304|1838|1|69.00|10.35|2008-01-12 02:56:15
7051|7648|8080|4070|3304|1841|2|138.00|20.70|2008-01-15 02:58:45
7617|8241|49939|3178|5169|1854|2|236.00|35.40|2008-01-28 08:01:29
7733|8349|5938|2038|5573|1848|1|241.00|36.15|2008-01-22 11:03:21
7734|8349|5938|1623|5573|1847|3|723.00|108.45|2008-01-21 11:03:55
7932|8545|11011|4120|2004|1843|3|78.00|11.70|2008-01-17 05:42:03
8060|8674|18977|17842|281|1853|4|208.00|31.20|2008-01-27 09:45:42
8137|8748|17826|5627|3255|1851|4|964.00|144.60|2008-01-25 12:02:55
8257|8878|48559|4046|1254|1854|4|464.00|69.60|2008-01-28 03:32:02
8314|8927|1513|10954|2060|1848|2|314.00|47.10|2008-01-22 05:12:54
8708|9397|5415|2973|3223|1836|2|114.00|17.10|2008-01-10 03:58:45
8771|9460|36023|6331|6332|1838|2|282.00|42.30|2008-01-12 05:42:39
8772|9460|36023|14697|6332|1848|1|141.00|21.15|2008-01-22 05:45:51
8848|9543|1922|2942|5279|1836|4|488.00|73.20|2008-01-10 07:26:07
9173|9926|20182|4664|5798|1845|3|390.00|58.50|2008-01-19 04:11:02
9743|10570|48912|6211|8703|1854|1|126.00|18.90|2008-01-28 06:52:56
9807|10650|33558|6143|4107|1845|4|916.00|137.40|2008-01-19 08:16:57
9810|10654|32327|6776|3173|1835|1|104.00|15.60|2008-01-09 08:25:04
9817|10666|48016|8078|3978|1847|2|132.00|19.80|2008-01-21 08:30:34
9818|10666|48016|1609|3978|1839|1|66.00|9.90|2008-01-13 08:31:09
9841|10688|1911|1014|6721|1836|3|522.00|78.30|2008-01-10 09:13:10
9942|10815|13841|9765|2221|1846|1|80.00|12.00|2008-01-20 11:19:30
9960|10831|41241|4480|3002|1844|2|126.00|18.90|2008-01-18 11:45:33
10165|11085|37168|8486|4894|1846|1|26.00|3.90|2008-01-20 04:35:54
10408|11340|31034|9652|1640|1857|2|42.00|6.30|2008-01-31 10:55:38
10458|11393|39543|24759|7430|1856|1|164.00|24.60|2008-01-30 12:28:53
10642|11564|42000|3964|6653|1834|1|102.00|15.30|2008-01-08 05:06:55
10833|11773|20025|6932|2241|1854|1|48.00|7.20|2008-01-28 10:12:12
10923|11838|28171|6016|2094|1836|4|720.00|108.00|2008-01-10 12:53:36
10924|11838|28171|8752|2094|1839|2|360.00|54.00|2008-01-13 12:56:09
11278|12209|41431|3102|5811|1848|2|324.00|48.60|2008-01-22 09:56:23
11423|12372|20804|21|7256|1848|1|62.00|9.30|2008-01-22 01:22:02
11466|12413|29531|20491|115|1854|2|100.00|15.00|2008-01-28 02:33:26
11626|12577|33102|2823|7119|1848|1|36.00|5.40|2008-01-22 06:10:06
11652|12595|40244|18493|4436|1851|1|118.00|17.70|2008-01-25 06:44:41
12424|13426|23547|13814|7517|1857|1|122.00|18.30|2008-01-31 12:27:36
12603|13616|49209|4689|5447|1833|4|800.00|120.00|2008-01-07 05:07:23
12846|13844|4319|12907|6513|1850|3|462.00|69.30|2008-01-24 10:13:50
13137|14187|40692|833|6030|1841|2|354.00|53.10|2008-01-15 05:06:01
13596|14734|5742|13714|1317|1852|1|78.00|11.70|2008-01-26 03:35:10
13600|14737|41773|3120|1049|1842|2|202.00|30.30|2008-01-16 03:39:29
13720|14857|38915|5091|4942|1849|2|342.00|51.30|2008-01-23 06:10:24
13860|15000|40774|12999|6373|1856|1|89.00|13.35|2008-01-30 08:55:33
14032|15188|18704|2816|5619|1834|2|98.00|14.70|2008-01-08 12:24:37
14354|15528|47777|694|4345|1842|1|144.00|21.60|2008-01-16 07:50:56
14355|15528|47777|4950|4345|1847|4|576.00|86.40|2008-01-21 07:51:02
14609|15795|17733|1018|3283|1838|1|168.00|25.20|2008-01-12 01:33:50
14610|15795|17733|16056|3283|1856|2|336.00|50.40|2008-01-30 01:34:37
15465|16730|16008|4262|2640|1847|4|484.00|72.60|2008-01-21 08:08:59
15466|16730|16008|6139|2640|1849|1|121.00|18.15|2008-01-23 08:11:01
15467|16730|16008|11971|2640|1856|2|242.00|36.30|2008-01-30 08:12:46
16040|17325|2388|8650|5957|1854|1|135.00|20.25|2008-01-28 08:11:03
16041|17325|2388|2865|5957|1847|4|540.00|81.00|2008-01-21 08:11:55
16124|17422|34359|2473|571|1845|2|330.00|49.50|2008-01-19 10:03:58
16131|17434|28203|12246|6405|1855|2|298.00|44.70|2008-01-29 10:10:52
16237|17554|29666|694|934|1842|1|204.00|30.60|2008-01-16 12:25:16
16928|18296|44405|3749|363|1856|2|94.00|14.10|2008-01-30 02:57:02
16996|18361|2550|455|2864|1850|4|764.00|114.60|2008-01-24 04:21:26
17088|18489|34882|10484|7057|1857|2|394.00|59.10|2008-01-31 06:16:59
17089|18489|34882|7286|7057|1853|3|591.00|88.65|2008-01-27 06:18:19
17197|18598|6695|8056|5889|1842|2|96.00|14.40|2008-01-16 08:24:01
17543|19030|23867|4965|6849|1857|1|20.00|3.00|2008-01-31 02:42:42
18087|19590|12609|5821|5980|1854|3|60.00|9.00|2008-01-28 01:19:20
18104|19606|2264|1583|2260|1842|1|171.00|25.65|2008-01-16 01:32:27
18637|20192|39942|16152|926|1849|1|214.00|32.10|2008-01-23 11:44:59
18653|20227|19440|7426|64|1842|1|83.00|12.45|2008-01-16 12:05:06
18740|20305|33403|13953|8321|1851|2|490.00|73.50|2008-01-25 01:45:32
18979|20553|13408|6949|707|1838|4|212.00|31.80|2008-01-12 06:18:18
18996|20575|23422|11984|3538|1855|1|188.00|28.20|2008-01-29 06:33:58
18997|20575|23422|9759|3538|1852|4|752.00|112.80|2008-01-26 06:35:32
19205|20779|6817|1140|5304|1854|2|354.00|53.10|2008-01-28 10:30:31
19206|20781|49972|12435|930|1843|1|207.00|31.05|2008-01-17 10:30:42
19253|20822|47395|7603|2121|1852|2|280.00|42.00|2008-01-26 11:24:21
19254|20822|47395|9104|2121|1853|1|140.00|21.00|2008-01-27 11:25:35
19402|21005|41462|4189|8701|1857|1|235.00|35.25|2008-01-31 02:18:42
19468|21092|43695|12074|4875|1842|2|240.00|36.00|2008-01-16 03:39:55
19582|21217|8986|3020|4221|1840|2|172.00|25.80|2008-01-14 05:57:41
19583|21217|8986|14079|4221|1853|1|86.00|12.90|2008-01-27 05:58:38
19584|21217|8986|14192|4221|1854|3|258.00|38.70|2008-01-28 05:58:54
19837|21464|21675|7472|5888|1852|4|280.00|42.00|2008-01-26 10:31:26
19862|21488|38671|11396|4347|1844|2|392.00|58.80|2008-01-18 11:09:14
19925|21571|40674|21757|3158|1857|2|230.00|34.50|2008-01-31 12:18:23
19926|21571|40674|7115|3158|1839|1|115.00|17.25|2008-01-13 12:21:29
19936|21587|182|526|1901|1837|1|73.00|10.95|2008-01-11 12:30:27
20329|22036|42385|17174|4107|1848|2|246.00|36.90|2008-01-22 07:43:52
20331|22036|42385|6381|4107|1835|3|369.00|55.35|2008-01-09 07:46:42
20353|22063|23328|1130|2046|1851|1|35.00|5.25|2008-01-25 08:09:37
20557|22306|3934|8933|3793|1847|4|180.00|27.00|2008-01-21 11:51:58
20559|22306|3934|1310|3793|1838|1|45.00|6.75|2008-01-12 11:53:00
20574|22335|5885|14392|7398|1855|1|219.00|32.85|2008-01-29 12:09:01
20980|22815|31453|9134|6206|1849|4|264.00|39.60|2008-01-23 07:24:18
20981|22818|42333|3405|6680|1838|1|231.00|34.65|2008-01-12 07:24:35
21085|22953|17557|14258|5346|1853|1|99.00|14.85|2008-01-27 09:28:08
21086|22953|17557|3608|5346|1840|4|396.00|59.40|2008-01-14 09:28:22
21152|23039|11215|3493|7119|1843|2|384.00|57.60|2008-01-17 10:58:18
21750|23663|33562|1744|5888|1838|4|332.00|49.80|2008-01-12 10:13:39
21751|23663|33562|8257|5888|1845|2|166.00|24.90|2008-01-19 10:14:49
21901|23791|43291|10891|470|1844|1|83.00|12.45|2008-01-18 01:22:59
21969|23873|34682|6665|7169|1848|2|70.00|10.50|2008-01-22 02:32:46
22042|23944|45983|2978|695|1851|4|256.00|38.40|2008-01-25 03:48:27
22434|24333|2068|1154|3160|1854|2|426.00|63.90|2008-01-28 11:13:07
22439|24343|25903|4405|8605|1838|2|196.00|29.40|2008-01-12 11:16:08
22440|24343|25903|9051|8605|1843|1|98.00|14.70|2008-01-17 11:18:11
22672|24626|26015|4625|4499|1855|2|144.00|21.60|2008-01-29 03:10:10
23077|25137|22180|11687|5813|1841|1|201.00|30.15|2008-01-15 10:50:41
23078|25137|22180|2582|5813|1830|2|402.00|60.30|2008-01-04 10:50:43
23089|25149|15621|11313|2883|1851|2|388.00|58.20|2008-01-25 11:06:45
23122|25188|1741|11218|4973|1846|3|732.00|109.80|2008-01-20 11:38:06
23123|25188|1741|12148|4973|1847|2|488.00|73.20|2008-01-21 11:38:07
23161|25231|11979|10709|7580|1848|2|334.00|50.10|2008-01-22 12:21:11
23283|25392|34274|4700|3232|1836|4|468.00|70.20|2008-01-10 02:51:02
23284|25392|34274|7810|3232|1840|1|117.00|17.55|2008-01-14 02:51:35
23401|25544|4202|14549|6647|1848|1|91.00|13.65|2008-01-22 04:53:47
23475|25651|12590|4145|4957|1841|1|106.00|15.90|2008-01-15 06:08:15
23477|25651|12590|13743|4957|1853|3|318.00|47.70|2008-01-27 06:10:49
23584|25788|32199|2046|5097|1841|4|84.00|12.60|2008-01-15 08:15:29
23629|25833|4767|6863|5315|1845|1|219.00|32.85|2008-01-19 08:53:48
23645|25844|31966|11049|8115|1840|1|114.00|17.10|2008-01-14 09:05:24
23731|25957|23943|6614|5814|1834|1|132.00|19.80|2008-01-08 10:45:46
23732|25957|23943|21226|5814|1852|2|264.00|39.60|2008-01-26 10:47:16
24262|26582|12507|3264|3446|1837|2|278.00|41.70|2008-01-11 08:34:26
24282|26606|34519|6070|1274|1852|2|54.00|8.10|2008-01-26 08:57:43
24451|26778|972|2422|415|1833|1|229.00|34.35|2008-01-07 12:27:54
25020|27410|20188|1208|56|1835|1|97.00|14.55|2008-01-09 10:54:45
25021|27410|20188|710|56|1834|2|194.00|29.10|2008-01-08 10:56:04
25230|27616|26580|10746|4730|1857|1|146.00|21.90|2008-01-31 03:16:37
25573|27987|31976|5411|1612|1846|3|189.00|28.35|2008-01-20 09:47:15
25574|27987|31976|4014|1612|1844|2|126.00|18.90|2008-01-18 09:47:22
25693|28120|3962|5979|1563|1853|1|106.00|15.90|2008-01-27 12:33:06
25860|28297|33538|17601|8649|1852|2|138.00|20.70|2008-01-26 03:38:27
25861|28297|33538|21661|8649|1856|1|69.00|10.35|2008-01-30 03:38:52
26400|28803|43436|7193|8496|1849|1|126.00|18.90|2008-01-23 01:54:01
26514|28927|35879|3608|313|1850|2|354.00|53.10|2008-01-24 04:31:34
26560|28984|38945|1108|3840|1844|1|33.00|4.95|2008-01-18 05:22:56
26714|29128|27755|4350|1425|1841|2|384.00|57.60|2008-01-15 08:45:50
26817|29230|32413|9024|3340|1856|4|976.00|146.40|2008-01-30 10:37:16
26842|29256|42895|9191|2872|1852|2|446.00|66.90|2008-01-26 11:13:39
26843|29256|42895|869|2872|1842|1|223.00|33.45|2008-01-16 11:15:06
26850|29262|37112|1622|2693|1849|3|576.00|86.40|2008-01-23 11:19:24
26984|29421|39028|8364|5593|1847|2|492.00|73.80|2008-01-21 01:54:43
26985|29421|39028|13609|5593|1853|1|246.00|36.90|2008-01-27 01:56:29
27056|29503|34972|1232|5554|1830|2|196.00|29.40|2008-01-04 03:08:30
27093|29541|36975|11622|5195|1841|4|528.00|79.20|2008-01-15 03:45:54
27102|29551|33706|3633|6332|1840|1|132.00|19.80|2008-01-14 04:02:13
27162|29621|24892|10942|3590|1841|4|272.00|40.80|2008-01-15 05:07:02
27197|29654|14911|2561|2864|1853|1|186.00|27.90|2008-01-27 05:54:18
27300|29764|42682|4473|714|1855|2|202.00|30.30|2008-01-29 07:39:17
27302|29766|47550|4026|8655|1857|2|134.00|20.10|2008-01-31 07:40:58
27518|30005|43737|7150|3596|1852|1|225.00|33.75|2008-01-26 11:56:34
27542|30042|26014|12486|7923|1841|1|245.00|36.75|2008-01-15 12:25:04
27575|30079|12260|163|1705|1856|4|644.00|96.60|2008-01-30 01:02:27
28325|30914|24451|6170|1254|1856|2|204.00|30.60|2008-01-30 03:07:10
28337|30932|10111|13274|3557|1847|2|666.00|99.90|2008-01-21 03:19:41
28468|31077|10514|1708|529|1829|1|305.00|45.75|2008-01-03 05:42:16
28500|31125|47430|4190|5687|1852|2|76.00|11.40|2008-01-26 06:16:48
28747|31438|44162|5589|3451|1847|1|140.00|21.00|2008-01-21 11:21:40
28748|31438|44162|4343|3451|1846|2|280.00|42.00|2008-01-20 11:23:06
28910|31647|25522|10705|1821|1839|1|285.00|42.75|2008-01-13 02:30:04
28911|31647|25522|4674|1821|1832|3|855.00|128.25|2008-01-06 02:31:07
28946|31684|43113|8668|1553|1844|2|522.00|78.30|2008-01-18 03:10:20
29350|32162|37212|7711|8437|1851|4|1124.00|168.60|2008-01-25 10:51:34
29664|32534|3692|7889|5896|1837|1|226.00|33.90|2008-01-11 05:05:54
30338|33295|39357|14942|8282|1857|1|275.00|41.25|2008-01-31 05:26:43
30339|33295|39357|8884|8282|1850|2|550.00|82.50|2008-01-24 05:28:07
30830|33946|8969|5673|4831|1849|1|291.00|43.65|2008-01-23 02:46:19
30831|33946|8969|12318|4831|1857|3|873.00|130.95|2008-01-31 02:47:22
30996|34130|5912|5949|5784|1854|2|652.00|97.80|2008-01-28 05:52:15
31403|34635|41882|1306|2265|1836|2|258.00|38.70|2008-01-10 01:47:31
31485|34756|3489|7501|2051|1856|1|307.00|46.05|2008-01-30 03:33:42
31486|34756|3489|3134|2051|1850|2|614.00|92.10|2008-01-24 03:34:25
31560|34838|17966|8296|6749|1836|1|305.00|45.75|2008-01-10 04:45:21
31572|34851|48474|12979|2861|1856|4|524.00|78.60|2008-01-30 04:57:35
31661|34950|46514|9833|8113|1856|2|210.00|31.50|2008-01-30 06:33:08
31857|35189|22463|1019|6772|1837|1|228.00|34.20|2008-01-11 10:24:06
31985|35334|23917|16920|2614|1855|1|50.00|7.50|2008-01-29 12:40:53
32044|35402|33176|1535|1384|1837|1|238.00|35.70|2008-01-11 01:43:55
32090|35468|25877|12979|2683|1854|4|280.00|42.00|2008-01-28 02:27:52
32091|35468|25877|15261|2683|1857|2|140.00|21.00|2008-01-31 02:29:28
32094|35471|1058|1856|2683|1846|2|238.00|35.70|2008-01-20 02:32:40
32144|35544|40607|21397|4734|1852|1|303.00|45.45|2008-01-26 03:21:32
32145|35544|40607|21412|4734|1852|2|606.00|90.90|2008-01-26 03:21:32
32202|35605|33508|3931|2520|1851|2|532.00|79.80|2008-01-25 04:20:45
32306|35738|3468|18715|101|1857|4|240.00|36.00|2008-01-31 06:19:03
32748|36186|9016|8420|1865|1854|2|128.00|19.20|2008-01-28 03:02:41
32835|36276|4621|2045|8479|1854|3|789.00|118.35|2008-01-28 04:45:18
33193|36674|25908|8091|7558|1842|2|490.00|73.50|2008-01-16 11:45:48
33537|37071|38244|2669|7981|1854|3|330.00|49.50|2008-01-28 06:01:21
33554|37086|6504|7480|8250|1845|4|284.00|42.60|2008-01-19 06:16:58
33555|37086|6504|5835|8250|1844|2|142.00|21.30|2008-01-18 06:17:16
33595|37130|9540|14273|2325|1857|1|231.00|34.65|2008-01-31 07:02:16
33596|37130|9540|2391|2325|1842|2|462.00|69.30|2008-01-16 07:04:21
33605|37139|38566|1050|96|1841|1|275.00|41.25|2008-01-15 07:19:10
33615|37155|39745|10872|8471|1846|1|325.00|48.75|2008-01-20 07:31:25
33616|37155|39745|12201|8471|1847|2|650.00|97.50|2008-01-21 07:32:48
33674|37235|14844|1832|8547|1831|4|860.00|129.00|2008-01-05 08:37:27
33778|37368|1284|2509|6211|1843|1|73.00|10.95|2008-01-17 10:06:20
33827|37418|38631|9006|4776|1856|2|648.00|97.20|2008-01-30 10:57:55
33828|37418|38631|7818|4776|1855|1|324.00|48.60|2008-01-29 10:58:58
33988|37593|17829|4528|7271|1835|1|173.00|25.95|2008-01-09 01:44:15
34048|37662|46489|1035|4509|1832|1|210.00|31.50|2008-01-06 02:52:08
34189|37804|5593|18076|3380|1855|1|279.00|41.85|2008-01-29 05:12:24
34190|37804|5593|10527|3380|1846|2|558.00|83.70|2008-01-20 05:15:08
34439|38130|9112|15070|2326|1854|1|330.00|49.50|2008-01-28 09:59:47
34456|38157|39361|333|7513|1850|1|185.00|27.75|2008-01-24 10:17:29
34583|38307|41517|3374|2121|1848|2|92.00|13.80|2008-01-22 01:08:22
35061|38864|26088|14321|3313|1844|2|518.00|77.70|2008-01-18 10:11:47
35063|38864|26088|11840|3313|1841|1|259.00|38.85|2008-01-15 10:13:17
35192|39026|45532|1291|920|1830|1|223.00|33.45|2008-01-04 12:38:37
35193|39026|45532|13454|920|1845|2|446.00|66.90|2008-01-19 12:38:48
35284|39166|48950|9004|7676|1854|1|334.00|50.10|2008-01-28 02:25:00
35536|39465|30397|12557|7122|1845|3|474.00|71.10|2008-01-19 07:17:35
35537|39465|30397|22548|7122|1857|1|158.00|23.70|2008-01-31 07:17:57
35661|39622|23381|919|7704|1855|1|125.00|18.75|2008-01-29 09:57:36
35705|39676|40521|1146|1384|1856|4|588.00|88.20|2008-01-30 10:59:35
35742|39715|14979|10200|7427|1850|2|430.00|64.50|2008-01-24 11:47:14
35759|39735|7617|16170|4881|1847|1|195.00|29.25|2008-01-21 12:06:25
35885|39906|9866|2750|2483|1830|1|190.00|28.50|2008-01-04 02:30:04
35886|39906|9866|21781|2483|1853|2|380.00|57.00|2008-01-27 02:30:32
36055|40124|39044|2020|2071|1835|2|426.00|63.90|2008-01-09 05:48:10
36533|40660|4659|531|7335|1851|2|446.00|66.90|2008-01-25 03:29:06
36612|40729|15709|4342|5173|1835|2|352.00|52.80|2008-01-09 04:44:15
36625|40746|27338|5266|6631|1834|1|208.00|31.20|2008-01-08 05:03:24
37054|41271|1727|10683|213|1852|2|546.00|81.90|2008-01-26 02:10:27
37096|41310|35209|10218|73|1846|4|1180.00|177.00|2008-01-20 02:54:14
37535|41829|326|2589|5518|1845|2|688.00|103.20|2008-01-19 11:05:48
37901|42211|40463|10240|1281|1849|2|588.00|88.20|2008-01-23 06:13:09
37952|42271|12856|106|3337|1834|2|630.00|94.50|2008-01-08 07:14:04
38313|42692|22253|5566|8690|1857|1|276.00|41.40|2008-01-31 02:39:08
38458|42862|5302|215|6373|1844|1|196.00|29.40|2008-01-18 05:22:16
38459|42862|5302|1614|6373|1845|2|392.00|58.80|2008-01-19 05:22:55
38490|42897|25328|2708|6364|1848|2|272.00|40.80|2008-01-22 06:08:29
38563|42998|2058|16226|6163|1848|2|190.00|28.50|2008-01-22 07:22:49
38565|42998|2058|11473|6163|1842|4|380.00|57.00|2008-01-16 07:27:31
38572|43006|47568|2473|5152|1847|2|430.00|64.50|2008-01-21 07:30:09
38770|43233|43283|20501|5254|1852|2|256.00|38.40|2008-01-26 11:32:39
39326|43884|7362|17163|4159|1847|2|676.00|101.40|2008-01-21 11:01:33
39414|43992|48188|12495|2160|1854|2|324.00|48.60|2008-01-28 12:41:18
39468|44042|44109|4829|809|1833|1|287.00|43.05|2008-01-07 01:40:41
39545|44132|12720|2242|7591|1840|2|496.00|74.40|2008-01-14 03:00:25
39735|44358|13345|1129|3906|1835|1|276.00|41.40|2008-01-09 06:15:47
40115|44810|42793|2084|6863|1848|1|140.00|21.00|2008-01-22 02:04:25
40117|44810|42793|6801|6863|1854|2|280.00|42.00|2008-01-28 02:09:21
40331|45102|13005|1091|1756|1828|2|58.00|8.70|2008-01-02 05:57:53
40429|45223|44036|2012|6807|1831|1|213.00|31.95|2008-01-05 07:48:00
40656|45472|41369|8233|1071|1837|1|277.00|41.55|2008-01-11 12:07:32
40673|45499|21562|10609|4562|1853|2|504.00|75.60|2008-01-27 12:20:18
40709|45531|7386|10884|3759|1854|2|628.00|94.20|2008-01-28 01:08:09
40710|45531|7386|295|3759|1841|4|1256.00|188.40|2008-01-15 01:08:20
40738|45564|30171|3012|6025|1849|2|176.00|26.40|2008-01-23 01:37:14
40741|45570|18692|226|4650|1828|3|90.00|13.50|2008-01-02 01:40:59
41023|45908|7745|17375|3793|1850|4|644.00|96.60|2008-01-24 06:26:29
41215|46148|28663|4558|3718|1848|1|55.00|8.25|2008-01-22 09:43:29
41216|46148|28663|1771|3718|1845|2|110.00|16.50|2008-01-19 09:44:36
41357|46331|27576|16442|3594|1856|1|135.00|20.25|2008-01-30 12:25:21
41358|46331|27576|11948|3594|1851|2|270.00|40.50|2008-01-25 12:25:53
41437|46422|49955|22536|8534|1855|4|568.00|85.20|2008-01-29 02:07:32
41617|46635|47099|2465|6159|1855|4|1064.00|159.60|2008-01-29 05:33:36
41697|46719|21672|5626|5034|1841|4|984.00|147.60|2008-01-15 07:01:36
41771|46802|45901|13423|8583|1852|2|652.00|97.80|2008-01-26 08:25:36
41806|46848|34260|2704|5465|1841|2|398.00|59.70|2008-01-15 09:15:47
41976|47039|740|382|1987|1844|1|186.00|27.90|2008-01-18 12:11:11
42099|47159|44616|911|8686|1833|2|576.00|86.40|2008-01-07 02:16:38
42602|47772|49817|22187|1338|1856|1|288.00|43.20|2008-01-30 11:58:40
42877|48137|36342|12389|5687|1856|2|652.00|97.80|2008-01-30 05:21:39
42939|48206|38769|159|3678|1847|1|248.00|37.20|2008-01-21 06:30:58
42959|48222|933|2017|4155|1851|2|402.00|60.30|2008-01-25 06:58:56
43243|48582|49611|12935|7|1855|1|88.00|13.20|2008-01-29 11:41:54
43389|48746|9980|15107|6564|1847|2|106.00|15.90|2008-01-21 02:27:23
43392|48752|45951|13951|6773|1857|2|664.00|99.60|2008-01-31 02:31:37
43581|48995|20692|5028|2432|1853|4|132.00|19.80|2008-01-27 06:17:38
43731|49152|2667|13251|4305|1845|2|234.00|35.10|2008-01-19 09:15:26
43732|49152|2667|3022|4305|1833|1|117.00|17.55|2008-01-07 09:16:31
44013|49493|26533|12563|8179|1846|1|299.00|44.85|2008-01-20 02:19:46
44068|49548|33389|23592|5883|1857|1|256.00|38.40|2008-01-31 03:17:55
44529|50069|48126|11430|5854|1851|2|448.00|67.20|2008-01-25 11:45:31
44669|50244|15914|6589|5379|1850|2|128.00|19.20|2008-01-24 02:26:46
44681|50252|35692|1926|3315|1833|4|196.00|29.40|2008-01-07 02:41:50
44682|50252|35692|13891|3315|1847|2|98.00|14.70|2008-01-21 02:42:33
44683|50252|35692|18529|3315|1853|1|49.00|7.35|2008-01-27 02:43:03
44749|50345|47430|12728|8702|1854|1|243.00|36.45|2008-01-28 03:56:54
44824|50423|3847|3022|2090|1836|1|122.00|18.30|2008-01-10 05:26:18
44825|50423|3847|2120|2090|1835|2|244.00|36.60|2008-01-09 05:26:39
44960|50576|4811|1159|6650|1835|2|330.00|49.50|2008-01-09 08:09:47
45110|50744|42114|9451|2699|1856|2|638.00|95.70|2008-01-30 11:06:58
45447|51138|11188|2778|7151|1840|2|626.00|93.90|2008-01-14 05:39:02
45466|51159|43427|3154|3275|1842|1|270.00|40.50|2008-01-16 05:59:13
45626|51361|37972|21653|4627|1855|2|662.00|99.30|2008-01-29 08:55:52
45657|51395|42605|6926|4953|1843|4|476.00|71.40|2008-01-17 09:34:45
46030|51824|47782|6997|754|1850|1|333.00|49.95|2008-01-24 04:39:33
46096|51890|10199|7322|5739|1835|2|532.00|79.80|2008-01-09 06:01:45
46231|52038|3978|3277|8450|1844|4|660.00|99.00|2008-01-18 08:55:29
46606|52473|22372|869|4689|1841|4|1364.00|204.60|2008-01-15 04:22:15
47098|53106|25409|439|3678|1839|1|318.00|47.70|2008-01-13 02:05:40
47121|53132|39002|6921|7074|1853|1|111.00|16.65|2008-01-27 02:31:27
47122|53132|39002|9076|7074|1855|2|222.00|33.30|2008-01-29 02:34:55
47193|53218|6426|7239|7076|1835|1|77.00|11.55|2008-01-09 03:50:30
47623|53739|49730|5548|7517|1855|2|608.00|91.20|2008-01-29 11:50:38
47715|53872|40411|1072|7941|1834|1|170.00|25.50|2008-01-08 01:28:27
47809|53983|13319|4947|3064|1849|4|580.00|87.00|2008-01-23 03:36:03
48226|54512|41950|6452|7872|1851|2|586.00|87.90|2008-01-25 11:27:30
48339|54630|15566|7684|5793|1857|1|250.00|37.50|2008-01-31 01:51:19
48637|54950|26925|5372|6749|1834|2|372.00|55.80|2008-01-08 07:51:01
48706|55024|29953|9552|1080|1853|4|760.00|114.00|2008-01-27 09:13:18
48921|55257|47329|11140|6086|1847|1|87.00|13.05|2008-01-21 01:00:12
49165|55534|8797|7793|3236|1845|2|658.00|98.70|2008-01-19 05:38:03
49484|55843|49055|13101|4730|1848|4|1108.00|166.20|2008-01-22 12:22:40
49685|56084|6054|8457|1724|1843|4|364.00|54.60|2008-01-17 04:05:43
49687|56084|6054|459|1724|1833|2|182.00|27.30|2008-01-07 04:09:03
49699|56107|21957|5514|4555|1849|1|348.00|52.20|2008-01-23 04:30:01
49733|56146|46205|3244|7592|1833|4|432.00|64.80|2008-01-07 05:04:16
49860|56306|24943|13768|1113|1854|4|452.00|67.80|2008-01-28 07:29:48
50013|56479|35665|7381|1113|1856|2|582.00|87.30|2008-01-30 10:18:06
50058|56518|18975|5617|3074|1837|1|317.00|47.55|2008-01-11 10:56:55
50059|56518|18975|14431|3074|1848|2|634.00|95.10|2008-01-22 10:57:23
50356|56838|5102|11037|8662|1845|2|442.00|66.30|2008-01-19 04:29:22
50413|56899|32337|13446|4654|1843|1|32.00|4.80|2008-01-17 05:33:58
50414|56899|32337|8400|4654|1837|2|64.00|9.60|2008-01-11 05:35:37
50483|56979|41685|11075|2109|1857|1|302.00|45.30|2008-01-31 06:53:20
50583|57106|38953|1564|1306|1842|2|444.00|66.60|2008-01-16 08:18:25
50599|57121|25657|1041|3596|1840|2|682.00|102.30|2008-01-14 08:29:09
50798|57317|28506|13156|6900|1845|1|87.00|13.05|2008-01-19 12:29:27
50877|57387|37390|572|8538|1831|1|233.00|34.95|2008-01-05 01:56:15
50979|57494|4053|508|6086|1845|1|81.00|12.15|2008-01-19 03:47:30
51091|57613|46472|2253|2029|1848|1|109.00|16.35|2008-01-22 06:14:58
51225|57756|6462|2390|3180|1844|2|398.00|59.70|2008-01-18 08:43:38
51421|58001|13840|6225|3033|1843|1|206.00|30.90|2008-01-17 12:21:54
51492|58097|29904|2434|799|1833|1|118.00|17.70|2008-01-07 01:52:04
51759|58418|6093|3026|650|1846|1|133.00|19.95|2008-01-20 07:00:15
51760|58418|6093|563|650|1843|2|266.00|39.90|2008-01-17 07:00:40
51845|58508|46596|13480|548|1850|2|152.00|22.80|2008-01-24 08:29:44
51846|58508|46596|569|548|1834|3|228.00|34.20|2008-01-08 08:29:54
51975|58662|35918|18904|2221|1851|4|1376.00|206.40|2008-01-25 10:46:52
52111|58808|14633|1072|4663|1848|4|1008.00|151.20|2008-01-22 01:03:32
52280|58999|34920|3030|1729|1852|1|243.00|36.45|2008-01-26 04:44:10
52380|59124|7855|18103|2169|1850|4|728.00|109.20|2008-01-24 06:50:56
52381|59124|7855|6771|2169|1837|1|182.00|27.30|2008-01-11 06:51:29
52382|59124|7855|5812|2169|1835|2|364.00|54.60|2008-01-09 06:51:54
52597|59354|43282|10852|6763|1840|3|1032.00|154.80|2008-01-14 10:44:11
52598|59354|43282|21046|6763|1852|4|1376.00|206.40|2008-01-26 10:44:49
52756|59535|11550|6908|7984|1848|2|194.00|29.10|2008-01-22 01:32:44
52866|59666|25215|7398|2236|1840|1|459.00|68.85|2008-01-14 03:48:34
52867|59666|25215|12027|2236|1846|3|1377.00|206.55|2008-01-20 03:49:47
53246|60066|48213|4259|8282|1850|4|1004.00|150.60|2008-01-24 11:22:49
53387|60223|11828|1548|1375|1844|2|722.00|108.30|2008-01-18 01:56:37
53567|60428|44533|5446|4957|1843|2|536.00|80.40|2008-01-17 05:41:19
53847|60769|15687|11598|1833|1850|1|405.00|60.75|2008-01-24 10:35:59
53848|60771|33849|14645|1963|1849|1|168.00|25.20|2008-01-23 10:36:24
54257|61202|21181|13828|2950|1849|2|974.00|146.10|2008-01-23 06:02:24
54258|61202|21181|5599|2950|1839|1|487.00|73.05|2008-01-13 06:02:41
54599|61541|12490|8956|6332|1842|4|1028.00|154.20|2008-01-16 01:22:52
54600|61541|12490|6615|6332|1839|1|257.00|38.55|2008-01-13 01:23:39
54646|61585|43883|6089|5108|1843|3|549.00|82.35|2008-01-17 02:10:36
54647|61585|43883|6381|5108|1843|1|183.00|27.45|2008-01-17 02:13:36
54879|61834|16491|997|6510|1853|2|836.00|125.40|2008-01-27 06:33:05
55238|62314|13014|1523|5413|1833|2|480.00|72.00|2008-01-07 02:07:57
56004|63175|12756|10296|5957|1850|2|770.00|115.50|2008-01-24 06:28:07
56094|63270|24354|11054|4802|1846|1|40.00|6.00|2008-01-20 08:14:13
56255|63504|6839|5184|3117|1842|1|45.00|6.75|2008-01-16 11:12:42
56256|63504|6839|7930|3117|1845|2|90.00|13.50|2008-01-19 11:12:53
56324|63591|30452|2340|4003|1830|2|944.00|141.60|2008-01-04 12:34:31
56325|63591|30452|6356|4003|1835|4|1888.00|283.20|2008-01-09 12:35:38
56337|63598|39405|2491|4124|1848|3|1038.00|155.70|2008-01-22 12:45:55
56499|63810|8147|10761|2472|1843|4|284.00|42.60|2008-01-17 03:36:34
56500|63810|8147|13140|2472|1846|1|71.00|10.65|2008-01-20 03:36:41
56772|64153|13817|18945|1843|1855|1|60.00|9.00|2008-01-29 09:09:51
56774|64153|13817|8475|1843|1843|4|240.00|36.00|2008-01-17 09:11:15
57099|64568|38279|17498|8580|1857|1|328.00|49.20|2008-01-31 01:05:38
57328|64844|42831|7861|7719|1850|2|800.00|120.00|2008-01-24 01:13:53
57330|64844|42831|10845|7719|1854|4|1600.00|240.00|2008-01-28 01:13:55
57520|65069|2210|12683|7942|1857|1|379.00|56.85|2008-01-31 01:21:16
57534|65084|38751|13285|1805|1855|1|227.00|34.05|2008-01-29 01:22:00
57546|65109|5677|1702|7886|1848|2|878.00|131.70|2008-01-22 01:22:33
57666|65275|1020|9091|95|1839|2|182.00|27.30|2008-01-13 01:26:56
57667|65275|1020|9298|95|1840|1|91.00|13.65|2008-01-14 01:26:57
57769|65398|38624|6418|8769|1844|1|136.00|20.40|2008-01-18 01:30:42
58180|65866|42240|3376|1454|1849|1|376.00|56.40|2008-01-23 01:45:36
58203|65890|40024|5714|7143|1857|2|780.00|117.00|2008-01-31 01:46:39
58214|65896|46896|8676|4342|1852|3|537.00|80.55|2008-01-26 01:47:14
58215|65896|46896|6872|4342|1850|1|179.00|26.85|2008-01-24 01:47:19
58261|65961|48243|22174|4389|1853|3|1029.00|154.35|2008-01-27 01:48:58
58422|66141|20970|7194|4829|1840|4|1580.00|237.00|2008-01-14 01:54:46
58667|66410|6646|8409|7596|1850|4|1100.00|165.00|2008-01-24 02:04:19
58668|66410|6646|6481|7596|1847|1|275.00|41.25|2008-01-21 02:04:19
58699|66440|18720|2590|4211|1852|1|66.00|9.90|2008-01-26 02:05:24
58844|66580|18752|7413|3388|1846|1|171.00|25.65|2008-01-20 02:10:54
59258|67078|26591|3479|7143|1838|2|256.00|38.40|2008-01-12 02:26:05
59662|67540|41856|9955|6627|1845|1|270.00|40.50|2008-01-19 02:41:25
59787|67699|31813|1456|2638|1845|1|485.00|72.75|2008-01-19 02:46:16
59788|67699|31813|2144|2638|1846|4|1940.00|291.00|2008-01-20 02:46:17
59895|67820|8709|8778|2029|1852|1|273.00|40.95|2008-01-26 02:50:10
60200|68136|48758|14937|747|1846|2|938.00|140.70|2008-01-20 03:02:15
60202|68136|48758|13427|747|1845|1|469.00|70.35|2008-01-19 03:02:20
60320|68308|10338|3174|8052|1834|2|710.00|106.50|2008-01-08 03:06:14
60321|68308|10338|2481|8052|1833|1|355.00|53.25|2008-01-07 03:06:14
60607|68660|38379|2430|2693|1853|2|678.00|101.70|2008-01-27 03:18:41
60724|68779|37824|1850|7626|1831|1|487.00|73.05|2008-01-05 03:23:28
60813|68883|23894|9478|2352|1840|2|672.00|100.80|2008-01-14 03:26:26
60995|69094|22301|809|7036|1839|1|230.00|34.50|2008-01-13 03:32:50
60996|69094|22301|15822|7036|1857|2|460.00|69.00|2008-01-31 03:32:53
61089|69198|6261|219|4991|1840|1|331.00|49.65|2008-01-14 03:36:23
61090|69198|6261|3720|4991|1844|4|1324.00|198.60|2008-01-18 03:36:27
61107|69222|4627|1325|5527|1848|2|856.00|128.40|2008-01-22 03:37:09
61204|69330|18479|4347|4415|1852|1|49.00|7.35|2008-01-26 03:40:55
61292|69416|17701|4063|2209|1852|2|462.00|69.30|2008-01-26 03:44:00
61338|69470|48254|439|934|1852|1|200.00|30.00|2008-01-26 03:45:58
61476|69643|46447|5218|1215|1842|2|142.00|21.30|2008-01-16 03:51:41
61600|69800|43825|14383|8702|1845|2|972.00|145.80|2008-01-19 03:56:30
62172|70477|31315|7717|2004|1847|2|832.00|124.80|2008-01-21 04:18:44
62555|70948|44297|7807|6561|1842|4|640.00|96.00|2008-01-16 04:33:37
62865|71275|41248|19608|2563|1854|2|650.00|97.50|2008-01-28 04:44:51
63357|71800|32271|4442|2091|1853|1|255.00|38.25|2008-01-27 05:02:36
63513|71974|24682|1766|783|1855|2|106.00|15.90|2008-01-29 05:08:00
63635|72104|30617|5289|3065|1854|2|404.00|60.60|2008-01-28 05:12:13
63636|72104|30617|6651|3065|1855|3|606.00|90.90|2008-01-29 05:12:13
63680|72163|27649|2162|2360|1853|4|1172.00|175.80|2008-01-27 05:13:50
63749|72228|20543|15709|8141|1850|1|392.00|58.80|2008-01-24 05:16:36
63750|72228|20543|1841|8141|1834|2|784.00|117.60|2008-01-08 05:16:37
63792|72279|4871|1506|6364|1853|3|402.00|60.30|2008-01-27 05:18:13
64163|72718|6421|13860|7272|1852|1|365.00|54.75|2008-01-26 05:32:28
64386|72965|36563|4802|7170|1834|2|656.00|98.40|2008-01-08 05:41:15
64387|72965|36563|15839|7170|1848|1|328.00|49.20|2008-01-22 05:41:16
64513|73116|11267|2433|8238|1831|2|600.00|90.00|2008-01-05 05:45:56
64514|73116|11267|13864|8238|1845|1|300.00|45.00|2008-01-19 05:45:57
64563|73176|30465|3096|1209|1835|1|279.00|41.85|2008-01-09 05:47:43
64599|73220|30491|2019|3062|1854|1|415.00|62.25|2008-01-28 05:49:11
64816|73465|8059|22568|2821|1857|1|76.00|11.40|2008-01-31 05:57:05
64826|73475|35465|4570|7810|1840|3|1368.00|205.20|2008-01-14 05:57:34
64959|73642|33076|2347|2094|1847|4|792.00|118.80|2008-01-21 06:02:46
64960|73642|33076|700|2094|1845|1|198.00|29.70|2008-01-19 06:02:52
65130|73864|21504|11774|3294|1848|3|867.00|130.05|2008-01-22 06:08:20
65131|73864|21504|405|3294|1834|2|578.00|86.70|2008-01-08 06:08:24
65198|73943|43069|4755|3753|1836|1|418.00|62.70|2008-01-10 06:11:33
65309|74063|15856|11139|2477|1840|1|53.00|7.95|2008-01-14 06:15:31
65686|74507|3130|3102|1797|1849|1|123.00|18.45|2008-01-23 06:30:20
65687|74507|3130|9986|1797|1857|2|246.00|36.90|2008-01-31 06:30:29
66050|74905|19654|2432|6159|1857|1|379.00|56.85|2008-01-31 06:44:55
66084|74960|49132|18172|3236|1850|2|698.00|104.70|2008-01-24 06:46:15
66085|74960|49132|19447|3236|1852|1|349.00|52.35|2008-01-26 06:46:16
66281|75201|16089|256|159|1850|1|54.00|8.10|2008-01-24 06:53:42
66516|75470|10792|4728|8486|1836|1|413.00|61.95|2008-01-10 07:01:46
66586|75552|26592|11462|8125|1851|3|126.00|18.90|2008-01-25 07:04:45
66668|75648|24016|9011|697|1850|4|1084.00|162.60|2008-01-24 07:07:31
67027|76086|16370|7336|398|1850|2|138.00|20.70|2008-01-24 07:19:58
67174|76235|5221|4834|3559|1837|4|788.00|118.20|2008-01-11 07:25:39
67310|76425|43608|13836|6334|1854|4|1572.00|235.80|2008-01-28 07:31:30
67315|76429|9038|19902|3754|1850|2|124.00|18.60|2008-01-24 07:31:43
67657|76845|48084|19110|7884|1849|3|1380.00|207.00|2008-01-23 07:44:25
67752|76949|17500|3817|1326|1836|2|278.00|41.70|2008-01-10 07:48:04
68084|77322|1009|11592|6774|1854|3|1488.00|223.20|2008-01-28 08:00:46
68296|77614|27050|2878|3181|1845|2|366.00|54.90|2008-01-19 08:08:12
68370|77690|35518|4237|7094|1850|1|443.00|66.45|2008-01-24 08:10:46
68371|77690|35518|6977|7094|1853|2|886.00|132.90|2008-01-27 08:10:46
68434|77753|48928|12690|1976|1850|1|85.00|12.75|2008-01-24 08:12:48
68623|78012|22352|5970|8285|1837|1|222.00|33.30|2008-01-11 08:19:19
68625|78012|22352|5115|8285|1836|2|444.00|66.60|2008-01-10 08:19:19
68850|78268|28320|4435|2325|1854|2|936.00|140.40|2008-01-28 08:28:14
68918|78356|9548|2349|4415|1846|1|459.00|68.85|2008-01-20 08:30:13
68919|78360|445|12166|8303|1848|1|219.00|32.85|2008-01-22 08:30:13
69047|78496|26553|4337|247|1851|2|252.00|37.80|2008-01-25 08:35:05
69115|78579|17208|21828|1454|1855|1|95.00|14.25|2008-01-29 08:37:10
69210|78708|1222|4759|3599|1846|2|582.00|87.30|2008-01-20 08:41:02
69211|78708|1222|7310|3599|1849|1|291.00|43.65|2008-01-23 08:41:02
69250|78762|20272|2316|5774|1840|1|392.00|58.80|2008-01-14 08:42:50
69251|78762|20272|7626|5774|1847|2|784.00|117.60|2008-01-21 08:42:53
69358|78905|29515|10966|5457|1840|2|590.00|88.50|2008-01-14 08:46:55
69381|78930|49666|1595|5338|1830|2|46.00|6.90|2008-01-04 08:47:40
69416|78974|19846|21205|3767|1855|4|1940.00|291.00|2008-01-29 08:48:42
69628|79193|39908|3616|4811|1856|1|260.00|39.00|2008-01-30 08:57:33
69715|79288|48028|6724|960|1848|2|492.00|73.80|2008-01-22 09:00:33
69880|79469|14323|4267|3541|1850|3|525.00|78.75|2008-01-24 09:06:24
69957|79567|11752|952|4353|1832|2|882.00|132.30|2008-01-06 09:09:36
70031|79646|31621|16697|4525|1849|1|194.00|29.10|2008-01-23 09:11:50
70054|79668|38832|9876|8662|1855|2|930.00|139.50|2008-01-29 09:12:44
70125|79739|33286|8641|6889|1853|2|54.00|8.10|2008-01-27 09:14:46
70418|80075|46466|3140|2388|1842|2|182.00|27.30|2008-01-16 09:26:08
70419|80075|46466|506|2388|1839|4|364.00|54.60|2008-01-13 09:26:10
70677|80371|37737|3228|1752|1850|2|348.00|52.20|2008-01-24 09:35:40
70704|80410|29627|12603|3824|1856|2|320.00|48.00|2008-01-30 09:36:30
71644|81584|36168|368|6815|1847|2|356.00|53.40|2008-01-21 10:11:14
71645|81584|36168|5051|6815|1853|1|178.00|26.70|2008-01-27 10:11:16
71721|81685|12224|14088|5774|1847|2|676.00|101.40|2008-01-21 10:14:01
71910|81944|49761|10090|3143|1855|1|469.00|70.35|2008-01-29 10:21:16
72044|82125|23368|5281|697|1838|2|572.00|85.80|2008-01-12 10:26:40
72224|82321|44976|2836|2241|1850|1|104.00|15.60|2008-01-24 10:33:34
72601|82814|1399|4301|7598|1832|1|363.00|54.45|2008-01-06 10:47:35
72602|82814|1399|5183|7598|1833|2|726.00|108.90|2008-01-07 10:47:38
72609|82819|10596|14248|5557|1856|2|502.00|75.30|2008-01-30 10:47:47
72610|82819|10596|14036|5557|1855|4|1004.00|150.60|2008-01-29 10:47:49
72630|82839|25027|20187|2510|1851|1|296.00|44.40|2008-01-25 10:48:45
72631|82839|25027|25207|2510|1857|3|888.00|133.20|2008-01-31 10:48:45
72726|82945|30807|168|5529|1829|4|1340.00|201.00|2008-01-03 10:52:11
72751|82982|8043|4976|2640|1855|1|350.00|52.50|2008-01-29 10:53:12
72758|82994|23819|6637|8197|1835|3|426.00|63.90|2008-01-09 10:53:21
72759|82994|23819|3182|8197|1831|1|142.00|21.30|2008-01-05 10:53:21
72772|83014|6711|15152|3718|1853|2|314.00|47.10|2008-01-27 10:53:54
72773|83014|6711|7482|3718|1843|1|157.00|23.55|2008-01-17 10:53:55
73075|83337|45114|9917|73|1844|1|26.00|3.90|2008-01-18 11:04:44
73077|83337|45114|7295|73|1841|4|104.00|15.60|2008-01-15 11:05:03
73185|83503|45940|1950|7469|1829|2|64.00|9.60|2008-01-03 11:09:31
73325|83660|45778|5177|3020|1849|2|566.00|84.90|2008-01-23 11:14:05
73371|83705|11570|6194|7942|1844|1|342.00|51.30|2008-01-18 11:15:43
73505|83865|26328|1800|7807|1855|4|288.00|43.20|2008-01-29 11:20:40
73673|84069|30844|6608|2797|1840|1|109.00|16.35|2008-01-14 11:27:18
73714|84131|5923|10032|4689|1846|1|245.00|36.75|2008-01-20 11:28:30
74026|84484|46831|16995|3337|1853|4|988.00|148.20|2008-01-27 11:39:57
74027|84484|46831|1045|3337|1834|1|247.00|37.05|2008-01-08 11:39:59
74083|84552|49636|17243|1628|1855|1|450.00|67.50|2008-01-29 11:42:22
74086|84557|46667|10504|6032|1851|1|225.00|33.75|2008-01-25 11:42:28
74181|84670|15315|6254|1663|1856|4|760.00|114.00|2008-01-30 11:46:30
74182|84670|15315|2769|1663|1852|2|380.00|57.00|2008-01-26 11:46:31
74327|84831|17820|4317|6763|1842|3|678.00|101.70|2008-01-16 11:52:28
74328|84831|17820|6642|6763|1844|4|904.00|135.60|2008-01-18 11:52:31
74549|85074|13841|1949|8596|1845|8|336.00|50.40|2008-01-19 12:01:21
74627|85176|37316|14152|649|1849|4|944.00|141.60|2008-01-23 12:04:22
74628|85177|23371|3797|2255|1838|4|400.00|60.00|2008-01-12 12:04:27
74702|85279|3903|11650|7703|1849|2|402.00|60.30|2008-01-23 12:07:27
74904|85499|29288|5241|6149|1834|4|1096.00|164.40|2008-01-08 12:15:21
75304|85989|5930|10030|1976|1854|4|696.00|104.40|2008-01-28 12:29:03
75480|86186|33491|9816|6116|1846|2|264.00|39.60|2008-01-20 12:35:16
76016|86814|43149|15785|7462|1848|4|1688.00|253.20|2008-01-22 12:55:44
76254|87084|20448|11651|7703|1855|1|349.00|52.35|2008-01-29 02:52:38
76537|87406|26034|3312|8233|1832|1|284.00|42.60|2008-01-06 07:34:25
76569|87464|37438|5692|770|1848|1|458.00|68.70|2008-01-22 08:09:58
76634|87549|36489|15837|1476|1851|1|36.00|5.40|2008-01-25 09:22:36
76635|87549|36489|21075|1476|1857|2|72.00|10.80|2008-01-31 09:23:35
76636|87549|36489|16892|1476|1852|3|108.00|16.20|2008-01-26 09:24:15
76637|87549|36489|18756|1476|1854|4|144.00|21.60|2008-01-28 09:25:50
76656|87570|12677|9816|7493|1840|2|680.00|102.00|2008-01-14 09:45:59
76658|87570|12677|18567|7493|1851|1|340.00|51.00|2008-01-25 09:47:15
76989|87983|38070|18154|1612|1855|2|396.00|59.40|2008-01-29 04:10:58
77024|88016|14361|20388|6588|1853|1|290.00|43.50|2008-01-27 04:53:28
77488|88475|7062|17087|4938|1854|3|261.00|39.15|2008-01-28 02:04:06
77634|88657|32700|2639|6269|1831|1|453.00|67.95|2008-01-05 04:31:51
77635|88657|32700|15527|6269|1846|2|906.00|135.90|2008-01-20 04:32:36
78382|89511|7133|13228|4991|1846|4|1160.00|174.00|2008-01-20 06:22:57
78383|89511|7133|14987|4991|1848|1|290.00|43.50|2008-01-22 06:23:25
78384|89511|7133|13965|4991|1847|2|580.00|87.00|2008-01-21 06:24:57
78496|89625|3401|199|1237|1852|1|351.00|52.65|2008-01-26 08:31:21
78644|89786|19102|19718|7476|1850|4|1416.00|212.40|2008-01-24 11:16:01
78697|89840|1140|17086|5457|1847|1|40.00|6.00|2008-01-21 12:21:11
78807|89981|38135|13979|3781|1848|2|986.00|147.90|2008-01-22 02:40:18
78808|89981|38135|5403|3781|1838|4|1972.00|295.80|2008-01-12 02:40:48
78809|89981|38135|6975|3781|1840|1|493.00|73.95|2008-01-14 02:42:13
79033|90236|45498|3734|4324|1851|1|243.00|36.45|2008-01-25 07:07:00
79295|90550|8402|2444|79|1839|4|1544.00|231.60|2008-01-13 11:56:46
79685|90995|25145|5116|8228|1847|2|354.00|53.10|2008-01-21 06:57:21
79870|91228|47297|2470|1851|1852|4|1356.00|203.40|2008-01-26 10:50:09
79879|91234|29853|7037|4989|1842|1|273.00|40.95|2008-01-16 10:57:12
79881|91234|29853|15055|4989|1852|2|546.00|81.90|2008-01-26 11:01:05
79892|91242|29383|7747|2710|1853|1|349.00|52.35|2008-01-27 11:09:06
79953|91308|13179|2482|4716|1852|4|496.00|74.40|2008-01-26 12:19:58
80268|91662|37212|3026|4867|1845|1|54.00|8.10|2008-01-19 06:17:11
80323|91730|36889|7580|4595|1849|3|783.00|117.45|2008-01-23 07:22:18
80471|91879|23134|4251|4305|1844|1|386.00|57.90|2008-01-18 10:39:24
80472|91879|23134|3011|4305|1842|3|1158.00|173.70|2008-01-16 10:41:20
80643|92051|31860|2680|4844|1841|1|193.00|28.95|2008-01-15 01:41:29
80913|92300|34908|3734|4385|1839|1|253.00|37.95|2008-01-13 07:36:24
81010|92409|17032|3159|6749|1849|1|315.00|47.25|2008-01-23 09:21:23
81050|92456|15164|3415|338|1845|1|202.00|30.30|2008-01-19 10:14:21
81051|92456|15164|11004|338|1854|2|404.00|60.60|2008-01-28 10:15:24
81249|92654|29158|14182|3896|1857|3|213.00|31.95|2008-01-31 02:32:42
81537|92979|14494|9155|5876|1844|2|600.00|90.00|2008-01-18 08:01:03
81538|92979|14494|9648|5876|1845|1|300.00|45.00|2008-01-19 08:01:38
81656|93115|41504|2019|3232|1847|4|632.00|94.80|2008-01-21 10:43:09
81689|93152|44628|7344|1726|1835|1|103.00|15.45|2008-01-09 11:21:16
82138|93660|24590|16737|5071|1848|1|404.00|60.60|2008-01-22 07:55:03
82176|93711|37725|6392|1405|1849|1|166.00|24.90|2008-01-23 08:43:09
82206|93745|47345|8210|7499|1840|1|121.00|18.15|2008-01-14 09:17:44
82244|93794|13250|5302|6044|1853|2|996.00|149.40|2008-01-27 10:01:24
82446|94060|12648|12120|3509|1844|1|486.00|72.90|2008-01-18 01:33:37
82447|94060|12648|6282|3509|1837|2|972.00|145.80|2008-01-11 01:34:00
82658|94258|11078|4783|4282|1837|1|221.00|33.15|2008-01-11 05:53:44
83240|94870|15905|10651|3560|1852|2|674.00|101.10|2008-01-26 04:36:43
83343|94990|16391|7147|8494|1838|4|944.00|141.60|2008-01-12 06:50:07
83434|95142|16506|6086|6419|1846|3|1425.00|213.75|2008-01-20 08:32:56
83596|95335|45848|4681|3535|1854|3|936.00|140.40|2008-01-28 12:02:15
83868|95646|47047|710|5668|1829|2|114.00|17.10|2008-01-03 05:32:25
83869|95646|47047|5274|5668|1835|1|57.00|8.55|2008-01-09 05:33:13
83893|95678|13830|4362|4754|1836|2|550.00|82.50|2008-01-10 06:03:28
83894|95678|13830|14987|4754|1848|1|275.00|41.25|2008-01-22 06:03:38
83916|95720|9049|4482|508|1832|2|598.00|89.70|2008-01-06 06:25:32
83917|95720|9049|7213|508|1835|3|897.00|134.55|2008-01-09 06:25:51
84068|95905|2798|5563|754|1836|1|492.00|73.80|2008-01-10 09:32:17
84069|95905|2798|16658|754|1849|2|984.00|147.60|2008-01-23 09:33:02
84310|96188|24596|9890|3283|1855|2|956.00|143.40|2008-01-29 02:46:03
84637|96596|1019|11004|7692|1843|3|1332.00|199.80|2008-01-17 09:17:38
84729|96691|46179|6443|165|1839|4|1220.00|183.00|2008-01-13 11:06:47
84730|96691|46179|11892|165|1846|1|305.00|45.75|2008-01-20 11:08:08
84849|96826|11255|622|3700|1841|1|377.00|56.55|2008-01-15 01:31:34
85242|97302|30556|1719|4185|1834|4|1268.00|190.20|2008-01-08 09:23:23
85250|97314|33827|20539|159|1854|2|640.00|96.00|2008-01-28 09:31:26
85487|97586|29082|15455|4791|1849|1|107.00|16.05|2008-01-23 02:05:36
85886|98056|47019|8142|2676|1845|2|174.00|26.10|2008-01-19 10:01:10
85887|98056|47019|6959|2676|1844|3|261.00|39.15|2008-01-18 10:01:54
85888|98056|47019|13241|2676|1851|4|348.00|52.20|2008-01-25 10:03:01
85906|98073|23288|1603|1469|1841|3|1293.00|193.95|2008-01-15 10:45:01
86053|98251|31136|22944|3380|1857|3|735.00|110.25|2008-01-31 01:49:08
86055|98251|31136|23013|3380|1857|2|490.00|73.50|2008-01-31 01:49:14
86082|98281|18554|4650|4221|1832|2|838.00|125.70|2008-01-06 02:20:50
86108|98304|18276|4462|1733|1844|3|1425.00|213.75|2008-01-18 02:50:27
86127|98314|2798|13779|2978|1855|4|1408.00|211.20|2008-01-29 03:18:04
86421|98676|18979|21264|6989|1856|4|1288.00|193.20|2008-01-30 08:43:47
86533|98781|41331|17338|8697|1851|2|696.00|104.40|2008-01-25 11:14:31
86535|98781|41331|15638|8697|1849|4|1392.00|208.80|2008-01-23 11:17:39
87081|99426|23722|238|7375|1849|2|882.00|132.30|2008-01-23 09:20:20
87262|99652|5189|10584|8396|1856|1|48.00|7.20|2008-01-30 12:30:32
87321|99711|37143|5946|1850|1839|2|750.00|112.50|2008-01-13 01:25:30
87395|99804|15460|5647|1068|1833|3|231.00|34.65|2008-01-07 02:52:26
87904|100385|11666|11012|7094|1849|1|142.00|21.30|2008-01-23 12:34:20
87905|100385|11666|16152|7094|1855|2|284.00|42.60|2008-01-29 12:34:40
87972|100475|10159|4601|6032|1838|2|734.00|110.10|2008-01-12 02:03:02
88072|100595|7014|1296|754|1856|1|120.00|18.00|2008-01-30 04:00:30
88399|100952|31459|6709|5081|1843|1|270.00|40.50|2008-01-17 09:58:49
88407|100968|35401|8401|761|1855|4|868.00|130.20|2008-01-29 10:09:51
88408|100968|35401|2046|761|1847|1|217.00|32.55|2008-01-21 10:09:51
88719|101353|35977|2301|3426|1845|4|560.00|84.00|2008-01-19 03:43:21
88720|101353|35977|7230|3426|1851|1|140.00|21.00|2008-01-25 03:43:35
89010|101684|33900|3050|5499|1857|2|116.00|17.40|2008-01-31 09:16:38
89077|101742|38393|1073|7005|1852|1|23.00|3.45|2008-01-26 10:45:46
89217|101889|11179|14450|6513|1854|2|766.00|114.90|2008-01-28 01:32:17
89218|101889|11179|2658|6513|1840|4|1532.00|229.80|2008-01-14 01:34:26
89269|101926|23877|2342|4957|1837|2|942.00|141.30|2008-01-11 02:20:17
89311|101976|12019|12683|3993|1855|2|926.00|138.90|2008-01-29 03:07:24
89368|102045|3847|3515|3181|1842|1|428.00|64.20|2008-01-16 04:00:39
89473|102176|7132|2591|942|1841|2|952.00|142.80|2008-01-15 06:05:23
89676|102400|21521|9287|4728|1851|1|436.00|65.40|2008-01-25 09:54:05
90162|102907|48338|3986|7644|1853|2|608.00|91.20|2008-01-27 07:17:03
90189|102947|19953|6056|4770|1851|1|89.00|13.35|2008-01-25 07:43:23
90395|103193|3821|5094|4022|1850|2|182.00|27.30|2008-01-24 11:51:30
90459|103274|24532|2401|3925|1852|1|117.00|17.55|2008-01-26 01:06:16
90704|103541|719|1844|1937|1848|2|188.00|28.20|2008-01-22 06:06:48
91149|104027|7399|6315|1768|1841|4|1304.00|195.60|2008-01-15 02:39:49
91225|104111|39302|6914|5068|1850|1|256.00|38.40|2008-01-24 04:08:39
91668|104598|20735|4049|1797|1855|2|132.00|19.80|2008-01-29 12:16:45
91693|104622|37327|2087|2839|1856|1|260.00|39.00|2008-01-30 12:51:56
91713|104643|8662|8905|2237|1854|1|198.00|29.70|2008-01-28 01:09:09
91715|104643|8662|4792|2237|1849|3|594.00|89.10|2008-01-23 01:09:55
92060|105053|39133|3271|1292|1857|4|1500.00|225.00|2008-01-31 07:32:28
92086|105081|15369|3069|7003|1834|2|672.00|100.80|2008-01-08 07:56:33
92257|105294|19773|1431|2481|1855|1|115.00|17.25|2008-01-29 11:10:50
92665|105777|26770|12345|5414|1855|2|210.00|31.50|2008-01-29 06:41:36
92712|105828|17606|5818|2474|1847|3|225.00|33.75|2008-01-21 08:00:01
92829|105961|21878|13581|3232|1855|4|1212.00|181.80|2008-01-29 10:29:53
92830|105961|21878|1903|3232|1841|1|303.00|45.45|2008-01-15 10:30:46
93012|106157|3712|11995|2539|1853|2|550.00|82.50|2008-01-27 02:00:10
93013|106157|3712|10840|2539|1852|4|1100.00|165.00|2008-01-26 02:00:42
93057|106203|44163|3844|4244|1839|2|460.00|69.00|2008-01-13 02:47:10
93080|106232|10608|2212|1231|1838|1|300.00|45.00|2008-01-12 03:00:17
93118|106290|39361|10001|5975|1847|1|341.00|51.15|2008-01-21 03:42:39
93119|106290|39361|7158|5975|1843|4|1364.00|204.60|2008-01-17 03:44:24
93127|106302|17713|2299|8072|1844|2|924.00|138.60|2008-01-18 03:50:53
94096|107458|10028|3943|563|1854|1|180.00|27.00|2008-01-28 10:38:28
94493|107885|4015|5407|5668|1850|2|224.00|33.60|2008-01-24 06:10:24
94524|107919|12578|9090|4278|1852|2|778.00|116.70|2008-01-26 06:51:56
94790|108217|27646|159|4381|1830|1|329.00|49.35|2008-01-04 12:00:41
95233|108711|34616|7341|1641|1841|4|668.00|100.20|2008-01-15 08:56:03
95589|109148|3489|10259|3834|1851|1|417.00|62.55|2008-01-25 04:12:05
95983|109570|40112|3036|3380|1853|1|309.00|46.35|2008-01-27 12:14:32
96024|109617|41741|3381|2094|1844|2|336.00|50.40|2008-01-18 01:13:32
96025|109617|41741|13638|2094|1856|3|504.00|75.60|2008-01-30 01:15:22
96150|109800|3751|1054|6510|1836|2|824.00|123.60|2008-01-10 03:52:23
96270|109920|43849|13913|2570|1845|2|318.00|47.70|2008-01-19 07:14:08
96274|109925|22409|194|1764|1828|1|104.00|15.60|2008-01-02 07:18:11
96363|110013|36621|5130|2832|1835|2|188.00|28.20|2008-01-09 09:11:09
96434|110082|15983|365|5558|1856|4|740.00|111.00|2008-01-30 10:28:52
96456|110108|46287|12871|7306|1849|2|634.00|95.10|2008-01-23 10:45:06
97288|111071|17987|19457|5743|1854|1|284.00|42.60|2008-01-28 04:46:51
97291|111074|5019|15473|1309|1857|2|924.00|138.60|2008-01-31 04:50:56
97360|111153|16978|12027|7207|1853|2|258.00|38.70|2008-01-27 06:22:41
97395|111206|25278|261|4595|1840|1|293.00|43.95|2008-01-14 06:58:05
97396|111206|25278|6837|4595|1848|4|1172.00|175.80|2008-01-22 06:59:21
97410|111231|45898|6352|4811|1847|1|223.00|33.45|2008-01-21 07:12:33
97652|111509|45325|5872|1106|1841|1|355.00|53.25|2008-01-15 12:11:58
97653|111509|45325|19546|1106|1857|4|1420.00|213.00|2008-01-31 12:12:26
97693|111560|47845|4200|4480|1839|2|152.00|22.80|2008-01-13 01:12:34
97694|111560|47845|4800|4480|1839|4|304.00|45.60|2008-01-13 01:13:41
97730|111623|44831|4415|2726|1836|2|116.00|17.40|2008-01-10 01:50:11
97731|111623|44831|11994|2726|1845|1|58.00|8.70|2008-01-19 01:50:29
97837|111757|43320|17997|868|1855|2|482.00|72.30|2008-01-29 03:59:14
97922|111864|42378|21123|5580|1853|2|734.00|110.10|2008-01-27 05:51:22
97977|111919|30852|4286|8236|1838|1|481.00|72.15|2008-01-12 07:00:40
98230|112225|21847|3495|2038|1842|1|213.00|31.95|2008-01-16 12:16:44
98272|112280|9876|3025|533|1848|2|348.00|52.20|2008-01-22 01:03:40
98426|112459|32128|10168|6820|1850|2|860.00|129.00|2008-01-24 03:57:38
98635|112706|38994|2530|3772|1831|2|592.00|88.80|2008-01-05 08:21:51
98636|112706|38994|18849|3772|1850|1|296.00|44.40|2008-01-24 08:32:13
98737|112846|12076|8800|8021|1850|1|86.00|12.90|2008-01-24 10:15:31
98813|112935|29919|469|5472|1852|2|484.00|72.60|2008-01-26 12:07:47
98814|112935|29919|3874|5472|1856|1|242.00|36.30|2008-01-30 12:08:57
98877|113010|29430|4068|4763|1831|2|198.00|29.70|2008-01-05 01:34:56
98939|113092|2473|1050|6609|1831|1|175.00|26.25|2008-01-05 02:50:29
98940|113092|2473|3728|6609|1834|2|350.00|52.50|2008-01-08 02:51:33
98981|113135|15757|638|4188|1845|1|435.00|65.25|2008-01-19 03:52:24
99572|113812|36182|7149|1049|1855|2|738.00|110.70|2008-01-29 05:04:12
99573|113812|36182|6384|1049|1854|1|369.00|55.35|2008-01-28 05:05:01
99601|113837|20878|4161|3594|1836|2|246.00|36.90|2008-01-10 05:36:30
99602|113837|20878|17071|3594|1852|1|123.00|18.45|2008-01-26 05:36:58
99694|113956|47533|9135|6189|1854|1|480.00|72.00|2008-01-28 07:28:06
99703|113966|3595|2135|6717|1833|1|54.00|8.10|2008-01-07 07:40:41
99842|114114|20197|13474|95|1852|2|926.00|138.90|2008-01-26 11:06:25
100023|114353|23202|11365|7693|1853|1|324.00|48.60|2008-01-27 03:49:32
100024|114353|23202|5196|7693|1846|2|648.00|97.20|2008-01-20 03:53:35
100181|114541|18376|2833|343|1837|1|183.00|27.45|2008-01-11 07:25:26
100182|114541|18376|2048|343|1836|2|366.00|54.90|2008-01-10 07:27:06
100216|114577|31762|14213|2414|1852|4|1816.00|272.40|2008-01-26 08:17:07
100521|114925|27151|105|8115|1830|1|289.00|43.35|2008-01-04 03:01:51
100534|114944|38816|15108|1864|1849|2|716.00|107.40|2008-01-23 03:16:54
100535|114944|38816|7447|1864|1839|1|358.00|53.70|2008-01-13 03:18:36
100672|115116|32816|7691|1905|1852|1|424.00|63.60|2008-01-26 06:47:09
100739|115212|12782|21963|6544|1854|1|226.00|33.90|2008-01-28 08:16:14
100877|115369|46666|12702|1274|1851|4|1360.00|204.00|2008-01-25 11:25:08
100878|115369|46666|2890|1274|1839|2|680.00|102.00|2008-01-13 11:25:22
101096|115616|13690|3797|3678|1841|4|564.00|84.60|2008-01-15 05:08:20
101885|116516|37258|6901|8075|1848|2|548.00|82.20|2008-01-22 12:33:38
102343|117092|25964|12935|302|1851|2|956.00|143.40|2008-01-25 12:01:56
102465|117235|19543|1790|4185|1832|3|810.00|121.50|2008-01-06 03:32:50
102466|117235|19543|11756|4185|1844|2|540.00|81.00|2008-01-18 03:33:29
102467|117235|19543|2097|4185|1832|1|270.00|40.50|2008-01-06 03:33:56
102600|117392|17782|14541|1984|1856|4|528.00|79.20|2008-01-30 06:58:22
102601|117392|17782|693|1984|1839|2|264.00|39.60|2008-01-13 07:01:04
103400|118238|11903|13036|3135|1857|1|330.00|49.50|2008-01-31 03:42:12
103906|118856|27304|10677|5016|1854|4|392.00|58.80|2008-01-28 04:35:35
104123|119104|6604|1499|1924|1855|1|347.00|52.05|2008-01-29 10:31:21
104124|119104|6604|2923|1924|1857|4|1388.00|208.20|2008-01-31 10:32:34
104296|119322|29242|6085|6157|1838|1|207.00|31.05|2008-01-12 03:08:50
104353|119393|34333|8442|4555|1848|1|170.00|25.50|2008-01-22 05:17:39
104468|119503|25712|12838|91|1848|1|443.00|66.45|2008-01-22 09:08:25
104930|120074|30988|5295|2978|1833|1|78.00|11.70|2008-01-07 10:08:42
104943|120083|3822|2625|7735|1851|4|1872.00|280.80|2008-01-25 10:24:52
105279|120469|16716|18376|5724|1852|1|216.00|32.40|2008-01-26 08:05:41
105280|120469|16716|8791|5724|1840|2|432.00|64.80|2008-01-14 08:05:45
105292|120479|39747|1917|2649|1850|1|205.00|30.75|2008-01-24 08:25:53
105748|121039|26135|11163|874|1856|1|191.00|28.65|2008-01-30 09:03:17
105807|121092|21418|13561|4584|1855|4|1944.00|291.60|2008-01-29 11:09:29
106360|121723|14004|526|274|1840|3|1200.00|180.00|2008-01-14 03:49:33
106629|122033|33991|11559|2285|1850|2|226.00|33.90|2008-01-24 12:13:37
106630|122033|33991|697|2285|1837|1|113.00|16.95|2008-01-11 12:15:27
106644|122046|6370|6479|3712|1844|2|542.00|81.30|2008-01-18 12:48:34
107122|122562|30833|12056|5784|1855|2|538.00|80.70|2008-01-29 03:49:47
107998|123586|23712|1662|1069|1830|1|74.00|11.10|2008-01-04 11:59:32
108009|123594|12516|24925|6709|1856|2|624.00|93.60|2008-01-30 12:35:31
108010|123594|12516|16538|6709|1846|4|1248.00|187.20|2008-01-20 12:43:31
108276|123910|44930|12590|5743|1849|2|498.00|74.70|2008-01-23 11:33:50
108278|123910|44930|14057|5743|1850|4|996.00|149.40|2008-01-24 11:38:25
108399|124074|44529|1001|3999|1842|3|333.00|49.95|2008-01-16 03:57:10
108541|124253|16778|2984|3700|1830|1|74.00|11.10|2008-01-04 08:18:14
108542|124253|16778|14762|3700|1844|2|148.00|22.20|2008-01-18 08:21:31
108604|124320|9284|9370|6774|1857|1|239.00|35.85|2008-01-31 10:36:06
108873|124644|40707|4644|6699|1839|2|736.00|110.40|2008-01-13 08:05:53
108975|124762|19257|15223|1135|1857|1|20.00|3.00|2008-01-31 12:03:52
109023|124813|45440|13242|2751|1842|1|56.00|8.40|2008-01-16 01:55:52
109077|124880|34285|6329|5420|1840|1|477.00|71.55|2008-01-14 04:19:32
109145|124980|47389|4603|1863|1855|2|990.00|148.50|2008-01-29 07:32:26
109146|124980|47389|53|1863|1850|4|1980.00|297.00|2008-01-24 07:37:38
109308|125181|35765|6426|7588|1850|1|238.00|35.70|2008-01-24 02:44:18
109310|125182|2597|6655|7430|1844|4|1584.00|237.60|2008-01-18 02:46:45
109640|125565|23684|4816|2400|1848|2|320.00|48.00|2008-01-22 05:43:40
109865|125773|25589|3299|398|1840|2|690.00|103.50|2008-01-14 03:39:23
109979|125945|5623|5765|7165|1855|2|976.00|146.40|2008-01-29 08:44:44
109986|125952|23996|11830|3236|1842|1|346.00|51.90|2008-01-16 08:55:25
110012|125988|12163|2596|4635|1830|1|95.00|14.25|2008-01-04 10:16:59
110218|126233|27839|7923|4732|1843|2|522.00|78.30|2008-01-17 08:18:54
110219|126233|27839|3073|4732|1837|1|261.00|39.15|2008-01-11 08:29:08
110220|126233|27839|18232|4732|1855|4|1044.00|156.60|2008-01-29 08:31:54
110252|126264|2129|13518|5696|1851|2|910.00|136.50|2008-01-25 10:01:27
110281|126304|15808|11834|826|1846|1|58.00|8.70|2008-01-20 11:07:03
110619|126701|25351|2554|8718|1855|2|762.00|114.30|2008-01-29 03:11:09
110620|126701|25351|3420|8718|1856|4|1524.00|228.60|2008-01-30 03:11:38
110664|126773|15893|9611|6820|1848|4|1764.00|264.60|2008-01-22 05:36:42
110749|126876|23597|6329|3065|1855|1|352.00|52.80|2008-01-29 09:13:34
110943|127081|39008|8838|1771|1853|4|1000.00|150.00|2008-01-27 08:46:34
111239|127407|43385|15478|1104|1855|3|744.00|111.60|2008-01-29 03:32:36
111520|127733|2247|3650|935|1856|1|66.00|9.90|2008-01-30 10:56:40
112169|128511|16678|17340|4577|1852|2|582.00|87.30|2008-01-26 07:30:45
112230|128583|37394|2047|1901|1832|1|322.00|48.30|2008-01-06 01:08:03
112456|128849|28125|5529|5687|1851|2|744.00|111.60|2008-01-25 09:16:33
112479|128892|25163|2595|7423|1850|2|718.00|107.70|2008-01-24 11:23:26
112918|129354|39581|24947|6605|1857|3|1293.00|193.95|2008-01-31 10:40:10
113637|130145|687|12080|5814|1857|1|389.00|58.35|2008-01-31 03:53:17
114158|130753|12205|4842|970|1835|2|458.00|68.70|2008-01-09 08:21:37
114445|131079|1474|1993|6825|1849|2|562.00|84.30|2008-01-23 06:29:00
114508|131142|37261|2275|1930|1837|2|384.00|57.60|2008-01-11 11:31:40
114509|131142|37261|8423|1930|1845|3|576.00|86.40|2008-01-19 11:32:11
115438|132164|31120|10665|2699|1846|1|48.00|7.20|2008-01-20 09:06:03
115647|132408|7705|1737|31|1835|2|798.00|119.70|2008-01-09 08:35:49
116333|133230|38175|7879|954|1852|1|148.00|22.20|2008-01-26 05:17:47
116586|133505|13170|19016|7593|1849|3|849.00|127.35|2008-01-23 03:56:51
116587|133505|13170|16244|7593|1846|1|283.00|42.45|2008-01-20 03:58:35
116668|133597|23919|14609|3828|1850|2|910.00|136.50|2008-01-24 07:03:24
117017|133983|49740|6552|3291|1846|1|369.00|55.35|2008-01-20 09:33:19
117454|134486|41142|8774|170|1843|2|434.00|65.10|2008-01-17 03:00:09
118166|135342|14940|399|1805|1843|1|352.00|52.80|2008-01-17 05:04:42
118301|135504|42499|12663|6975|1847|1|143.00|21.45|2008-01-21 09:15:25
118302|135504|42499|3271|6975|1835|2|286.00|42.90|2008-01-09 09:17:38
118344|135544|39588|8287|2477|1852|4|1776.00|266.40|2008-01-26 11:02:59
118657|135913|9455|7788|1615|1843|1|449.00|67.35|2008-01-17 09:58:48
118904|136171|15490|6272|5463|1856|1|316.00|47.40|2008-01-30 06:14:53
119840|137219|4517|150|6032|1836|2|510.00|76.50|2008-01-10 02:23:43
119841|137219|4517|9243|6032|1847|4|1020.00|153.00|2008-01-21 02:24:19
120006|137401|14427|22841|613|1856|2|110.00|16.50|2008-01-30 07:54:41
120007|137401|14427|2321|613|1831|4|220.00|33.00|2008-01-05 07:55:32
120274|137725|18387|3070|6028|1843|2|236.00|35.40|2008-01-17 04:25:35
120275|137725|18387|14019|6028|1856|1|118.00|17.70|2008-01-30 04:29:04
120817|138294|18459|17729|4436|1855|4|1488.00|223.20|2008-01-29 09:04:46
121004|138508|39810|12682|509|1856|1|243.00|36.45|2008-01-30 02:47:17
121018|138519|25432|12630|7580|1856|2|636.00|95.40|2008-01-30 03:11:41
121019|138519|25432|8732|7580|1851|1|318.00|47.70|2008-01-25 03:11:56
121020|138519|25432|11806|7580|1855|3|954.00|143.10|2008-01-29 03:19:29
121140|138657|11335|443|1769|1848|2|892.00|133.80|2008-01-22 07:01:18
121327|138904|16090|12190|8221|1854|4|904.00|135.60|2008-01-28 12:41:40
121351|138923|23264|4503|5495|1853|2|148.00|22.20|2008-01-27 01:20:40
121457|139042|3538|12621|2893|1846|1|266.00|39.90|2008-01-20 04:23:38
121499|139088|10768|13498|3337|1852|2|620.00|93.00|2008-01-26 05:33:56
121500|139088|10768|3169|3337|1839|1|310.00|46.50|2008-01-13 05:34:03
121644|139253|13432|5077|4382|1850|2|498.00|74.70|2008-01-24 09:12:51
121695|139324|25636|2847|4567|1855|1|347.00|52.05|2008-01-29 10:38:32
121929|139574|18180|12402|2491|1841|2|476.00|71.40|2008-01-15 05:25:47
121965|139625|5444|13038|700|1853|1|459.00|68.85|2008-01-27 06:20:08
122054|139731|17387|3939|7335|1857|2|272.00|40.80|2008-01-31 08:32:39
122133|139819|26564|1752|1480|1832|2|180.00|27.00|2008-01-06 10:28:51
122134|139819|26564|9214|1480|1841|1|90.00|13.50|2008-01-15 10:30:00
122501|140221|4625|8896|4556|1849|1|334.00|50.10|2008-01-23 08:10:30
122555|140284|37248|2945|3025|1851|2|844.00|126.60|2008-01-25 09:32:09
122556|140284|37248|160|3025|1848|4|1688.00|253.20|2008-01-22 09:32:10
122657|140398|10631|1982|4458|1851|2|162.00|24.30|2008-01-25 12:13:35
122750|140517|4935|1715|6062|1852|1|330.00|49.50|2008-01-26 03:05:56
122830|140619|23075|14560|8233|1849|1|260.00|39.00|2008-01-23 05:11:31
122831|140619|23075|10957|8233|1845|2|520.00|78.00|2008-01-19 05:13:13
122896|140688|13323|9640|1930|1842|1|464.00|69.60|2008-01-16 06:37:37
122917|140710|23506|19914|4499|1855|4|1508.00|226.20|2008-01-29 07:03:50
122919|140710|23506|3854|4499|1836|2|754.00|113.10|2008-01-10 07:05:26
123113|140956|41420|14423|6151|1855|2|464.00|69.60|2008-01-29 11:25:29
123114|140956|41420|8691|6151|1848|4|928.00|139.20|2008-01-22 11:26:56
123827|141767|485|23898|566|1857|1|335.00|50.25|2008-01-31 05:31:56
124005|141998|42503|7324|2294|1840|4|1104.00|165.60|2008-01-14 10:21:10
124333|142372|626|11887|398|1842|2|498.00|74.70|2008-01-16 06:55:07
124434|142489|42335|7455|613|1846|4|1164.00|174.60|2008-01-20 09:40:16
124579|142674|17894|17890|1215|1849|1|298.00|44.70|2008-01-23 01:05:06
125103|143252|12436|6016|7942|1846|2|268.00|40.20|2008-01-20 01:36:40
125377|143565|3135|10438|834|1847|1|254.00|38.10|2008-01-21 07:49:34
125455|143647|25567|8079|7928|1843|4|1880.00|282.00|2008-01-17 09:38:15
125618|143840|1688|21928|1930|1857|2|900.00|135.00|2008-01-31 01:21:55
125731|143947|18313|7717|8340|1840|2|106.00|15.90|2008-01-14 04:16:34
125733|143947|18313|20161|8340|1855|3|159.00|23.85|2008-01-29 04:18:44
125734|143947|18313|14234|8340|1848|1|53.00|7.95|2008-01-22 04:19:33
126045|144314|39801|12862|2217|1855|2|162.00|24.30|2008-01-29 11:04:45
126082|144377|32315|3716|2726|1844|2|452.00|67.80|2008-01-18 11:52:04
126083|144377|32315|7999|2726|1849|1|226.00|33.90|2008-01-23 11:55:13
126084|144378|2025|1171|3494|1840|2|774.00|116.10|2008-01-14 11:56:07
126132|144439|37349|1213|8157|1831|1|308.00|46.20|2008-01-05 01:22:04
126163|144486|14730|1341|170|1837|1|292.00|43.80|2008-01-11 02:07:38
126421|144810|3856|7323|7285|1847|2|392.00|58.80|2008-01-21 07:36:38
126453|144857|31962|6744|5097|1843|1|216.00|32.40|2008-01-17 08:29:47
126546|144968|41548|18073|7258|1850|1|404.00|60.60|2008-01-24 10:42:03
126685|145111|31501|8956|76|1857|2|274.00|41.10|2008-01-31 01:48:50
126761|145202|43555|10864|4763|1843|2|392.00|58.80|2008-01-17 03:34:31
126762|145202|43555|5808|4763|1836|1|196.00|29.40|2008-01-10 03:35:10
127026|145501|49313|10206|265|1855|2|614.00|92.10|2008-01-29 08:55:33
127100|145592|34609|22936|1905|1854|4|468.00|70.20|2008-01-28 10:25:41
127559|146167|34544|5484|51|1850|4|424.00|63.60|2008-01-24 08:45:36
127565|146173|15094|2417|6665|1836|2|660.00|99.00|2008-01-10 08:52:51
127824|146482|6173|6939|6182|1853|2|722.00|108.30|2008-01-27 02:33:13
128059|146751|49746|3120|4345|1833|2|142.00|21.30|2008-01-07 07:31:41
128149|146885|45063|12004|8196|1849|1|465.00|69.75|2008-01-23 09:50:07
128168|146912|30797|13862|3798|1854|2|710.00|106.50|2008-01-28 10:26:14
128181|146925|38346|10550|5658|1854|4|1320.00|198.00|2008-01-28 10:38:23
128242|147004|42215|14694|5459|1846|2|212.00|31.80|2008-01-20 11:51:16
128345|147111|44160|16623|6419|1848|1|120.00|18.00|2008-01-22 01:58:21
128346|147111|44160|7320|6419|1837|2|240.00|36.00|2008-01-11 01:58:25
128421|147210|39160|1553|5786|1831|2|484.00|72.60|2008-01-05 03:52:32
128422|147210|39160|544|5786|1830|3|726.00|108.90|2008-01-04 03:54:25
128494|147293|3547|7641|4924|1849|3|1134.00|170.10|2008-01-23 05:25:30
128640|147455|46926|9136|8449|1853|2|58.00|8.70|2008-01-27 08:23:57
128651|147461|39812|5109|5408|1849|2|602.00|90.30|2008-01-23 08:40:13
128701|147527|26372|11675|8650|1856|3|558.00|83.70|2008-01-30 09:33:59
128752|147589|49981|11334|2761|1855|1|369.00|55.35|2008-01-29 10:47:46
128760|147597|10829|9132|6826|1854|2|862.00|129.30|2008-01-28 10:53:47
128761|147597|10829|79|6826|1844|3|1293.00|193.95|2008-01-18 10:54:31
129044|147918|31965|12740|7593|1853|1|29.00|4.35|2008-01-27 04:38:51
129045|147918|31965|138|7593|1838|3|87.00|13.05|2008-01-12 04:40:39
129138|148042|4026|3570|6093|1832|2|374.00|56.10|2008-01-06 06:40:55
129187|148117|42239|7699|6163|1855|3|708.00|106.20|2008-01-29 07:47:06
129221|148167|4250|6790|1804|1851|3|1053.00|157.95|2008-01-25 08:39:37
129561|148573|20949|9621|7399|1856|2|788.00|118.20|2008-01-30 03:39:31
129562|148573|20949|530|7399|1845|3|1182.00|177.30|2008-01-19 03:43:10
129778|148832|43489|9441|7514|1848|2|694.00|104.10|2008-01-22 08:09:45
129932|148991|13648|69|6025|1857|4|316.00|47.40|2008-01-31 11:08:31
129970|149033|12221|530|4382|1852|3|675.00|101.25|2008-01-26 12:03:39
130362|149459|32449|5075|4515|1845|1|218.00|32.70|2008-01-19 08:23:23
130420|149527|20143|4814|6185|1856|1|447.00|67.05|2008-01-30 09:36:12
130459|149564|10986|9068|1724|1839|1|495.00|74.25|2008-01-13 10:14:04
130460|149564|10986|24119|1724|1857|2|990.00|148.50|2008-01-31 10:14:10
130493|149605|43857|6208|6605|1848|1|412.00|61.80|2008-01-22 10:54:41
130494|149605|43857|4611|6605|1846|2|824.00|123.60|2008-01-20 10:59:12
130778|149963|3087|4128|6772|1855|2|210.00|31.50|2008-01-29 03:52:04
130870|150069|31373|21548|7319|1855|2|336.00|50.40|2008-01-29 05:42:19
130958|150174|49778|9483|2774|1838|1|348.00|52.20|2008-01-12 07:42:54
131057|150299|20563|17185|4607|1849|2|998.00|149.70|2008-01-23 09:35:00
131058|150299|20563|9000|4607|1839|1|499.00|74.85|2008-01-13 09:36:03
131236|151537|14957|13689|115|1852|2|478.00|71.70|2008-01-26 01:01:29
131237|151538|35918|17191|3466|1854|2|390.00|58.50|2008-01-28 01:02:05
131511|151870|14815|7532|8582|1855|1|187.00|28.05|2008-01-29 05:58:11
131529|151889|8595|8791|6308|1857|2|296.00|44.40|2008-01-31 06:13:21
131573|151933|40211|7923|2000|1848|4|1320.00|198.00|2008-01-22 07:16:44
131585|151946|10328|75|7786|1833|1|372.00|55.80|2008-01-07 07:33:34
131745|152158|49388|12187|6975|1847|2|140.00|21.00|2008-01-21 10:46:07
131839|152270|34870|9442|8490|1839|1|89.00|13.35|2008-01-13 12:31:13
131874|152299|6119|6379|6631|1855|3|279.00|41.85|2008-01-29 01:10:08
132246|152726|46577|22671|7335|1856|1|345.00|51.75|2008-01-30 07:58:46
132424|152928|19413|7110|3734|1841|3|72.00|10.80|2008-01-15 11:26:20
132638|153194|5457|6870|5607|1843|2|542.00|81.30|2008-01-17 03:42:21
132639|153194|5457|14656|5607|1852|1|271.00|40.65|2008-01-26 03:43:53
132964|153583|16044|15349|4185|1852|2|494.00|74.10|2008-01-26 09:41:10
133807|154629|12388|3808|4869|1841|4|168.00|25.20|2008-01-15 01:23:07
133808|154629|12388|5519|4869|1843|1|42.00|6.30|2008-01-17 01:24:02
134013|154859|36859|177|8260|1855|2|208.00|31.20|2008-01-29 05:07:33
134032|154890|28711|5636|7005|1842|2|988.00|148.20|2008-01-16 05:30:18
134034|154890|28711|8449|7005|1846|4|1976.00|296.40|2008-01-20 05:31:32
134123|154993|30506|5166|5111|1834|1|88.00|13.20|2008-01-08 07:01:39
134177|155053|17394|13207|970|1848|2|156.00|23.40|2008-01-22 08:06:27
134178|155053|17394|1066|970|1834|1|78.00|11.70|2008-01-08 08:08:03
134261|155159|30588|5789|4317|1857|2|594.00|89.10|2008-01-31 09:33:18
134483|155449|34150|1089|3315|1830|4|200.00|30.00|2008-01-04 02:15:20
134557|155516|1377|11638|7596|1849|1|459.00|68.85|2008-01-23 03:34:42
134617|155564|11075|5170|3641|1845|2|562.00|84.30|2008-01-19 04:45:29
134759|155747|48275|5753|2213|1835|4|312.00|46.80|2008-01-09 07:34:05
134762|155754|31572|15271|5697|1856|1|336.00|50.40|2008-01-30 07:36:16
135072|156076|1157|1217|8238|1851|1|217.00|32.55|2008-01-25 01:25:11
135957|157076|47966|1977|8179|1840|1|438.00|65.70|2008-01-14 05:31:22
136178|157286|43007|5032|2106|1848|1|67.00|10.05|2008-01-22 09:26:17
136197|157312|28154|19097|2121|1849|1|207.00|31.05|2008-01-23 09:55:36
136198|157312|28154|1838|2121|1829|2|414.00|62.10|2008-01-03 09:55:58
136294|157415|7331|4453|5544|1847|2|226.00|33.90|2008-01-21 11:41:08
136862|158089|16598|1973|5456|1846|1|425.00|63.75|2008-01-20 10:06:42
136878|158104|21052|8861|2171|1855|1|225.00|33.75|2008-01-29 10:29:42
137234|158527|28497|2224|3926|1841|2|330.00|49.50|2008-01-15 04:57:30
137359|158665|9539|12830|777|1848|1|370.00|55.50|2008-01-22 07:06:55
137457|158768|4576|1924|2742|1834|3|756.00|113.40|2008-01-08 09:09:34
137459|158768|4576|12101|2742|1846|1|252.00|37.80|2008-01-20 09:11:27
137588|158930|11536|3507|613|1856|4|748.00|112.20|2008-01-30 11:51:07
137626|158974|2103|6115|103|1856|2|404.00|60.60|2008-01-30 12:38:23
137627|158974|2103|1462|103|1850|1|202.00|30.30|2008-01-24 12:39:07
138059|159475|38220|2141|8321|1833|2|926.00|138.90|2008-01-07 08:37:25
138169|159627|15139|955|2352|1833|4|1688.00|253.20|2008-01-07 10:38:50
138255|159709|32629|17784|3380|1857|1|177.00|26.55|2008-01-31 12:20:51
138458|159947|29517|2435|8021|1854|2|934.00|140.10|2008-01-28 04:20:25
138647|160176|19811|3003|3282|1835|1|415.00|62.25|2008-01-09 07:53:22
139185|160842|12343|12330|2875|1844|2|830.00|124.50|2008-01-18 06:24:03
139446|161127|16318|7353|7529|1856|3|1017.00|152.55|2008-01-30 11:44:47
139553|161257|43160|14249|2421|1853|4|1408.00|211.20|2008-01-27 01:41:27
139554|161257|43160|10359|2421|1848|5|1760.00|264.00|2008-01-22 01:41:34
139579|161283|11477|5419|1330|1841|2|968.00|145.20|2008-01-15 02:14:41
139580|161283|11477|1840|1330|1837|3|1452.00|217.80|2008-01-11 02:14:50
139970|161799|2370|13809|3232|1851|2|314.00|47.10|2008-01-25 10:20:26
140138|162019|33381|10771|7319|1856|1|391.00|58.65|2008-01-30 01:41:50
140826|162826|7099|1164|1941|1842|4|1164.00|174.60|2008-01-16 02:23:25
140840|162838|44352|1371|7984|1841|3|1425.00|213.75|2008-01-15 02:34:17
140908|162926|40154|8208|2984|1852|2|770.00|115.50|2008-01-26 03:58:54
140990|163037|36000|20702|3021|1856|2|76.00|11.40|2008-01-30 05:36:14
141000|163049|18054|1614|115|1845|2|86.00|12.90|2008-01-19 05:51:00
141514|163681|29169|13941|1438|1856|1|288.00|43.20|2008-01-30 03:33:05
141562|163749|16091|12336|6772|1846|1|392.00|58.80|2008-01-20 04:19:22
141563|163749|16091|2952|6772|1835|4|1568.00|235.20|2008-01-09 04:19:47
141650|163854|8059|977|5676|1831|2|242.00|36.30|2008-01-05 05:58:12
142115|164400|6182|9576|1864|1844|1|291.00|43.65|2008-01-18 03:15:19
142116|164400|6182|17890|1864|1854|4|1164.00|174.60|2008-01-28 03:15:35
142250|164566|41785|11374|4586|1850|2|362.00|54.30|2008-01-24 05:46:49
142251|164566|41785|16999|4586|1857|1|181.00|27.15|2008-01-31 05:49:29
142269|164587|49227|13174|6415|1845|4|296.00|44.40|2008-01-19 06:07:36
142530|164923|23277|1589|3380|1833|2|572.00|85.80|2008-01-07 11:02:01
142695|165144|5806|454|170|1834|1|62.00|9.30|2008-01-08 02:38:13
142696|165144|5806|3540|170|1838|4|248.00|37.20|2008-01-12 02:38:37
142697|165144|5806|8062|170|1843|2|124.00|18.60|2008-01-17 02:39:03
142704|165157|1728|6374|6764|1846|3|879.00|131.85|2008-01-20 02:49:15
142705|165157|1728|1334|6764|1840|1|293.00|43.95|2008-01-14 02:49:29
142789|165266|48671|4029|1934|1847|3|642.00|96.30|2008-01-21 04:22:34
142932|165451|8579|339|3925|1852|1|85.00|12.75|2008-01-26 07:07:32
143071|165618|13415|395|7000|1838|1|126.00|18.90|2008-01-12 09:54:19
143721|166377|32273|6094|8494|1856|2|200.00|30.00|2008-01-30 09:28:50
143722|166377|32273|2553|8494|1852|1|100.00|15.00|2008-01-26 09:29:01
143862|166550|34568|5104|8496|1837|2|278.00|41.70|2008-01-11 12:25:05
143863|166550|34568|1257|8496|1832|4|556.00|83.40|2008-01-06 12:25:24
143881|166576|11537|9296|4982|1848|2|888.00|133.20|2008-01-22 12:48:28
144213|166926|7309|457|5703|1853|1|102.00|15.30|2008-01-27 06:48:20
144485|167274|23737|11116|3025|1854|3|555.00|83.25|2008-01-28 12:07:08
144901|167736|1286|9022|8769|1844|2|666.00|99.90|2008-01-18 07:57:22
144909|167744|6665|15431|2725|1847|4|1892.00|283.80|2008-01-21 08:07:15
144910|167744|6665|2149|2725|1831|3|1419.00|212.85|2008-01-05 08:08:14
145007|167844|16927|7611|4381|1837|1|360.00|54.00|2008-01-11 10:10:42
145185|168077|32933|7191|5696|1839|4|712.00|106.80|2008-01-13 01:12:49
145804|168841|5699|3909|2781|1833|3|852.00|127.80|2008-01-07 12:48:47
145805|168841|5699|4106|2781|1833|2|568.00|85.20|2008-01-07 12:49:05
145808|168846|28939|3397|5557|1834|2|414.00|62.10|2008-01-08 12:54:57
145809|168846|28939|22861|5557|1857|1|207.00|31.05|2008-01-31 12:58:40
146012|169096|22546|9111|6631|1849|1|128.00|19.20|2008-01-23 04:55:36
146246|169333|10747|1600|4509|1857|1|244.00|36.60|2008-01-31 09:17:16
146247|169333|10747|707|4509|1856|2|488.00|73.20|2008-01-30 09:19:05
146432|169561|29199|4339|184|1849|2|238.00|35.70|2008-01-23 01:07:16
146438|169568|22366|1611|5346|1843|2|708.00|106.20|2008-01-17 01:17:31
146794|170012|4611|6029|2121|1853|1|164.00|24.60|2008-01-27 07:49:09
146795|170012|4611|2112|2121|1848|3|492.00|73.80|2008-01-22 07:50:40
146820|170036|13684|6094|7114|1857|2|126.00|18.90|2008-01-31 08:13:15
146822|170036|13684|5684|7114|1856|4|252.00|37.80|2008-01-30 08:14:16
146836|170051|27788|9138|5607|1842|4|1328.00|199.20|2008-01-16 08:33:42
146862|170078|33300|10329|1553|1844|1|96.00|14.40|2008-01-18 08:52:16
147346|170622|15306|13891|2477|1845|1|278.00|41.70|2008-01-19 04:56:28
147405|170696|42490|22138|7872|1857|1|127.00|19.05|2008-01-31 06:05:38
147443|170739|23298|5162|4577|1848|1|327.00|49.05|2008-01-22 06:50:47
147444|170739|23298|1979|4577|1844|2|654.00|98.10|2008-01-18 06:51:02
147928|171294|19027|6472|2710|1851|1|143.00|21.45|2008-01-25 04:27:25
147929|171294|19027|6557|2710|1851|2|286.00|42.90|2008-01-25 04:30:13
148016|171402|33996|7497|2390|1855|1|465.00|69.75|2008-01-29 06:05:29
148017|171402|33996|3937|2390|1851|2|930.00|139.50|2008-01-25 06:06:11
148243|171680|23829|3588|351|1839|2|382.00|57.30|2008-01-13 10:29:46
148259|171694|19120|5344|7735|1848|4|1252.00|187.80|2008-01-22 10:46:32
148687|172242|5903|13037|2094|1843|2|362.00|54.30|2008-01-17 07:05:55
148693|172247|39154|6921|566|1855|3|990.00|148.50|2008-01-29 07:12:03
148694|172247|39154|4709|566|1852|2|660.00|99.00|2008-01-26 07:12:34
148843|172411|39203|5502|3901|1837|2|602.00|90.30|2008-01-11 10:18:33
148844|172411|39203|5209|3901|1837|1|301.00|45.15|2008-01-11 10:18:41
148845|172411|39203|14653|3901|1848|3|903.00|135.45|2008-01-22 10:21:33
148973|172563|40000|4509|251|1833|2|590.00|88.50|2008-01-07 01:07:04
149583|173194|3236|1594|910|1846|1|322.00|48.30|2008-01-20 01:13:57
150215|173871|28067|6122|8207|1841|2|452.00|67.80|2008-01-15 02:04:58
150383|174059|10440|7578|8700|1852|2|938.00|140.70|2008-01-26 04:58:18
150499|174195|15135|283|1104|1828|3|135.00|20.25|2008-01-02 07:20:51
150500|174195|15135|20884|1104|1853|1|45.00|6.75|2008-01-27 07:21:05
150502|174195|15135|20667|1104|1852|2|90.00|13.50|2008-01-26 07:22:02
150742|174466|36100|4142|3906|1841|2|390.00|58.50|2008-01-15 11:53:17
150874|174616|19835|11560|7529|1856|1|117.00|17.55|2008-01-30 02:11:41
150875|174616|19835|905|7529|1844|2|234.00|35.10|2008-01-18 02:12:32
151227|175046|4972|18656|2017|1853|1|85.00|12.75|2008-01-27 09:33:01
151247|175072|40949|11560|48|1843|1|145.00|21.75|2008-01-17 09:56:25
151288|175131|30665|10085|3535|1840|4|1500.00|225.00|2008-01-14 10:42:41
151289|175131|30665|14399|3535|1845|2|750.00|112.50|2008-01-19 10:42:42
151290|175131|30665|2325|3535|1830|1|375.00|56.25|2008-01-04 10:42:43
151461|175345|48496|13238|6420|1855|2|592.00|88.80|2008-01-29 02:25:58
151481|175373|17421|6416|7443|1834|2|342.00|51.30|2008-01-08 02:43:42
151518|175420|7960|5516|184|1835|3|669.00|100.35|2008-01-09 03:36:07
151519|175420|7960|22380|184|1855|1|223.00|33.45|2008-01-29 03:37:26
151520|175420|7960|23655|184|1857|2|446.00|66.90|2008-01-31 03:39:18
151735|175631|14592|17954|274|1855|1|327.00|49.05|2008-01-29 07:29:17
151917|175833|43617|3444|722|1843|2|876.00|131.40|2008-01-17 11:14:06
151969|175890|8019|4547|7939|1854|4|760.00|114.00|2008-01-28 12:21:21
152039|175955|13858|3071|2600|1830|4|1716.00|257.40|2008-01-04 01:33:48
152191|176129|33524|286|4089|1844|1|97.00|14.55|2008-01-18 04:44:23
152192|176129|33524|7725|4089|1853|4|388.00|58.20|2008-01-27 04:44:26
152227|176165|2668|9631|2699|1839|1|400.00|60.00|2008-01-13 05:32:59
152239|176180|49803|15485|5854|1854|1|179.00|26.85|2008-01-28 05:46:42
152655|176643|2313|21686|398|1854|4|484.00|72.60|2008-01-28 02:01:37
152656|176643|2313|24300|398|1857|2|242.00|36.30|2008-01-31 02:06:07
152928|176986|35725|11234|1482|1844|3|1125.00|168.75|2008-01-18 06:39:58
152929|176986|35725|12515|1482|1846|1|375.00|56.25|2008-01-20 06:40:56
152975|177039|27389|13679|5300|1847|3|1179.00|176.85|2008-01-21 07:47:24
153155|177272|16960|2529|7373|1837|3|417.00|62.55|2008-01-11 11:31:39
153156|177272|16960|11830|7373|1848|4|556.00|83.40|2008-01-22 11:32:59
153157|177272|16960|4206|7373|1839|2|278.00|41.70|2008-01-13 11:33:48
153639|177870|33647|4916|4105|1850|1|275.00|41.25|2008-01-24 08:30:41
153720|177951|24766|9802|2192|1842|3|378.00|56.70|2008-01-16 10:13:21
153721|177951|24766|15985|2192|1850|2|252.00|37.80|2008-01-24 10:14:33
153736|177976|15618|4471|7909|1848|1|401.00|60.15|2008-01-22 10:36:34
154014|178295|12034|1688|8449|1840|1|117.00|17.55|2008-01-14 03:33:25
154040|178327|15713|6365|654|1836|2|256.00|38.40|2008-01-10 04:01:01
154041|178327|15713|5253|654|1835|1|128.00|19.20|2008-01-09 04:01:09
154263|178596|26873|184|3474|1828|2|744.00|111.60|2008-01-02 07:47:50
154463|178854|5917|188|5687|1844|2|898.00|134.70|2008-01-18 11:20:17
154501|178913|24860|2062|6302|1850|2|530.00|79.50|2008-01-24 12:05:57
154555|178971|33005|3048|2483|1840|2|138.00|20.70|2008-01-14 01:09:01
154556|178971|33005|2523|2483|1840|1|69.00|10.35|2008-01-14 01:09:18
154638|179035|29478|20270|4480|1856|2|328.00|49.20|2008-01-30 02:54:01
154810|179225|11165|5512|6241|1853|2|502.00|75.30|2008-01-27 06:09:32
155052|179488|15591|7214|274|1837|2|94.00|14.10|2008-01-11 10:29:07
155074|179509|49768|11685|1513|1855|1|181.00|27.15|2008-01-29 10:56:47
155075|179509|49768|12241|1513|1855|2|362.00|54.30|2008-01-29 10:57:29
155405|179874|34079|10953|3016|1851|2|220.00|33.00|2008-01-25 04:39:30
156091|180724|25521|5574|7256|1836|1|499.00|74.85|2008-01-10 06:16:40
156338|180977|21326|1972|7187|1834|2|182.00|27.30|2008-01-08 10:29:51
156535|181217|33794|10758|3709|1853|4|1364.00|204.60|2008-01-27 02:08:33
156536|181217|33794|11668|3709|1855|3|1023.00|153.45|2008-01-29 02:09:14
157240|205983|37385|6932|7065|1849|2|1360.00|204.00|2008-01-23 03:22:44
157433|206367|8973|333|2834|1834|2|4730.00|709.50|2008-01-08 07:11:11
157876|207255|46838|1554|2846|1854|1|1427.00|214.05|2008-01-28 03:17:57
158379|208275|33621|5468|5309|1849|1|1259.00|188.85|2008-01-23 01:03:32
158636|208822|42183|19493|5463|1850|2|4592.00|688.80|2008-01-24 06:00:57
159055|209625|35862|23661|6717|1857|2|3954.00|593.10|2008-01-31 01:47:45
159162|209818|8644|11454|636|1850|1|2163.00|324.45|2008-01-24 04:00:47
159163|209818|8644|3608|636|1841|2|4326.00|648.90|2008-01-15 04:01:30
159192|209874|10625|6206|5913|1854|4|5172.00|775.80|2008-01-28 04:36:40
159193|209874|10625|2589|5913|1850|2|2586.00|387.90|2008-01-24 04:37:37
159194|209880|34397|8951|3698|1855|1|1870.00|280.50|2008-01-29 04:37:54
159195|209880|34397|6497|3698|1852|4|7480.00|1122.00|2008-01-26 04:39:21
159323|210655|27686|2659|1469|1831|2|1132.00|169.80|2008-01-05 07:10:17
159439|210824|20305|6638|5735|1835|1|1628.00|244.20|2008-01-09 09:42:59
159440|210824|20305|13996|5735|1844|4|6512.00|976.80|2008-01-18 09:43:02
159445|210831|11087|10811|6653|1855|2|2402.00|360.30|2008-01-29 09:49:42
159632|211164|40518|11437|6405|1855|3|1752.00|262.80|2008-01-29 01:55:07
159678|211239|3022|4262|6746|1835|2|2438.00|365.70|2008-01-09 02:39:19
159741|211349|48902|9742|5112|1843|1|1950.00|292.50|2008-01-17 03:52:26
160045|211915|19921|4550|3117|1838|1|1972.00|295.80|2008-01-12 10:00:32
160184|212177|24518|4516|8115|1832|1|350.00|52.50|2008-01-06 12:38:17
160185|212177|24518|6828|8115|1835|2|700.00|105.00|2008-01-09 12:40:55
160199|212218|25674|270|3479|1849|2|2632.00|394.80|2008-01-23 12:51:12
160208|212230|26744|11522|2742|1855|2|2276.00|341.40|2008-01-29 01:03:52
160295|212356|19761|632|5479|1852|2|1704.00|255.60|2008-01-26 02:38:56
160484|212723|33587|4492|7058|1851|1|2136.00|320.40|2008-01-25 06:17:42
160485|212723|33587|3104|7058|1849|2|4272.00|640.80|2008-01-23 06:19:12
160586|212913|13171|74|722|1849|2|2896.00|434.40|2008-01-23 07:57:02
160600|212946|43387|3726|8196|1848|1|904.00|135.60|2008-01-22 08:10:55
160629|213013|34207|11876|834|1844|1|611.00|91.65|2008-01-18 08:39:57
160636|213022|48642|840|3993|1846|2|1922.00|288.30|2008-01-20 08:49:50
160999|213703|13143|168|3622|1840|4|6820.00|1023.00|2008-01-14 04:08:34
161043|213794|46468|14597|2652|1854|2|2786.00|417.90|2008-01-28 04:52:43
161044|213794|46468|447|2652|1837|4|5572.00|835.80|2008-01-11 04:53:06
161396|214475|11683|2859|504|1847|1|1831.00|274.65|2008-01-21 11:30:54
161774|215239|34231|8896|1201|1847|1|2202.00|330.30|2008-01-21 07:20:57
161776|215239|34231|6982|1201|1845|2|4404.00|660.60|2008-01-19 07:21:09
161928|215510|4740|3493|576|1854|2|2260.00|339.00|2008-01-28 10:09:44
162404|216414|18701|915|4849|1857|1|1112.00|166.80|2008-01-31 07:11:50
162469|216518|12648|773|1724|1840|1|728.00|109.20|2008-01-14 08:32:24
162578|216700|36472|5503|2614|1848|2|3564.00|534.60|2008-01-22 11:01:46
162939|217381|22820|7708|777|1855|2|1582.00|237.30|2008-01-29 05:43:36
163523|218465|46468|10086|7537|1842|1|1990.00|298.50|2008-01-16 04:29:51
163889|219116|46474|10885|6910|1843|2|4788.00|718.20|2008-01-17 11:06:19
163964|219275|22030|4303|3724|1842|4|4544.00|681.60|2008-01-16 12:29:27
164047|219400|42489|4720|3862|1853|1|1225.00|183.75|2008-01-27 01:59:31
164114|219527|26284|7410|2121|1839|1|2450.00|367.50|2008-01-13 03:17:59
164375|220003|30965|6660|6182|1840|2|4986.00|747.90|2008-01-14 08:30:19
164376|220003|30965|4689|6182|1838|1|2493.00|373.95|2008-01-12 08:30:41
164746|220739|36599|9096|3065|1846|1|710.00|106.50|2008-01-20 03:34:59
164747|220739|36599|5401|3065|1842|3|2130.00|319.50|2008-01-16 03:37:15
164755|220756|4787|1789|1736|1830|4|9460.00|1419.00|2008-01-04 03:42:39
165080|221330|47198|21046|3874|1854|2|1898.00|284.70|2008-01-28 09:43:07
165309|221750|32710|3687|759|1837|2|4810.00|721.50|2008-01-11 01:42:25
165461|222084|26199|17589|7469|1854|2|2082.00|312.30|2008-01-28 05:03:14
165491|222142|26778|13792|2294|1857|1|2146.00|321.90|2008-01-31 05:45:01
165681|222505|41468|1648|302|1850|2|1916.00|287.40|2008-01-24 09:24:04
166369|223817|46285|5542|5379|1836|2|1458.00|218.70|2008-01-10 10:39:08
166370|223817|46285|22347|5379|1856|4|2916.00|437.40|2008-01-30 10:40:21
166521|224073|14907|15627|8296|1850|2|4026.00|603.90|2008-01-24 01:23:28
166522|224073|14907|20095|8296|1856|4|8052.00|1207.80|2008-01-30 01:24:51
166880|224775|5471|2054|3479|1851|1|1422.00|213.30|2008-01-25 08:02:35
167163|225386|31389|22194|4643|1853|1|350.00|52.50|2008-01-27 01:16:35
167164|225386|31389|20876|4643|1852|2|700.00|105.00|2008-01-26 01:16:38
167357|225750|46785|2562|6807|1851|1|565.00|84.75|2008-01-25 04:50:00
167418|225876|40862|4805|6605|1851|4|6596.00|989.40|2008-01-25 05:53:55
167528|226118|35836|1931|2861|1854|2|1596.00|239.40|2008-01-28 08:13:04
168072|227100|35040|896|2640|1855|1|1811.00|271.65|2008-01-29 07:05:02
168808|228521|7449|14315|3286|1845|1|550.00|82.50|2008-01-19 11:04:39
169147|229188|16787|202|3713|1830|1|1327.00|199.05|2008-01-04 05:51:07
169148|229188|16787|9710|3713|1841|2|2654.00|398.10|2008-01-15 05:51:50
169606|230016|48599|20576|8268|1855|4|8112.00|1216.80|2008-01-29 02:31:52
169607|230016|48599|15520|8268|1849|1|2028.00|304.20|2008-01-23 02:34:11
169788|230441|49482|8219|6141|1856|1|1180.00|177.00|2008-01-30 06:17:59
169794|230449|22259|16213|2160|1849|1|1537.00|230.55|2008-01-23 06:27:22
169998|230829|44897|19507|3834|1851|4|3788.00|568.20|2008-01-25 10:11:08
170049|230945|41166|230|5331|1848|2|3860.00|579.00|2008-01-22 11:28:07
170284|231363|40399|10456|8186|1851|1|2356.00|353.40|2008-01-25 01:06:23
170330|231447|28013|5668|7997|1840|1|1905.00|285.75|2008-01-14 01:07:51
170389|231572|44975|10047|955|1842|2|4158.00|623.70|2008-01-16 01:09:36
170390|231572|44975|18573|955|1852|1|2079.00|311.85|2008-01-26 01:09:37
170434|231642|7860|256|313|1846|1|1430.00|214.50|2008-01-20 01:11:24
170951|232631|35440|1781|7332|1836|3|6777.00|1016.55|2008-01-10 01:31:00
170952|232631|35440|1697|7332|1836|2|4518.00|677.70|2008-01-10 01:31:00
170953|232631|35440|5875|7332|1841|1|2259.00|338.85|2008-01-15 01:31:01
170990|232700|20288|5471|6364|1842|1|602.00|90.30|2008-01-16 01:32:29
171070|232880|30747|15547|942|1855|2|3378.00|506.70|2008-01-29 01:35:38
171314|233360|30680|7447|4743|1847|1|366.00|54.90|2008-01-21 01:44:36
171766|234239|21983|306|799|1843|2|4134.00|620.10|2008-01-17 02:02:03
171812|234312|37067|5039|3717|1839|4|4528.00|679.20|2008-01-13 02:03:40
171813|234312|37067|16283|3717|1852|2|2264.00|339.60|2008-01-26 02:03:40
171935|234527|20680|6580|641|1837|2|2964.00|444.60|2008-01-11 02:08:06
171936|234527|20680|18156|641|1851|1|1482.00|222.30|2008-01-25 02:08:08
171998|234621|11043|5339|3468|1855|1|2213.00|331.95|2008-01-29 02:10:30
172122|234814|25970|9252|2498|1848|1|1735.00|260.25|2008-01-22 02:14:46
172123|234814|25970|11165|2498|1850|2|3470.00|520.50|2008-01-24 02:14:48
172320|235256|46830|4104|2774|1856|1|1153.00|172.95|2008-01-30 02:21:36
172348|235301|17328|18175|2337|1857|1|866.00|129.90|2008-01-31 02:22:28
