330|329|9502|3155|3158|1844|1|41.00|6.15|2008-01-18 10:28:08
651|664|36539|15405|7514|1857|1|105.00|15.75|2008-01-31 11:51:46
652|664|36539|15154|7514|1857|3|315.00|47.25|2008-01-31 11:54:13
704|724|35016|15780|3468|1845|1|40.00|6.00|2008-01-19 05:23:55
705|724|35016|24036|3468|1855|4|160.00|24.00|2008-01-29 05:31:55
1081|1110|39846|11219|2699|1850|2|320.00|48.00|2008-01-24 04:25:11
1082|1110|39846|8083|2699|1846|4|640.00|96.00|2008-01-20 04:29:14
1107|1141|48049|1632|7815|1842|2|138.00|20.70|2008-01-16 06:23:19
1876|1997|45506|8346|6823|1852|1|200.00|30.00|2008-01-26 11:11:37
1877|1997|45506|6016|6823|1849|3|600.00|90.00|2008-01-23 11:11:42
1952|2100|17934|7642|7319|1854|1|186.00|27.90|2008-01-28 03:07:46
2037|2181|15911|2043|581|1837|1|105.00|15.75|2008-01-11 07:13:22
2038|2181|15911|11174|581|1848|2|210.00|31.50|2008-01-22 07:17:40
2323|2493|39828|13999|4437|1845|1|103.00|15.45|2008-01-19 11:35:43
2586|2771|26881|3212|3031|1846|3|423.00|63.45|2008-01-20 01:14:19
2772|2972|9443|9056|136|1841|1|58.00|8.70|2008-01-15 10:05:36
2984|3178|7798|4642|7990|1850|1|52.00|7.80|2008-01-24 08:16:52
3042|3249|7716|5204|3512|1846|2|376.00|56.40|2008-01-20 10:49:19
3043|3249|7716|11943|3512|1854|4|752.00|112.80|2008-01-28 10:50:03
3379|3664|13532|1536|8279|1837|2|354.00|53.10|2008-01-11 01:44:37
3380|3664|13532|8948|8279|1846|1|177.00|26.55|2008-01-20 01:45:26
3416|3694|28939|1553|1446|1850|2|402.00|60.30|2008-01-24 03:52:23
3566|3847|8041|873|4903|1830|1|74.00|11.10|2008-01-04 09:52:20
3828|4126|49700|11964|8502|1843|1|174.00|26.10|2008-01-17 08:41:50
3829|4126|49700|12565|8502|1844|2|348.00|52.20|2008-01-18 08:46:42
4137|4445|34176|3072|3798|1855|3|522.00|78.30|2008-01-29 08:45:35
4139|4445|34176|3853|3798|1856|4|696.00|104.40|2008-01-30 08:47:56
4140|4445|34176|582|3798|1852|2|348.00|52.20|2008-01-26 08:49:11
4188|4510|18088|4833|980|1849|1|183.00|27.45|2008-01-23 11:06:39
4567|4906|32771|8652|6052|1857|1|212.00|31.80|2008-01-31 01:12:47
4604|4950|7430|5247|2342|1851|4|88.00|13.20|2008-01-25 02:41:23
4787|5162|31168|2864|5598|1836|2|182.00|27.30|2008-01-10 09:15:51
4789|5162|31168|19826|5598|1856|4|364.00|54.60|2008-01-30 09:18:13
4835|5198|45928|3862|2782|1843|3|630.00|94.50|2008-01-17 11:17:12
5106|5486|21506|1550|6809|1855|4|660.00|99.00|2008-01-29 08:35:43
5322|5726|49661|6231|8279|1846|2|184.00|27.60|2008-01-20 03:55:31
5323|5726|49661|6302|8279|1846|4|368.00|55.20|2008-01-20 03:57:35
5511|5960|8462|1776|2834|1832|1|67.00|10.05|2008-01-06 10:23:26
5545|5995|22687|2455|6841|1854|3|282.00|42.30|2008-01-28 11:33:02
5927|6444|9742|14927|2474|1847|2|414.00|62.10|2008-01-21 12:36:09
6008|6543|1389|5164|3497|1855|2|478.00|71.70|2008-01-29 03:08:43
6303|6844|45451|676|2414|1844|4|940.00|141.00|2008-01-18 01:37:05
6390|6947|34231|9411|3497|1843|1|97.00|14.55|2008-01-17 04:42:48
6391|6947|34231|15948|3497|1851|4|388.00|58.20|2008-01-25 04:43:09
6490|7058|224|1580|6362|1850|1|230.00|34.50|2008-01-24 07:39:55
6808|7392|43525|2195|982|1830|1|196.00|29.40|2008-01-04 06:50:11
7368|7987|39268|7631|2628|1845|2|402.00|60.30|2008-01-19 12:17:41
7369|7987|39268|4646|2628|1841|3|603.00|90.45|2008-01-15 12:18:26
7371|7988|19343|59|8553|1845|4|436.00|65.40|2008-01-19 12:20:10
7577|8205|11094|7246|7676|1843|1|139.00|20.85|2008-01-17 06:53:53
7580|8208|34270|6424|6782|1843|2|314.00|47.10|2008-01-17 06:58:04
7598|8224|31449|22855|313|1854|2|314.00|47.10|2008-01-28 07:35:50
7756|8363|31581|341|2360|1851|2|268.00|40.20|2008-01-25 11:48:42
7909|8515|40414|4175|3557|1837|2|86.00|12.90|2008-01-11 04:56:44
8025|8642|14756|3072|4689|1844|3|381.00|57.15|2008-01-18 08:34:38
8167|8775|14984|1897|5527|1840|1|173.00|25.95|2008-01-14 12:50:51
8365|8993|48229|7859|5812|1850|2|112.00|16.80|2008-01-24 06:15:57
8826|9507|15788|7845|3767|1846|2|168.00|25.20|2008-01-20 06:53:42
8854|9557|14561|13324|4107|1857|2|360.00|54.00|2008-01-31 07:35:22
8883|9588|34526|10300|1670|1847|1|158.00|23.70|2008-01-21 08:21:03
8971|9687|38763|19346|5463|1855|1|159.00|23.85|2008-01-29 10:36:27
8972|9687|38763|10285|5463|1844|4|636.00|95.40|2008-01-18 10:37:02
9153|9891|3171|20870|8479|1855|1|163.00|24.45|2008-01-29 03:39:15
9412|10212|34015|3632|7319|1831|3|75.00|11.25|2008-01-05 10:05:45
9764|10594|21771|2427|134|1845|1|84.00|12.60|2008-01-19 07:23:06
9888|10751|36710|20517|8019|1851|2|198.00|29.70|2008-01-25 10:13:30
9889|10751|36710|6504|8019|1834|4|396.00|59.40|2008-01-08 10:13:36
9905|10774|40008|7662|1833|1843|3|489.00|73.35|2008-01-17 10:38:55
9906|10774|40008|19313|1833|1857|2|326.00|48.90|2008-01-31 10:40:04
10235|11158|14532|14705|750|1847|2|152.00|22.80|2008-01-21 06:32:05
10632|11550|42626|18539|770|1849|1|218.00|32.70|2008-01-23 04:50:34
10633|11550|42626|3018|770|1830|2|436.00|65.40|2008-01-04 04:50:52
10734|11661|10399|5814|184|1849|4|604.00|90.60|2008-01-23 07:36:39
10971|11893|9639|3046|5564|1856|2|90.00|13.50|2008-01-30 02:09:08
11031|11956|8649|4409|1384|1832|1|248.00|37.20|2008-01-06 03:55:25
11107|12054|12328|1255|7062|1856|2|162.00|24.30|2008-01-30 05:36:07
11108|12054|12328|307|7062|1855|1|81.00|12.15|2008-01-29 05:37:49
11305|12260|5055|5812|636|1836|4|952.00|142.80|2008-01-10 10:36:55
11306|12260|5055|1245|636|1831|1|238.00|35.70|2008-01-05 10:37:11
11771|12729|49837|12502|5346|1852|2|58.00|8.70|2008-01-26 09:47:11
12218|13197|15522|6040|7785|1843|2|496.00|74.40|2008-01-17 07:59:57
12228|13206|41634|13851|4607|1854|4|320.00|48.00|2008-01-28 08:09:08
12339|13320|6382|10586|6594|1854|4|192.00|28.80|2008-01-28 10:38:03
12340|13321|39683|615|7363|1850|1|219.00|32.85|2008-01-24 10:38:12
12494|13502|42454|2422|214|1851|4|292.00|43.80|2008-01-25 02:30:37
12496|13502|42454|2965|214|1852|1|73.00|10.95|2008-01-26 02:34:25
12562|13572|25737|3236|750|1852|2|278.00|41.70|2008-01-26 04:14:33
12641|13656|11445|13971|2662|1857|2|170.00|25.50|2008-01-31 05:57:02
12753|13755|39502|2172|7819|1830|2|82.00|12.30|2008-01-04 08:26:19
12830|13832|23988|13071|6482|1848|2|336.00|50.40|2008-01-22 09:58:40
12831|13832|23988|11885|6482|1847|4|672.00|100.80|2008-01-21 09:58:43
12888|13876|30138|17933|25|1851|1|198.00|29.70|2008-01-25 11:10:59
13068|14086|5021|799|2781|1831|2|384.00|57.60|2008-01-05 03:43:37
13071|14092|38762|11650|571|1844|3|246.00|36.90|2008-01-18 03:44:12
13156|14213|36551|6184|4378|1834|1|105.00|15.75|2008-01-08 05:30:26
13157|14213|36551|14188|4378|1844|2|210.00|31.50|2008-01-18 05:30:48
13185|14245|21956|14832|6302|1845|1|182.00|27.30|2008-01-19 05:57:51
13186|14245|21956|2682|6302|1831|4|728.00|109.20|2008-01-05 06:00:05
13224|14285|34058|14067|3418|1853|1|228.00|34.20|2008-01-27 06:49:22
13225|14285|34058|11756|3418|1851|2|456.00|68.40|2008-01-25 06:50:28
13522|14653|28035|3906|8260|1851|1|24.00|3.60|2008-01-25 01:56:13
13547|14682|47010|4333|2421|1856|1|56.00|8.40|2008-01-30 02:28:39
13766|14914|10629|8568|2564|1845|1|135.00|20.25|2008-01-19 06:56:54
14098|15239|5977|12053|3044|1841|2|242.00|36.30|2008-01-15 01:47:27
14237|15386|48937|10452|5479|1842|4|676.00|101.40|2008-01-16 04:55:56
14238|15386|48937|6847|5479|1838|1|169.00|25.35|2008-01-12 04:57:12
14813|16026|27294|1438|1538|1830|1|113.00|16.95|2008-01-04 05:55:51
14854|16072|42265|7906|3512|1839|2|396.00|59.40|2008-01-13 06:48:16
15082|16328|44143|2565|1995|1853|2|230.00|34.50|2008-01-27 12:00:06
15118|16352|21071|7708|2874|1843|2|434.00|65.10|2008-01-17 12:39:43
15145|16385|46079|7625|4003|1837|1|239.00|35.85|2008-01-11 01:17:09
15160|16400|9838|11934|777|1851|2|300.00|45.00|2008-01-25 01:37:53
15161|16400|9838|2681|777|1840|1|150.00|22.50|2008-01-14 01:37:58
15348|16615|20565|9105|2171|1849|4|420.00|63.00|2008-01-23 05:40:18
15529|16803|8873|11077|6719|1842|1|148.00|22.20|2008-01-16 09:27:15
15730|17010|12655|2816|2023|1841|2|54.00|8.10|2008-01-15 01:37:30
15762|17039|16706|8478|3502|1842|1|248.00|37.20|2008-01-16 02:12:55
15763|17039|16706|14649|3502|1849|4|992.00|148.80|2008-01-23 02:13:23
15946|17240|1245|8969|4436|1844|4|384.00|57.60|2008-01-18 06:06:41
15947|17240|1245|8604|4436|1844|3|288.00|43.20|2008-01-18 06:06:42
16018|17307|13438|4208|605|1852|3|651.00|97.65|2008-01-26 07:44:20
16019|17307|13438|3279|605|1850|1|217.00|32.55|2008-01-24 07:44:36
16125|17423|5941|4737|5390|1844|2|338.00|50.70|2008-01-18 10:05:14
16138|17441|43955|194|3497|1835|1|196.00|29.40|2008-01-09 10:20:35
16144|17446|48081|9962|3698|1855|2|462.00|69.30|2008-01-29 10:27:30
16221|17529|43577|8239|2668|1836|2|482.00|72.30|2008-01-10 12:07:15
16222|17529|43577|6926|2668|1835|1|241.00|36.15|2008-01-09 12:08:54
16344|17690|32986|532|1243|1838|1|126.00|18.90|2008-01-12 02:43:34
16345|17690|32986|330|1243|1838|4|504.00|75.60|2008-01-12 02:45:06
16437|17787|35989|2682|4706|1835|4|444.00|66.60|2008-01-09 04:26:30
16438|17787|35989|14518|4706|1849|1|111.00|16.65|2008-01-23 04:27:17
16571|17913|34453|11216|4231|1840|2|50.00|7.50|2008-01-14 07:20:50
16623|17962|1781|2369|6211|1843|4|532.00|79.80|2008-01-17 08:16:58
16624|17962|1781|4053|6211|1845|2|266.00|39.90|2008-01-19 08:17:00
16892|18261|20785|1363|4139|1833|4|84.00|12.60|2008-01-07 02:12:17
17428|18909|49431|1140|3494|1842|2|308.00|46.20|2008-01-16 12:59:29
17489|18971|25154|6286|8329|1857|2|354.00|53.10|2008-01-31 01:49:39
17614|19121|33707|13820|750|1849|4|984.00|147.60|2008-01-23 03:53:53
17616|19121|33707|1867|750|1835|1|246.00|36.90|2008-01-09 03:55:14
17820|19331|4398|13185|5355|1848|1|177.00|26.55|2008-01-22 08:16:28
18106|19609|30668|3460|6625|1847|4|644.00|96.60|2008-01-21 01:39:53
18107|19609|30668|10207|6625|1855|2|322.00|48.30|2008-01-29 01:40:26
18202|19717|36708|22590|2202|1857|2|500.00|75.00|2008-01-31 03:15:30
18204|19717|36708|7579|2202|1839|3|750.00|112.50|2008-01-13 03:17:32
18341|19857|42567|7708|5653|1839|2|434.00|65.10|2008-01-13 05:56:19
18342|19859|6311|2799|980|1840|1|241.00|36.15|2008-01-14 05:56:21
18544|20103|43296|13576|6519|1854|2|266.00|39.90|2008-01-28 10:01:54
18778|20354|32958|17775|8490|1852|4|144.00|21.60|2008-01-26 02:17:33
18779|20354|32958|11088|8490|1844|2|72.00|10.80|2008-01-18 02:18:08
19216|20790|8401|12323|389|1857|2|392.00|58.80|2008-01-31 10:41:20
19300|20890|35619|3571|6884|1841|2|82.00|12.30|2008-01-15 12:12:57
19319|20917|16455|12878|5931|1844|3|513.00|76.95|2008-01-18 12:38:16
19321|20917|16455|15067|5931|1847|1|171.00|25.65|2008-01-21 12:39:48
19814|21439|48346|3333|6686|1834|1|180.00|27.00|2008-01-08 10:06:38
19815|21439|48346|19413|6686|1854|2|360.00|54.00|2008-01-28 10:06:51
19888|21522|49440|23945|1068|1855|1|60.00|9.00|2008-01-29 11:41:00
19968|21630|33144|8223|5495|1848|4|604.00|90.60|2008-01-22 01:00:12
20023|21683|12250|17132|2524|1854|2|298.00|44.70|2008-01-28 02:02:45
20024|21683|12250|16857|2524|1854|1|149.00|22.35|2008-01-28 02:03:58
20271|21969|26900|8799|1014|1841|1|192.00|28.80|2008-01-15 06:27:54
20272|21969|26900|11346|1014|1844|2|384.00|57.60|2008-01-18 06:28:38
20284|21981|44609|1476|3713|1852|4|192.00|28.80|2008-01-26 06:45:59
21431|23355|34672|8406|6864|1846|2|156.00|23.40|2008-01-20 04:17:51
21465|23383|1579|119|5190|1848|1|47.00|7.05|2008-01-22 04:59:37
21477|23397|5235|8358|2343|1857|2|212.00|31.80|2008-01-31 05:21:00
21569|23487|19440|4474|5011|1854|2|284.00|42.60|2008-01-28 07:11:03
21606|23522|40486|2843|4839|1840|2|150.00|22.50|2008-01-14 07:45:55
21627|23548|1799|6674|2197|1852|2|116.00|17.40|2008-01-26 07:58:35
21696|23608|33597|2199|2038|1850|2|344.00|51.60|2008-01-24 09:07:46
21697|23608|33597|6665|2038|1855|1|172.00|25.80|2008-01-29 09:07:48
21877|23776|32582|3043|4317|1855|2|314.00|47.10|2008-01-29 12:49:14
22275|24165|35786|13446|2163|1843|4|216.00|32.40|2008-01-17 08:21:02
22276|24165|35786|10874|2163|1840|2|108.00|16.20|2008-01-14 08:21:16
22394|24296|8623|153|8321|1843|1|128.00|19.20|2008-01-17 10:36:54
22855|24857|8472|4773|2477|1857|2|296.00|44.40|2008-01-31 06:36:22
22892|24891|36624|16876|4643|1852|2|322.00|48.30|2008-01-26 07:27:15
22893|24891|36624|7217|4643|1840|4|644.00|96.60|2008-01-14 07:28:25
22975|25003|45012|18106|5309|1852|1|89.00|13.35|2008-01-26 08:51:06
22976|25003|45012|22459|5309|1857|4|356.00|53.40|2008-01-31 08:51:10
22977|25003|45012|6981|5309|1839|2|178.00|26.70|2008-01-13 08:51:35
23008|25057|20602|740|6926|1843|4|168.00|25.20|2008-01-17 09:24:18
23580|25783|30329|1753|3587|1831|1|64.00|9.60|2008-01-05 08:02:09
23883|26123|29592|399|4088|1848|1|22.00|3.30|2008-01-22 01:29:30
23966|26224|7000|2885|6441|1831|2|444.00|66.60|2008-01-05 02:59:59
24208|26519|16461|3676|6826|1838|2|224.00|33.60|2008-01-12 07:20:53
24237|26553|29708|380|4617|1830|2|112.00|16.80|2008-01-04 08:02:01
24421|26748|10481|11541|3139|1840|2|236.00|35.40|2008-01-14 11:44:08
24422|26748|10481|19723|3139|1850|1|118.00|17.70|2008-01-24 11:51:07
24508|26841|4347|11525|920|1844|1|54.00|8.10|2008-01-18 01:33:36
24585|26936|712|4481|5754|1848|1|39.00|5.85|2008-01-22 02:50:59
24834|27217|18430|11962|3283|1852|2|294.00|44.10|2008-01-26 07:24:09
25423|27845|2454|3389|6545|1833|2|466.00|69.90|2008-01-07 06:49:55
25424|27845|2454|1622|6545|1830|3|699.00|104.85|2008-01-04 06:50:45
25911|28344|29793|10893|3557|1841|2|318.00|47.70|2008-01-15 04:30:08
25912|28344|29793|9595|3557|1839|1|159.00|23.85|2008-01-13 04:30:17
26133|28538|38512|7257|6975|1856|1|124.00|18.60|2008-01-30 08:53:19
26149|28560|26136|11541|5243|1843|2|274.00|41.10|2008-01-17 09:11:47
26150|28560|26136|7257|5243|1838|1|137.00|20.55|2008-01-12 09:13:09
26361|28761|26646|4218|3659|1840|1|54.00|8.10|2008-01-14 01:14:25
26512|28924|44899|15081|3380|1853|4|496.00|74.40|2008-01-27 04:27:31
26513|28924|44899|9583|3380|1846|2|248.00|37.20|2008-01-20 04:28:05
26541|28951|20028|5075|3890|1843|3|540.00|81.00|2008-01-17 05:03:31
26542|28951|20028|869|3890|1838|1|180.00|27.00|2008-01-12 05:03:34
26783|29199|47904|2013|4854|1849|4|208.00|31.20|2008-01-23 10:00:45
26979|29416|891|11632|5767|1842|1|183.00|27.45|2008-01-16 01:52:46
26980|29416|891|5095|5767|1835|4|732.00|109.80|2008-01-09 01:52:56
27011|29453|4797|2936|5511|1847|2|222.00|33.30|2008-01-21 02:25:17
27065|29513|7662|6170|2171|1853|2|124.00|18.60|2008-01-27 03:16:21
27242|29710|26530|10223|8701|1846|1|185.00|27.75|2008-01-20 06:45:19
27243|29710|26530|10111|8701|1846|2|370.00|55.50|2008-01-20 06:45:42
27299|29761|30637|190|6647|1848|2|70.00|10.50|2008-01-22 07:37:23
27350|29821|30949|1441|4794|1835|2|304.00|45.60|2008-01-09 08:27:13
27757|30288|11213|4905|6773|1849|4|920.00|138.00|2008-01-23 04:10:06
27828|30374|804|10859|2761|1855|1|200.00|30.00|2008-01-29 05:42:02
28085|30649|10992|1884|977|1856|2|514.00|77.10|2008-01-30 10:44:31
28613|31283|38854|11385|6420|1857|1|220.00|33.00|2008-01-31 08:34:03
28614|31283|38854|757|6420|1844|2|440.00|66.00|2008-01-18 08:35:31
28684|31378|40693|5980|5067|1838|2|116.00|17.40|2008-01-12 09:59:42
28833|31542|14638|1892|208|1840|1|299.00|44.85|2008-01-14 01:00:50
28975|31721|39171|13999|1924|1851|1|350.00|52.50|2008-01-25 03:38:38
29011|31761|20330|1531|1928|1842|1|138.00|20.70|2008-01-16 04:23:10
29323|32113|40347|7731|7057|1848|2|662.00|99.30|2008-01-22 10:24:32
29448|32280|8305|14857|852|1846|2|296.00|44.40|2008-01-20 12:44:59
29449|32280|8305|16932|852|1849|1|148.00|22.20|2008-01-23 12:47:26
29644|32497|34082|2868|4224|1851|4|176.00|26.40|2008-01-25 04:45:15
29827|32731|47810|7878|385|1837|2|336.00|50.40|2008-01-11 08:23:50
30119|33025|14750|5403|7428|1838|1|153.00|22.95|2008-01-12 01:40:23
30252|33196|20766|6243|7981|1846|3|60.00|9.00|2008-01-20 03:56:19
30423|33412|15444|4958|962|1855|1|46.00|6.90|2008-01-29 07:02:00
30579|33595|39497|4030|6864|1844|2|454.00|68.10|2008-01-18 10:00:39
30915|34046|11231|400|2994|1849|1|255.00|38.25|2008-01-23 04:15:57
30990|34121|42316|9600|2782|1847|1|90.00|13.50|2008-01-21 05:39:18
31350|34568|13805|5885|6306|1855|1|314.00|47.10|2008-01-29 01:05:08
31462|34727|37536|4862|3714|1844|2|624.00|93.60|2008-01-18 03:00:28
31527|34796|16866|12274|6052|1854|1|126.00|18.90|2008-01-28 04:13:38
31781|35097|20568|933|4890|1846|2|544.00|81.60|2008-01-20 08:52:41
32320|35751|36807|11910|1670|1843|1|161.00|24.15|2008-01-17 06:40:26
32321|35751|36807|9437|1670|1840|4|644.00|96.60|2008-01-14 06:41:41
32500|35930|43895|4713|4903|1843|1|181.00|27.15|2008-01-17 10:25:09
32677|36099|30058|2820|2618|1853|4|332.00|49.80|2008-01-27 01:31:56
32678|36099|30058|200|2618|1850|1|83.00|12.45|2008-01-24 01:32:22
32832|36275|7008|6349|8459|1857|2|92.00|13.80|2008-01-31 04:40:19
32907|36353|48403|15081|4844|1857|2|436.00|65.40|2008-01-31 05:50:52
32909|36353|48403|7950|4844|1848|3|654.00|98.10|2008-01-22 05:55:30
32910|36353|48403|6984|4844|1847|1|218.00|32.70|2008-01-21 05:56:55
32944|36388|22595|12768|7588|1844|2|66.00|9.90|2008-01-18 06:40:52
33617|37159|8561|6804|8725|1837|1|68.00|10.20|2008-01-11 07:34:25
33892|37484|31256|12077|750|1855|4|532.00|79.80|2008-01-29 12:14:00
33898|37487|14446|7162|5527|1840|3|1047.00|157.05|2008-01-14 12:17:51
33917|37512|12610|7101|2872|1852|2|50.00|7.50|2008-01-26 12:35:43
34008|37609|6560|4396|6360|1834|1|95.00|14.25|2008-01-08 02:12:56
34020|37622|14254|4093|5152|1850|2|560.00|84.00|2008-01-24 02:20:34
34687|38435|21351|4277|509|1839|1|24.00|3.60|2008-01-13 03:15:32
34961|38754|41318|305|6373|1842|4|1064.00|159.60|2008-01-16 08:21:35
35255|39140|4849|4464|6257|1854|3|132.00|19.80|2008-01-28 01:51:44
35427|39328|32057|13890|2091|1844|1|58.00|8.70|2008-01-18 05:08:39
35819|39822|7601|2802|4735|1839|4|620.00|93.00|2008-01-13 01:20:07
35820|39822|7601|14112|4735|1852|1|155.00|23.25|2008-01-26 01:22:53
35946|39984|17693|7789|5016|1846|1|183.00|27.45|2008-01-20 03:39:24
36002|40062|17109|5851|2414|1852|1|238.00|35.70|2008-01-26 04:51:05
36087|40158|40877|1982|5259|1842|4|1220.00|183.00|2008-01-16 06:37:31
36202|40308|4360|2768|5814|1834|4|696.00|104.40|2008-01-08 08:49:03
36291|40398|29457|15256|2388|1848|4|436.00|65.40|2008-01-22 10:39:19
36292|40398|29457|404|2388|1830|2|218.00|32.70|2008-01-04 10:40:37
36293|40398|29457|4745|2388|1835|1|109.00|16.35|2008-01-09 10:41:23
36537|40663|43051|1241|8303|1842|2|354.00|53.10|2008-01-16 03:30:26
36577|40700|41800|7912|7517|1850|2|246.00|36.90|2008-01-24 04:08:34
36911|41100|2247|2976|2662|1849|1|308.00|46.20|2008-01-23 11:26:11
37011|41210|7253|1148|7334|1855|2|646.00|96.90|2008-01-29 01:15:49
37164|41403|24966|7597|3901|1853|3|900.00|135.00|2008-01-27 04:05:28
37165|41403|24966|2375|3901|1846|1|300.00|45.00|2008-01-20 04:09:12
37527|41820|40964|1618|4804|1847|1|138.00|20.70|2008-01-21 10:56:46
38028|42369|9103|6575|2517|1849|2|66.00|9.90|2008-01-23 08:46:45
38145|42528|24961|8154|6788|1838|4|928.00|139.20|2008-01-12 11:09:53
38172|42556|49990|12860|3502|1842|4|784.00|117.60|2008-01-16 11:45:30
38354|42745|37328|12|8021|1856|1|235.00|35.25|2008-01-30 03:39:18
38468|42871|28186|2223|7152|1830|2|390.00|58.50|2008-01-04 05:39:03
38567|43002|13681|426|6716|1831|2|328.00|49.20|2008-01-05 07:28:39
38568|43002|13681|3451|6716|1835|4|656.00|98.40|2008-01-09 07:29:09
38581|43011|33440|16593|5106|1846|4|96.00|14.40|2008-01-20 07:40:25
38583|43011|33440|10240|5106|1839|2|48.00|7.20|2008-01-13 07:43:57
38594|43021|48984|2473|7363|1848|2|352.00|52.80|2008-01-22 07:54:56
38600|43029|7403|1098|2978|1841|1|117.00|17.55|2008-01-15 08:06:32
38842|43309|2458|7156|5379|1839|1|337.00|50.55|2008-01-13 12:53:27
39055|43522|2909|1989|3065|1851|1|186.00|27.90|2008-01-25 05:16:25
39110|43602|23234|6144|5883|1853|2|652.00|97.80|2008-01-27 06:32:28
39205|43730|23729|9910|2826|1845|1|158.00|23.70|2008-01-19 08:35:41
39680|44277|24280|3366|1466|1854|1|70.00|10.50|2008-01-28 05:24:36
39724|44339|19046|2827|6807|1833|1|31.00|4.65|2008-01-07 06:05:03
39725|44339|19046|16746|6807|1850|2|62.00|9.30|2008-01-24 06:08:35
40100|44799|44322|9093|7111|1849|4|188.00|28.20|2008-01-23 01:48:19
40101|44799|44322|7049|7111|1847|1|47.00|7.05|2008-01-21 01:48:35
40136|44827|17455|4245|8273|1848|2|494.00|74.10|2008-01-22 02:34:34
40189|44919|32457|18906|1297|1850|2|340.00|51.00|2008-01-24 03:35:58
40190|44919|32457|6395|1297|1835|1|170.00|25.50|2008-01-09 03:35:58
40205|44935|38333|1338|5793|1842|1|270.00|40.50|2008-01-16 03:51:05
40556|45356|30677|1365|955|1845|1|37.00|5.55|2008-01-19 10:16:43
40569|45372|26841|5584|7423|1845|1|92.00|13.80|2008-01-19 10:32:55
40570|45372|26841|7212|7423|1847|2|184.00|27.60|2008-01-21 10:36:34
40590|45392|31286|15359|2343|1853|1|25.00|3.75|2008-01-27 11:03:52
40670|45490|6956|3458|8446|1837|3|801.00|120.15|2008-01-11 12:19:06
40865|45720|33262|12302|3717|1857|2|386.00|57.90|2008-01-31 03:51:23
41060|45960|7150|10719|811|1856|2|450.00|67.50|2008-01-30 07:09:51
41081|45981|45735|16020|4831|1854|4|552.00|82.80|2008-01-28 07:29:24
41082|45981|45735|8276|4831|1844|2|276.00|41.40|2008-01-18 07:30:29
41107|46028|11510|7708|7258|1846|4|604.00|90.60|2008-01-20 07:55:39
41108|46028|11510|11948|7258|1851|2|302.00|45.30|2008-01-25 07:56:48
41109|46028|11510|10231|7258|1849|1|151.00|22.65|2008-01-23 07:57:29
41343|46317|1959|451|5687|1855|2|418.00|62.70|2008-01-29 12:18:03
41457|46446|1121|4676|1930|1851|1|41.00|6.15|2008-01-25 02:38:48
41842|46897|6331|2363|6544|1844|2|60.00|9.00|2008-01-18 09:53:00
42037|47097|32303|4713|7546|1843|2|82.00|12.30|2008-01-17 01:11:04
42117|47177|16214|9497|8390|1839|2|294.00|44.10|2008-01-13 02:28:50
42375|47504|44212|10459|6764|1848|3|75.00|11.25|2008-01-22 07:29:12
42440|47598|14835|528|838|1836|2|152.00|22.80|2008-01-10 08:59:21
42441|47598|14835|9586|838|1847|1|76.00|11.40|2008-01-21 08:59:26
42477|47633|18075|12302|5259|1850|2|230.00|34.50|2008-01-24 09:36:41
42522|47678|12718|8858|1330|1843|4|1108.00|166.20|2008-01-17 10:29:23
42523|47678|12718|19254|1330|1856|2|554.00|83.10|2008-01-30 10:30:12
42627|47803|28819|11917|7593|1856|2|374.00|56.10|2008-01-30 12:33:21
42628|47803|28819|8451|7593|1852|1|187.00|28.05|2008-01-26 12:33:46
42629|47803|28819|5442|7593|1848|4|748.00|112.20|2008-01-22 12:33:53
42685|47883|29919|10653|1080|1855|2|636.00|95.40|2008-01-29 01:38:56
42966|48226|20375|20962|7537|1852|2|366.00|54.90|2008-01-26 07:08:54
43027|48296|31558|7748|2294|1850|1|322.00|48.30|2008-01-24 08:14:10
43311|48657|12709|5060|5462|1850|3|333.00|49.95|2008-01-24 12:55:40
43537|48958|7000|8778|7785|1838|2|160.00|24.00|2008-01-12 05:35:50
43539|48958|7000|11519|7785|1841|1|80.00|12.00|2008-01-15 05:36:53
43839|49273|11414|1771|3641|1849|2|324.00|48.60|2008-01-23 11:24:46
44046|49528|40032|5574|7230|1855|2|450.00|67.50|2008-01-29 02:52:26
44111|49585|44734|5347|8303|1851|1|339.00|50.85|2008-01-25 03:59:32
44175|49666|11313|5449|4231|1853|3|744.00|111.60|2008-01-27 05:01:36
44325|49839|45708|4372|3158|1834|2|658.00|98.70|2008-01-08 08:18:00
44326|49839|45708|12915|3158|1844|1|329.00|49.35|2008-01-18 08:18:40
44530|50072|27731|4505|7205|1856|1|247.00|37.05|2008-01-30 11:45:33
44558|50106|23776|14914|1338|1857|1|310.00|46.50|2008-01-31 12:20:45
44559|50106|23776|14882|1338|1857|5|1550.00|232.50|2008-01-31 12:21:43
44613|50173|25061|8899|3148|1854|2|308.00|46.20|2008-01-28 01:26:40
44717|50305|49524|5313|6302|1841|1|293.00|43.95|2008-01-15 03:23:32
44732|50325|523|13951|3228|1854|2|252.00|37.80|2008-01-28 03:40:22
44733|50325|523|11002|3228|1851|4|504.00|75.60|2008-01-25 03:42:34
44833|50438|35945|13994|2171|1857|1|341.00|51.15|2008-01-31 05:42:42
44834|50438|35945|11555|2171|1854|2|682.00|102.30|2008-01-28 05:43:13
45508|51210|41218|19805|3061|1850|1|161.00|24.15|2008-01-24 06:45:19
45509|51210|41218|4817|3061|1832|2|322.00|48.30|2008-01-06 06:45:22
45654|51390|45341|7838|6508|1848|2|124.00|18.60|2008-01-22 09:29:44
45687|51421|9765|15362|2751|1847|2|472.00|70.80|2008-01-21 10:06:12
45746|51490|38214|18805|2326|1850|2|700.00|105.00|2008-01-24 11:17:55
45947|51721|6505|680|302|1832|2|594.00|89.10|2008-01-06 03:00:57
45949|51721|6505|13616|302|1848|1|297.00|44.55|2008-01-22 03:01:06
46004|51785|11342|5934|5658|1834|1|67.00|10.05|2008-01-08 04:10:30
46063|51859|48200|311|2834|1836|2|208.00|31.20|2008-01-10 05:21:26
46257|52065|15811|12363|7987|1848|1|87.00|13.05|2008-01-22 09:30:24
46324|52140|32250|4763|463|1833|2|458.00|68.70|2008-01-07 10:49:10
46448|52266|17758|6598|7176|1851|2|466.00|69.90|2008-01-25 01:33:40
46654|52526|44919|15479|5724|1845|1|317.00|47.55|2008-01-19 05:15:44
46762|52662|37033|2741|8503|1838|2|70.00|10.50|2008-01-12 07:42:16
46833|52747|25144|3022|6655|1856|1|249.00|37.35|2008-01-30 09:06:18
48060|54290|24033|10061|4113|1857|1|225.00|33.75|2008-01-31 08:13:16
48173|54433|28152|4927|2533|1839|2|470.00|70.50|2008-01-13 10:23:46
48467|54777|47806|2011|1405|1853|1|345.00|51.75|2008-01-27 04:34:38
48751|55066|7222|24835|5814|1856|4|496.00|74.40|2008-01-30 10:01:40
48766|55081|45040|5164|2090|1842|2|208.00|31.20|2008-01-16 10:13:55
49071|55444|38006|15913|8255|1847|1|339.00|50.85|2008-01-21 04:05:28
49137|55510|30285|91|674|1828|2|108.00|16.20|2008-01-02 05:13:52
49196|55569|17658|7833|958|1850|1|32.00|4.80|2008-01-24 06:20:42
49283|55655|991|10146|2156|1848|1|130.00|19.50|2008-01-22 08:02:05
49296|55663|25289|8523|42|1856|1|237.00|35.55|2008-01-30 08:21:08
49405|55771|11229|3526|2649|1857|2|630.00|94.50|2008-01-31 10:51:36
49412|55780|301|2676|913|1834|1|319.00|47.85|2008-01-08 11:01:46
49511|55871|38348|16117|3919|1849|1|145.00|21.75|2008-01-23 12:56:41
50289|56762|8552|3033|1189|1857|1|92.00|13.80|2008-01-31 03:23:21
50391|56881|15253|8523|3884|1855|1|221.00|33.15|2008-01-29 05:00:16
50514|57012|24067|5604|1458|1846|1|243.00|36.45|2008-01-20 07:20:51
50515|57012|24067|5947|1458|1847|2|486.00|72.90|2008-01-21 07:21:28
50531|57041|20063|2491|4691|1847|3|264.00|39.60|2008-01-21 07:37:31
50532|57041|20063|2119|4691|1847|2|176.00|26.40|2008-01-21 07:38:27
50595|57116|29113|2676|834|1850|1|310.00|46.50|2008-01-24 08:26:33
50604|57131|31465|8305|8292|1845|2|54.00|8.10|2008-01-19 08:32:33
50772|57286|20738|7388|8095|1849|4|128.00|19.20|2008-01-23 12:03:02
50773|57286|20738|10830|8095|1853|1|32.00|4.80|2008-01-27 12:03:06
51005|57518|1319|14680|3874|1848|1|228.00|34.20|2008-01-22 04:19:17
51152|57690|33781|476|6311|1850|1|255.00|38.25|2008-01-24 07:25:16
51262|57811|11831|4734|4437|1841|1|105.00|15.75|2008-01-15 09:27:45
51525|58136|17351|2960|5359|1835|2|144.00|21.60|2008-01-09 02:43:25
51713|58370|32876|8010|1611|1847|1|255.00|38.25|2008-01-21 06:01:49
51789|58449|4510|10830|576|1854|1|330.00|49.50|2008-01-28 07:31:23
52140|58840|34442|6562|8534|1839|1|369.00|55.35|2008-01-13 01:40:05
52176|58877|40514|3532|853|1855|2|96.00|14.40|2008-01-29 02:19:29
52243|58957|48650|5081|7596|1851|2|486.00|72.90|2008-01-25 03:54:04
52679|59464|38534|7175|8449|1837|2|60.00|9.00|2008-01-11 12:17:28
52680|59464|38534|21022|8449|1854|4|120.00|18.00|2008-01-28 12:17:54
52704|59485|40423|20181|6286|1855|3|1107.00|166.05|2008-01-29 12:41:36
52705|59485|40423|11694|6286|1845|1|369.00|55.35|2008-01-19 12:42:57
52706|59485|40423|19609|6286|1854|6|2214.00|332.10|2008-01-28 12:43:40
52814|59595|9031|10211|3590|1853|4|1932.00|289.80|2008-01-27 02:49:55
53126|59936|44754|6816|8518|1857|2|678.00|101.70|2008-01-31 09:00:32
53166|60002|15642|14332|1438|1850|1|482.00|72.30|2008-01-24 09:43:16
53167|60002|15642|10503|1438|1845|3|1446.00|216.90|2008-01-19 09:45:09
53389|60234|30470|11131|6900|1854|4|1444.00|216.60|2008-01-28 01:57:22
53391|60234|30470|8540|6900|1851|2|722.00|108.30|2008-01-25 01:57:39
53392|60234|30470|11689|6900|1855|1|361.00|54.15|2008-01-29 01:57:51
53545|60398|41880|6443|5644|1844|2|444.00|66.60|2008-01-18 05:09:02
54043|60988|26532|3138|4562|1841|2|924.00|138.60|2008-01-15 02:14:05
54172|61119|12638|509|942|1830|3|981.00|147.15|2008-01-04 04:29:36
54173|61119|12638|12928|942|1845|2|654.00|98.10|2008-01-19 04:32:05
54191|61131|32544|6783|3388|1842|1|276.00|41.40|2008-01-16 04:50:00
54360|61307|46040|3272|4973|1830|1|218.00|32.70|2008-01-04 08:11:12
54408|61355|38502|1917|5110|1854|4|592.00|88.80|2008-01-28 09:04:07
54440|61388|17471|2186|400|1844|2|352.00|52.80|2008-01-18 09:37:04
55245|62317|18940|7866|4716|1837|1|490.00|73.50|2008-01-11 02:20:54
55246|62317|18940|3479|4716|1832|2|980.00|147.00|2008-01-06 02:22:43
55247|62317|18940|5385|4716|1834|4|1960.00|294.00|2008-01-08 02:23:37
55314|62410|10874|2142|81|1832|1|419.00|62.85|2008-01-06 03:57:42
55373|62477|19461|6907|2698|1839|1|358.00|53.70|2008-01-13 05:20:00
55544|62664|21728|2553|5068|1833|1|61.00|9.15|2008-01-07 08:59:26
55545|62664|21728|8636|5068|1840|2|122.00|18.30|2008-01-14 09:00:11
55750|62892|34880|4656|1660|1853|2|692.00|103.80|2008-01-27 01:02:53
55752|62892|34880|2794|1660|1851|1|346.00|51.90|2008-01-25 01:03:47
55859|63014|14755|18870|6686|1855|4|1908.00|286.20|2008-01-29 03:16:22
55978|63151|28599|1584|1995|1852|2|472.00|70.80|2008-01-26 05:46:01
56053|63217|42016|9970|1724|1847|2|82.00|12.30|2008-01-21 07:14:59
56054|63217|42016|14645|1724|1853|1|41.00|6.15|2008-01-27 07:16:29
56107|63291|4660|2993|8697|1840|3|960.00|144.00|2008-01-14 08:28:21
56192|63403|14433|6615|5955|1839|1|321.00|48.15|2008-01-13 10:14:00
56193|63403|14433|933|5955|1833|2|642.00|96.30|2008-01-07 10:14:02
56675|64037|80|6826|4088|1835|2|162.00|24.30|2008-01-09 07:29:36
56683|64050|123|2706|3426|1854|2|404.00|60.60|2008-01-28 07:44:09
56684|64050|123|967|3426|1852|1|202.00|30.30|2008-01-26 07:44:15
56686|64051|49045|706|8425|1853|1|97.00|14.55|2008-01-27 07:45:16
56765|64145|42878|4765|6647|1837|4|1576.00|236.40|2008-01-11 09:05:41
56921|64343|37376|15729|2782|1851|4|808.00|121.20|2008-01-25 12:27:48
57439|64963|14509|8768|1612|1849|1|26.00|3.90|2008-01-23 01:17:58
57682|65298|2809|2023|6513|1847|1|45.00|6.75|2008-01-21 01:27:37
57683|65298|2809|5866|6513|1852|2|90.00|13.50|2008-01-26 01:27:41
57834|65469|20794|14668|8345|1848|2|288.00|43.20|2008-01-22 01:32:52
57835|65469|20794|4174|8345|1836|4|576.00|86.40|2008-01-10 01:32:52
57836|65469|20794|6416|8345|1838|1|144.00|21.60|2008-01-12 01:33:01
57956|65594|49080|19520|1113|1857|1|30.00|4.50|2008-01-31 01:37:51
58053|65710|39822|8513|4390|1853|4|436.00|65.40|2008-01-27 01:41:22
58113|65795|2914|4174|4942|1847|4|1204.00|180.60|2008-01-21 01:43:26
58163|65853|42170|4148|5662|1854|2|700.00|105.00|2008-01-28 01:44:59
58310|66009|36936|7930|6655|1856|3|1092.00|163.80|2008-01-30 01:50:33
58508|66252|22187|8989|7398|1839|2|994.00|149.10|2008-01-13 01:58:12
58923|66671|6178|10592|3246|1844|1|436.00|65.40|2008-01-18 02:13:38
58925|66671|6178|20080|3246|1856|4|1744.00|261.60|2008-01-30 02:13:45
59077|66841|14531|3660|1057|1854|1|273.00|40.95|2008-01-28 02:18:46
59362|67200|18785|399|3709|1841|4|948.00|142.20|2008-01-15 02:30:06
59364|67200|18785|8475|3709|1851|1|237.00|35.55|2008-01-25 02:30:07
59382|67232|44395|6301|5065|1840|2|892.00|133.80|2008-01-14 02:31:00
59388|67244|17032|2347|250|1854|4|1576.00|236.40|2008-01-28 02:31:17
59502|67367|7083|2186|2526|1855|2|768.00|115.20|2008-01-29 02:35:11
59534|67407|47054|11994|6820|1849|4|1944.00|291.60|2008-01-23 02:36:34
59535|67407|47054|12193|6820|1849|2|972.00|145.80|2008-01-23 02:36:34
60044|67991|49161|9354|4791|1847|2|872.00|130.80|2008-01-21 02:55:57
60511|68533|4935|7532|5118|1856|1|355.00|53.25|2008-01-30 03:14:38
61028|69131|41687|6454|4599|1836|1|109.00|16.35|2008-01-10 03:34:03
61337|69469|37147|5803|1950|1848|2|632.00|94.80|2008-01-22 03:45:58
61569|69767|42646|3851|4844|1848|1|468.00|70.20|2008-01-22 03:55:24
62061|70361|39411|1794|5812|1847|2|734.00|110.10|2008-01-21 04:14:12
62533|70928|33981|4528|1584|1849|3|690.00|103.50|2008-01-23 04:32:44
62818|71225|31791|15248|5813|1856|2|484.00|72.60|2008-01-30 04:43:22
62856|71270|4766|12593|4732|1850|2|774.00|116.10|2008-01-24 04:44:33
62857|71270|4766|18788|4732|1857|1|387.00|58.05|2008-01-31 04:44:37
62863|71274|42623|3786|1352|1857|1|265.00|39.75|2008-01-31 04:44:46
63199|71641|485|3732|6269|1833|1|207.00|31.05|2008-01-07 04:56:48
63200|71641|485|16281|6269|1848|2|414.00|62.10|2008-01-22 04:56:49
63342|71770|7332|1777|1530|1831|4|1168.00|175.20|2008-01-05 05:01:52
63350|71784|16894|8560|6820|1846|2|172.00|25.80|2008-01-20 05:02:16
63617|72082|18453|18762|4118|1851|1|299.00|44.85|2008-01-25 05:11:35
63678|72160|5672|17896|4730|1853|1|24.00|3.60|2008-01-27 05:13:42
63926|72440|10757|4164|2819|1849|4|1860.00|279.00|2008-01-23 05:23:46
64010|72527|38077|5452|2217|1847|2|242.00|36.30|2008-01-21 05:26:52
64066|72600|44441|1841|5479|1837|2|526.00|78.90|2008-01-11 05:29:04
64085|72630|46090|12645|8582|1844|4|536.00|80.40|2008-01-18 05:29:46
64086|72630|46090|7138|8582|1837|2|268.00|40.20|2008-01-11 05:29:46
64251|72840|14096|9508|3236|1851|1|434.00|65.10|2008-01-25 05:35:52
64256|72846|44087|508|4811|1829|2|92.00|13.80|2008-01-03 05:35:58
64257|72846|44087|18633|4811|1851|4|184.00|27.60|2008-01-25 05:35:59
64299|72893|17535|17445|2699|1852|1|197.00|29.55|2008-01-26 05:37:44
64518|73121|10694|17473|683|1849|1|79.00|11.85|2008-01-23 05:46:07
64575|73193|42714|20556|7786|1856|2|488.00|73.20|2008-01-30 05:48:16
64585|73205|18302|6504|3724|1841|4|460.00|69.00|2008-01-15 05:48:41
64662|73293|29226|6729|7462|1840|1|45.00|6.75|2008-01-14 05:51:36
64663|73293|29226|13882|7462|1848|2|90.00|13.50|2008-01-22 05:51:38
64796|73440|5113|2838|5888|1836|4|1384.00|207.60|2008-01-10 05:56:24
64895|73554|45414|2669|8043|1841|1|280.00|42.00|2008-01-15 06:00:20
64990|73675|29664|12210|8662|1843|4|716.00|107.40|2008-01-17 06:03:56
64992|73675|29664|13593|8662|1845|1|179.00|26.85|2008-01-19 06:04:00
65551|74365|33782|562|2285|1852|1|37.00|5.55|2008-01-26 06:24:25
65638|74451|38021|4577|4981|1840|2|422.00|63.30|2008-01-14 06:28:15
65810|74651|39146|6614|8479|1857|2|502.00|75.30|2008-01-31 06:35:06
66002|74860|2681|18171|6499|1848|2|502.00|75.30|2008-01-22 06:43:01
66309|75225|15121|2769|3937|1843|4|1560.00|234.00|2008-01-17 06:54:33
66344|75267|11781|3654|4089|1850|1|366.00|54.90|2008-01-24 06:55:39
66352|75276|35971|2564|5084|1843|2|246.00|36.90|2008-01-17 06:55:56
66524|75485|14734|8037|4739|1848|4|272.00|40.80|2008-01-22 07:02:30
66525|75485|14734|13119|4739|1854|2|136.00|20.40|2008-01-28 07:02:34
67140|76203|9898|19410|7514|1850|2|312.00|46.80|2008-01-24 07:24:00
67141|76203|9898|11416|7514|1840|1|156.00|23.40|2008-01-14 07:24:02
67350|76476|17345|13089|730|1843|2|776.00|116.40|2008-01-17 07:33:01
67556|76729|48315|13487|5697|1854|1|108.00|16.20|2008-01-28 07:40:41
67997|77214|49490|13351|7024|1848|4|1920.00|288.00|2008-01-22 07:57:59
68324|77643|9800|3963|1612|1839|2|876.00|131.40|2008-01-13 08:09:15
68432|77751|11916|11324|76|1844|2|978.00|146.70|2008-01-18 08:12:48
68484|77824|39809|4641|2314|1843|2|622.00|93.30|2008-01-17 08:14:48
68485|77824|39809|11553|2314|1851|1|311.00|46.65|2008-01-25 08:14:50
68508|77864|34781|10074|3974|1849|1|277.00|41.55|2008-01-23 08:15:36
68773|78199|2568|19593|6868|1853|4|1784.00|267.60|2008-01-27 08:25:37
68774|78199|2568|4398|6868|1835|1|446.00|66.90|2008-01-09 08:25:40
69022|78473|33282|3358|4226|1842|1|190.00|28.50|2008-01-16 08:34:16
69085|78548|10229|7308|1537|1841|2|486.00|72.90|2008-01-15 08:36:21
69086|78548|10229|15149|1537|1851|5|1215.00|182.25|2008-01-25 08:36:21
69087|78548|10229|7709|1537|1842|1|243.00|36.45|2008-01-16 08:36:23
69218|78722|9128|1256|942|1829|1|90.00|13.50|2008-01-03 08:41:19
69365|78911|8953|765|5459|1846|1|430.00|64.50|2008-01-20 08:47:12
69575|79147|3132|24000|2564|1857|2|666.00|99.90|2008-01-31 08:54:56
69576|79147|3132|3216|2564|1832|1|333.00|49.95|2008-01-06 08:54:58
69980|79600|32154|2141|8104|1853|1|141.00|21.15|2008-01-27 09:10:15
70137|79751|34599|933|2156|1845|3|696.00|104.40|2008-01-19 09:15:28
70138|79751|34599|2297|2156|1846|1|232.00|34.80|2008-01-20 09:15:32
70209|79823|41204|7318|509|1843|4|1156.00|173.40|2008-01-17 09:18:32
70389|80036|28536|10332|4643|1843|3|159.00|23.85|2008-01-17 09:25:17
70471|80119|29121|17724|3304|1855|2|178.00|26.70|2008-01-29 09:28:28
70499|80169|6173|3040|4627|1844|2|138.00|20.70|2008-01-18 09:29:33
70547|80226|9386|8511|7580|1854|2|634.00|95.10|2008-01-28 09:30:55
70562|80241|36994|3455|2029|1834|2|406.00|60.90|2008-01-08 09:31:37
70563|80241|36994|11846|2029|1844|1|203.00|30.45|2008-01-18 09:31:37
70964|80709|47660|80|4198|1848|2|564.00|84.60|2008-01-22 09:45:21
71070|80856|14234|3078|5286|1846|1|262.00|39.30|2008-01-20 09:49:43
71096|80887|24243|14906|6045|1849|2|306.00|45.90|2008-01-23 09:50:25
71103|80895|23430|2553|3820|1849|1|371.00|55.65|2008-01-23 09:50:46
71104|80895|23430|8641|3820|1856|2|742.00|111.30|2008-01-30 09:50:49
71368|81224|8360|14569|2091|1852|2|244.00|36.60|2008-01-26 10:00:37
71454|81336|42108|484|7098|1832|2|712.00|106.80|2008-01-06 10:03:54
71771|81737|10839|504|5414|1843|1|53.00|7.95|2008-01-17 10:15:35
71772|81737|10839|5761|5414|1849|2|106.00|15.90|2008-01-23 10:15:35
71844|81852|32445|2767|8069|1841|1|61.00|9.15|2008-01-15 10:18:33
71874|81892|25242|3799|1291|1849|2|786.00|117.90|2008-01-23 10:20:07
72185|82279|34162|3538|8582|1831|2|726.00|108.90|2008-01-05 10:31:47
72186|82279|34162|2704|8582|1830|1|363.00|54.45|2008-01-04 10:31:47
72354|82486|33495|1950|3330|1852|2|218.00|32.70|2008-01-26 10:37:34
72481|82652|34999|14546|4478|1857|4|776.00|116.40|2008-01-31 10:42:35
72482|82652|34999|14734|4478|1857|2|388.00|58.20|2008-01-31 10:42:38
72516|82690|4080|7095|8596|1840|1|489.00|73.35|2008-01-14 10:44:17
72517|82690|4080|13376|8596|1848|4|1956.00|293.40|2008-01-22 10:44:19
73347|83682|10324|14409|4100|1850|2|638.00|95.70|2008-01-24 11:14:55
73385|83717|3350|16375|2819|1854|3|687.00|103.05|2008-01-28 11:16:24
73386|83717|3350|8972|2819|1845|4|916.00|137.40|2008-01-19 11:16:24
73426|83779|3759|933|8477|1851|3|1398.00|209.70|2008-01-25 11:17:56
73427|83781|7457|2769|5990|1834|2|208.00|31.20|2008-01-08 11:18:00
73843|84287|47181|456|3117|1829|1|244.00|36.60|2008-01-03 11:32:55
73869|84307|23214|10677|6627|1854|4|1740.00|261.00|2008-01-28 11:33:34
73910|84348|21729|20179|3283|1856|2|416.00|62.40|2008-01-30 11:35:01
73911|84348|21729|9537|3283|1843|1|208.00|31.20|2008-01-17 11:35:04
74185|84676|45916|10515|2638|1845|4|1800.00|270.00|2008-01-19 11:46:37
74535|85059|13433|2361|2412|1855|1|298.00|44.70|2008-01-29 12:00:43
74536|85059|13433|816|2412|1853|3|894.00|134.10|2008-01-27 12:00:44
74620|85164|36451|12591|7735|1842|2|756.00|113.40|2008-01-16 12:04:06
74621|85164|36451|4325|7735|1832|1|378.00|56.70|2008-01-06 12:04:09
74811|85391|26509|3247|1724|1834|3|804.00|120.60|2008-01-08 12:11:14
74865|85456|33600|8336|5975|1854|2|726.00|108.90|2008-01-28 12:13:42
74875|85475|7005|3245|7912|1857|1|222.00|33.30|2008-01-31 12:13:58
74915|85514|47932|16944|2403|1856|2|94.00|14.10|2008-01-30 12:15:45
75005|85606|8565|2365|5457|1835|2|724.00|108.60|2008-01-09 12:18:48
75223|85878|21526|11542|3734|1854|1|125.00|18.75|2008-01-28 12:26:09
75489|86192|31216|2594|1989|1838|4|1048.00|157.20|2008-01-12 12:35:41
75639|86376|8022|4150|2192|1853|4|1152.00|172.80|2008-01-27 12:41:29
75664|86402|29486|7401|8668|1850|3|663.00|99.45|2008-01-24 12:42:25
75678|86422|17150|5563|4029|1851|2|150.00|22.50|2008-01-25 12:42:55
75763|86509|7718|2256|1606|1847|1|243.00|36.45|2008-01-21 12:46:06
75825|86602|39467|16313|3068|1852|2|782.00|117.30|2008-01-26 12:48:33
75826|86602|39467|5770|3068|1839|4|1564.00|234.60|2008-01-13 12:48:41
76107|86925|40204|5385|1267|1843|1|268.00|40.20|2008-01-17 12:58:37
76108|86925|40204|15514|1267|1855|2|536.00|80.40|2008-01-29 12:58:38
76346|87169|47092|10431|649|1844|1|355.00|53.25|2008-01-18 04:21:50
76347|87169|47092|12827|649|1847|3|1065.00|159.75|2008-01-21 04:26:09
76348|87169|47092|4153|649|1836|2|710.00|106.50|2008-01-10 04:26:31
76509|87375|12025|1416|8762|1837|4|1724.00|258.60|2008-01-11 07:10:32
76949|87929|32360|10070|6910|1842|2|582.00|87.30|2008-01-16 03:17:39
76950|87930|32354|7761|5787|1845|1|35.00|5.25|2008-01-19 03:19:28
77182|88168|30553|14967|79|1845|1|353.00|52.95|2008-01-19 08:19:29
77342|88326|13451|13741|5883|1848|2|572.00|85.80|2008-01-22 11:36:03
77343|88326|13451|15541|5883|1850|3|858.00|128.70|2008-01-24 11:36:39
77344|88326|13451|5990|5883|1839|1|286.00|42.90|2008-01-13 11:36:52
77345|88326|13451|17596|5883|1853|4|1144.00|171.60|2008-01-27 11:37:48
77355|88334|42169|12179|3781|1852|1|453.00|67.95|2008-01-26 11:46:41
77391|88368|20531|1930|4894|1849|2|554.00|83.10|2008-01-23 12:23:38
77392|88368|20531|3011|4894|1850|3|831.00|124.65|2008-01-24 12:24:08
77616|88637|24363|18328|2157|1851|1|43.00|6.45|2008-01-25 04:12:00
77765|88808|12198|6282|1026|1845|2|240.00|36.00|2008-01-19 06:49:19
77767|88808|12198|12395|1026|1852|3|360.00|54.00|2008-01-26 06:51:08
78563|89694|16342|8113|2060|1855|2|396.00|59.40|2008-01-29 10:00:31
78564|89694|16342|7508|2060|1855|1|198.00|29.70|2008-01-29 10:01:08
78764|89925|3475|3492|7111|1847|1|102.00|15.30|2008-01-21 01:38:41
79137|90350|22310|2027|8553|1849|4|1844.00|276.60|2008-01-23 09:08:05
79138|90350|22310|7884|8553|1856|2|922.00|138.30|2008-01-30 09:08:30
79173|90387|16942|2278|8069|1835|1|265.00|39.75|2008-01-09 09:46:15
79174|90387|16942|14683|8069|1850|2|530.00|79.50|2008-01-24 09:46:41
79238|90464|10725|21587|7096|1854|3|825.00|123.75|2008-01-28 10:59:56
79744|91072|45475|11389|6332|1848|1|341.00|51.15|2008-01-22 07:56:57
79745|91072|45475|1511|6332|1836|2|682.00|102.30|2008-01-10 07:57:23
79814|91169|11454|12343|8250|1856|1|492.00|73.80|2008-01-30 09:23:45
79929|91273|5190|7037|1085|1850|1|263.00|39.45|2008-01-24 11:46:05
79942|91290|39572|17271|2693|1851|1|189.00|28.35|2008-01-25 12:01:30
80022|91390|43590|3159|8656|1853|1|414.00|62.10|2008-01-27 01:29:22
80108|91471|14147|2925|2606|1830|2|84.00|12.60|2008-01-04 03:18:05
80122|91488|39957|1792|2628|1844|2|662.00|99.30|2008-01-18 03:36:49
80173|91553|20757|11045|2950|1841|2|494.00|74.10|2008-01-15 04:41:02
80174|91553|20757|9384|2950|1839|4|988.00|148.20|2008-01-13 04:41:03
80264|91658|36390|11463|4354|1842|2|828.00|124.20|2008-01-16 06:14:51
80265|91658|36390|21366|4354|1854|4|1656.00|248.40|2008-01-28 06:15:06
80458|91866|7611|4251|2244|1834|1|373.00|55.95|2008-01-08 10:20:47
80635|92044|4658|11247|7|1851|2|952.00|142.80|2008-01-25 01:29:19
80824|92232|26646|2192|2274|1830|1|344.00|51.60|2008-01-04 05:33:40
80827|92234|49468|991|3928|1851|3|1338.00|200.70|2008-01-25 05:42:36
80828|92234|49468|5168|3928|1856|1|446.00|66.90|2008-01-30 05:45:03
81031|92444|8514|6753|2323|1836|4|668.00|100.20|2008-01-10 09:49:22
81033|92444|8514|11579|2323|1841|2|334.00|50.10|2008-01-15 09:51:17
81388|92811|16780|8991|970|1841|1|165.00|24.75|2008-01-15 05:14:50
81389|92811|16780|17645|970|1852|2|330.00|49.50|2008-01-26 05:15:43
81451|92886|2669|21479|6627|1856|1|67.00|10.05|2008-01-30 06:30:30
81452|92886|2669|20305|6627|1855|2|134.00|20.10|2008-01-29 06:31:05
81453|92886|2669|1958|6627|1833|4|268.00|40.20|2008-01-07 06:31:14
81463|92894|21069|4973|4804|1851|4|168.00|25.20|2008-01-25 06:43:46
81626|93086|28512|12299|3286|1841|2|94.00|14.10|2008-01-15 09:55:48
81763|93223|43381|15422|5979|1850|2|806.00|120.90|2008-01-24 12:40:36
81764|93223|43381|12024|5979|1846|4|1612.00|241.80|2008-01-20 12:41:30
81774|93233|16056|10310|3383|1839|1|310.00|46.50|2008-01-13 12:56:08
82099|93603|44573|5302|6721|1840|2|920.00|138.00|2008-01-14 07:11:41
82142|93662|24939|2784|2819|1851|1|189.00|28.35|2008-01-25 07:58:14
82322|93881|6896|1417|3293|1831|1|186.00|27.90|2008-01-05 11:23:21
82323|93881|6896|8165|3293|1839|2|372.00|55.80|2008-01-13 11:23:22
82477|94092|13705|2357|2875|1831|1|279.00|41.85|2008-01-05 02:08:45
82478|94092|13705|10261|2875|1841|2|558.00|83.70|2008-01-15 02:09:55
82928|94538|43756|355|202|1830|2|114.00|17.10|2008-01-04 10:51:05
83171|94792|19126|4821|2596|1832|1|466.00|69.90|2008-01-06 03:22:30
83283|94929|44728|13231|3064|1852|1|156.00|23.40|2008-01-26 05:36:25
83284|94929|44728|11569|3064|1850|2|312.00|46.80|2008-01-24 05:37:49
83671|95414|29996|9713|8501|1855|1|474.00|71.10|2008-01-29 01:25:42
83745|95502|44472|11688|834|1843|3|939.00|140.85|2008-01-17 02:46:32
84005|95830|40922|3407|8221|1839|2|726.00|108.90|2008-01-13 08:08:59
84006|95830|40922|17490|8221|1855|3|1089.00|163.35|2008-01-29 08:09:09
84078|95913|40021|9889|8278|1843|1|483.00|72.45|2008-01-17 09:46:25
84079|95913|40021|10286|8278|1844|2|966.00|144.90|2008-01-18 09:47:42
84134|95981|15613|7712|7096|1844|2|972.00|145.80|2008-01-18 11:01:00
84135|95981|15613|5947|7096|1842|4|1944.00|291.60|2008-01-16 11:04:06
84580|96514|22050|406|4077|1848|1|381.00|57.15|2008-01-22 08:07:37
84611|96549|48697|3583|8106|1839|4|1940.00|291.00|2008-01-13 08:39:59
84780|96757|28114|1519|115|1844|1|420.00|63.00|2008-01-18 12:15:14
84781|96757|28114|8570|115|1853|2|840.00|126.00|2008-01-27 12:16:46
84783|96763|11593|12472|3016|1844|1|204.00|30.60|2008-01-18 12:17:43
84873|96861|45073|7222|8509|1835|1|177.00|26.55|2008-01-09 01:57:32
84875|96861|45073|11849|8509|1841|2|354.00|53.10|2008-01-15 01:59:27
84894|96886|15742|20464|8084|1856|2|446.00|66.90|2008-01-30 02:24:24
85034|97073|28188|5945|3509|1835|4|1244.00|186.60|2008-01-09 05:26:10
85099|97152|1185|4667|1632|1835|1|45.00|6.75|2008-01-09 06:37:28
85100|97152|1185|8721|1632|1840|3|135.00|20.25|2008-01-14 06:39:30
85101|97152|1185|4838|1632|1835|5|225.00|33.75|2008-01-09 06:40:19
85224|97281|45293|20973|363|1857|2|358.00|53.70|2008-01-31 08:59:20
85225|97281|45293|9379|363|1843|1|179.00|26.85|2008-01-17 08:59:25
85378|97456|48619|5377|6721|1840|1|35.00|5.25|2008-01-14 12:12:50
85414|97502|42285|19220|5152|1852|4|1984.00|297.60|2008-01-26 12:49:26
85512|97628|32675|14113|1269|1845|2|308.00|46.20|2008-01-19 02:29:20
85663|97789|20764|23452|5554|1855|2|106.00|15.90|2008-01-29 05:10:52
85665|97789|20764|19444|5554|1850|1|53.00|7.95|2008-01-24 05:11:47
85723|97852|21629|3869|4980|1847|1|271.00|40.65|2008-01-21 06:38:09
85724|97852|21629|5485|4980|1849|2|542.00|81.30|2008-01-23 06:39:10
85890|98057|42099|7703|8494|1855|2|540.00|81.00|2008-01-29 10:05:28
85974|98164|21030|3104|2959|1838|1|309.00|46.35|2008-01-12 12:04:45
86059|98258|17921|22314|2171|1856|1|367.00|55.05|2008-01-30 01:53:19
86676|98956|34749|12287|6295|1847|3|1140.00|171.00|2008-01-21 01:40:01
86677|98956|34749|5485|6295|1839|2|760.00|114.00|2008-01-13 01:41:45
86708|98986|22194|721|6119|1846|4|1808.00|271.20|2008-01-20 02:24:47
86960|99280|8185|554|4503|1854|2|162.00|24.30|2008-01-28 07:07:26
87404|99812|33405|11730|7759|1851|1|87.00|13.05|2008-01-25 03:06:41
87426|99832|28816|861|1705|1852|1|252.00|37.80|2008-01-26 03:52:47
87805|100286|21764|3167|4113|1848|2|514.00|77.10|2008-01-22 10:47:40
87806|100286|21764|9519|4113|1856|1|257.00|38.55|2008-01-30 10:47:55
87947|100436|3532|14936|2403|1844|2|396.00|59.40|2008-01-18 01:30:04
88130|100646|6345|1296|3255|1851|1|262.00|39.30|2008-01-25 05:14:39
88362|100916|31530|17737|730|1857|1|414.00|62.10|2008-01-31 09:19:25
88604|101234|3866|3954|1221|1833|4|944.00|141.60|2008-01-07 01:33:35
88605|101234|3866|3040|1221|1832|3|708.00|106.20|2008-01-06 01:34:19
88606|101234|3866|22611|1221|1856|2|472.00|70.80|2008-01-30 01:37:06
88905|101554|43761|15323|2109|1848|4|1072.00|160.80|2008-01-22 07:07:58
88906|101554|43761|22349|2109|1856|2|536.00|80.40|2008-01-30 07:07:58
89044|101720|49378|7297|4744|1843|4|440.00|66.00|2008-01-17 10:01:34
89045|101720|49378|18102|4744|1856|2|220.00|33.00|2008-01-30 10:04:23
89126|101798|20742|3583|3960|1834|4|432.00|64.80|2008-01-08 11:42:34
89127|101798|20742|8971|3960|1840|3|324.00|48.60|2008-01-14 11:42:43
89148|101817|19861|2342|1026|1854|2|360.00|54.00|2008-01-28 12:09:03
89286|101947|41285|10783|8614|1855|1|426.00|63.90|2008-01-29 02:32:30
89287|101947|41285|3986|8614|1847|2|852.00|127.80|2008-01-21 02:32:48
89328|101989|29863|6162|6904|1845|2|660.00|99.00|2008-01-19 03:24:54
89329|101989|29863|6056|6904|1845|1|330.00|49.50|2008-01-19 03:25:04
89366|102044|48418|3418|5331|1853|3|1137.00|170.55|2008-01-27 03:58:59
89439|102139|34854|2919|250|1851|2|888.00|133.20|2008-01-25 05:39:47
89577|102299|39384|21549|8328|1857|1|286.00|42.90|2008-01-31 07:55:27
89705|102443|26759|4233|8043|1857|4|212.00|31.80|2008-01-31 10:27:57
89708|102448|699|6519|5574|1856|1|305.00|45.75|2008-01-30 10:29:10
89781|102522|15427|11124|4989|1854|2|52.00|7.80|2008-01-28 11:47:18
89910|102659|23390|3414|5472|1847|2|314.00|47.10|2008-01-21 02:00:03
89911|102659|23390|9606|5472|1854|1|157.00|23.55|2008-01-28 02:00:25
90220|102993|6187|1719|3717|1852|2|348.00|52.20|2008-01-26 08:06:38
90550|103377|47057|8176|1338|1843|4|700.00|105.00|2008-01-17 03:12:30
90552|103378|43427|4067|2638|1840|1|247.00|37.05|2008-01-14 03:14:38
90553|103378|43427|13960|2638|1852|2|494.00|74.10|2008-01-26 03:15:31
90738|103598|25627|5620|6163|1833|1|309.00|46.35|2008-01-07 06:54:42
90739|103598|25627|7821|6163|1836|2|618.00|92.70|2008-01-10 06:54:58
91637|104562|25829|1538|2342|1843|1|291.00|43.65|2008-01-17 11:45:47
92133|105145|31334|9289|3294|1840|1|140.00|21.00|2008-01-14 08:46:16
92229|105259|17606|2438|8009|1834|4|1240.00|186.00|2008-01-08 10:29:10
92339|105392|36478|8258|6808|1846|1|468.00|70.20|2008-01-20 12:57:55
92496|105591|6807|17409|3724|1851|1|481.00|72.15|2008-01-25 03:59:00
92717|105835|45721|8066|3094|1836|4|1724.00|258.60|2008-01-10 08:05:31
92718|105835|45721|3068|3094|1830|1|431.00|64.65|2008-01-04 08:08:16
92989|106128|46688|1366|5254|1835|4|1396.00|209.40|2008-01-09 01:29:16
92990|106128|46688|12683|5254|1849|2|698.00|104.70|2008-01-23 01:31:05
93140|106314|2009|9561|91|1854|2|54.00|8.10|2008-01-28 04:12:45
93215|106411|22604|9671|6003|1855|3|1206.00|180.90|2008-01-29 05:36:39
93373|106642|45596|7341|7493|1857|4|1544.00|231.60|2008-01-31 08:50:48
93384|106658|37832|4223|4194|1853|4|832.00|124.80|2008-01-27 09:02:13
93654|106954|2423|5120|7479|1848|4|1484.00|222.60|2008-01-22 02:19:15
93770|107104|33531|21579|8139|1857|1|354.00|53.10|2008-01-31 04:35:33
94025|107391|27523|14611|5598|1845|2|136.00|20.40|2008-01-19 09:36:03
94026|107391|27523|1236|5598|1829|1|68.00|10.20|2008-01-03 09:37:11
94729|108142|3059|4991|2071|1833|1|443.00|66.45|2008-01-07 10:43:15
94730|108142|3059|14903|2071|1845|2|886.00|132.90|2008-01-19 10:43:59
94891|108330|34135|15938|4221|1852|3|468.00|70.20|2008-01-26 02:16:18
94910|108350|38514|338|8455|1853|1|472.00|70.80|2008-01-27 02:34:45
95067|108520|49232|298|2662|1855|4|1132.00|169.80|2008-01-29 05:38:34
95690|109252|37152|17831|8298|1851|1|402.00|60.30|2008-01-25 06:02:26
95854|109427|13727|5687|2621|1847|4|1096.00|164.40|2008-01-21 09:39:22
95867|109448|38427|1718|452|1848|2|382.00|57.30|2008-01-22 10:03:31
95868|109448|38427|4178|452|1851|3|573.00|85.95|2008-01-25 10:04:24
95937|109515|17955|4817|5913|1851|2|978.00|146.70|2008-01-25 11:23:59
95995|109580|5410|6512|1130|1835|1|500.00|75.00|2008-01-09 12:36:27
96082|109707|14355|8456|3189|1853|1|118.00|17.70|2008-01-27 02:25:21
96332|109985|12682|448|4342|1834|2|68.00|10.20|2008-01-08 08:28:31
96367|110015|43916|1544|2029|1846|2|588.00|88.20|2008-01-20 09:11:58
96413|110064|37049|2060|1292|1851|2|424.00|63.60|2008-01-25 09:53:28
96602|110262|25035|11783|6386|1851|2|652.00|97.80|2008-01-25 01:52:58
96660|110321|28271|3536|7493|1853|1|190.00|28.50|2008-01-27 03:19:47
96948|110661|5684|12202|1080|1853|1|396.00|59.40|2008-01-27 09:24:53
97107|110833|14403|4161|2850|1854|2|338.00|50.70|2008-01-28 12:47:28
97193|110936|14145|5312|3136|1835|2|322.00|48.30|2008-01-09 02:25:04
97526|111375|7247|24446|7266|1857|3|675.00|101.25|2008-01-31 09:36:40
97527|111375|7247|23412|7266|1856|1|225.00|33.75|2008-01-30 09:40:15
97612|111472|18762|9576|4378|1847|2|978.00|146.70|2008-01-21 11:20:52
97626|111488|5060|9612|6159|1852|1|113.00|16.95|2008-01-26 11:37:56
97627|111488|5060|4486|6159|1846|2|226.00|33.90|2008-01-20 11:38:15
97649|111506|19503|14531|8328|1853|1|62.00|9.30|2008-01-27 12:07:15
97650|111506|19503|2079|8328|1838|2|124.00|18.60|2008-01-12 12:08:42
97942|111885|32433|20|4595|1845|2|822.00|123.30|2008-01-19 06:13:55
98054|111985|9939|23200|2512|1854|1|281.00|42.15|2008-01-28 08:51:35
98055|111985|9939|2803|2512|1830|2|562.00|84.30|2008-01-04 08:52:05
98224|112220|20189|7550|1106|1853|4|1252.00|187.80|2008-01-27 12:09:41
98225|112220|20189|11355|1106|1857|1|313.00|46.95|2008-01-31 12:11:32
98427|112461|12449|2013|7638|1845|1|274.00|41.10|2008-01-19 03:59:09
98431|112471|33657|894|2618|1828|1|269.00|40.35|2008-01-02 04:04:32
98444|112482|31619|8197|3380|1842|3|321.00|48.15|2008-01-16 04:14:11
98639|112720|12180|76|3765|1856|4|420.00|63.00|2008-01-30 08:34:19
98948|113096|31659|7130|3767|1842|4|424.00|63.60|2008-01-16 03:08:42
99081|113247|11286|22919|7205|1856|1|286.00|42.90|2008-01-30 05:59:23
99088|113254|42430|6244|6405|1839|1|147.00|22.05|2008-01-13 06:11:46
99232|113431|17131|7229|25|1846|1|316.00|47.40|2008-01-20 09:28:05
99339|113563|44439|4019|8268|1851|3|1272.00|190.80|2008-01-25 11:51:58
99567|113807|36585|545|5497|1855|2|938.00|140.70|2008-01-29 05:00:31
99664|113921|30957|2887|5876|1841|2|380.00|57.00|2008-01-15 06:59:46
99686|113951|49906|6716|3712|1845|2|672.00|100.80|2008-01-19 07:15:28
99714|113980|34621|17485|5913|1856|2|888.00|133.20|2008-01-30 08:01:09
99716|113980|34621|9479|5913|1847|4|1776.00|266.40|2008-01-21 08:04:32
99806|114070|19993|6854|4221|1849|2|86.00|12.90|2008-01-23 10:17:33
99967|114266|46516|15362|604|1850|5|595.00|89.25|2008-01-24 02:08:47
100207|114569|34490|3540|3189|1849|4|1048.00|157.20|2008-01-23 08:09:14
100237|114604|37281|7082|7928|1842|1|126.00|18.90|2008-01-16 08:43:52
100499|114902|41878|4807|1768|1841|3|822.00|123.30|2008-01-15 02:35:31
100524|114932|10840|2657|1090|1842|2|416.00|62.40|2008-01-16 03:05:29
100525|114932|10840|12920|1090|1854|4|832.00|124.80|2008-01-28 03:06:15
100530|114941|31809|1774|5573|1837|1|339.00|50.85|2008-01-11 03:11:24
100531|114941|31809|888|5573|1836|2|678.00|101.70|2008-01-10 03:12:02
100580|115000|20188|11906|5362|1854|4|540.00|81.00|2008-01-28 04:16:49
100692|115141|31662|22282|3541|1855|1|202.00|30.30|2008-01-29 07:11:39
101260|115785|8923|4005|8791|1838|1|401.00|60.15|2008-01-12 09:14:56
101327|115861|27778|55|6583|1856|4|1908.00|286.20|2008-01-30 10:44:51
101525|116100|10555|3813|3474|1855|1|237.00|35.55|2008-01-29 03:21:27
101535|116115|33597|5028|8718|1855|2|762.00|114.30|2008-01-29 03:46:06
101866|116491|38991|1209|604|1837|1|266.00|39.90|2008-01-11 12:10:55
101930|116581|30132|6785|8349|1857|2|644.00|96.60|2008-01-31 01:47:08
101948|116604|1896|178|8583|1847|2|48.00|7.20|2008-01-21 02:08:45
101964|116617|8121|10618|2693|1851|2|74.00|11.10|2008-01-25 02:37:07
103179|118005|32941|13649|287|1846|1|467.00|70.05|2008-01-20 09:30:32
103617|118514|9691|351|3133|1856|2|910.00|136.50|2008-01-30 08:59:39
103883|118836|16848|1440|7786|1855|1|469.00|70.35|2008-01-29 03:46:03
103936|118890|2613|2738|5542|1848|2|856.00|128.40|2008-01-22 05:37:16
103937|118890|2613|1154|5542|1846|4|1712.00|256.80|2008-01-20 05:38:02
103938|118890|2613|9343|5542|1856|1|428.00|64.20|2008-01-30 05:42:02
104263|119280|18729|1393|4349|1847|4|504.00|75.60|2008-01-21 02:13:20
104356|119401|22320|907|4562|1837|1|198.00|29.70|2008-01-11 05:27:08
104357|119401|22320|15457|4562|1854|2|396.00|59.40|2008-01-28 05:29:43
104510|119554|43428|9174|8182|1842|2|364.00|54.60|2008-01-16 10:13:04
104598|119679|24428|2577|3189|1844|1|486.00|72.90|2008-01-18 12:43:59
104600|119679|24428|872|3189|1842|4|1944.00|291.60|2008-01-16 12:44:41
104658|119759|21691|19876|985|1850|1|248.00|37.20|2008-01-24 02:04:27
104726|119842|5590|8241|783|1856|2|498.00|74.70|2008-01-30 04:12:11
104900|120043|45779|15690|461|1856|2|454.00|68.10|2008-01-30 08:56:49
104901|120043|45779|4294|461|1843|1|227.00|34.05|2008-01-17 08:56:49
105493|120735|29610|9272|3862|1838|2|744.00|111.60|2008-01-12 01:51:42
105494|120735|29610|23914|3862|1855|4|1488.00|223.20|2008-01-29 01:52:34
105495|120735|29610|14256|3862|1844|1|372.00|55.80|2008-01-18 01:52:35
105665|120937|24289|14253|8785|1856|2|580.00|87.00|2008-01-30 06:27:22
105945|121246|16878|8518|4844|1845|1|92.00|13.80|2008-01-19 03:10:15
106012|121329|21655|402|2097|1843|4|112.00|16.80|2008-01-17 05:13:01
106015|121329|21655|6342|2097|1850|3|84.00|12.60|2008-01-24 05:28:26
106349|121716|44939|16260|2037|1849|4|1464.00|219.60|2008-01-23 03:30:20
106724|122149|31855|9639|7987|1851|2|746.00|111.90|2008-01-25 03:21:21
106820|122247|41258|5785|4198|1841|2|172.00|25.80|2008-01-15 06:10:55
106906|122342|30769|3335|443|1854|1|36.00|5.40|2008-01-28 08:31:23
106907|122342|30769|6188|443|1857|4|144.00|21.60|2008-01-31 08:36:44
107281|122787|5850|4682|6972|1844|2|878.00|131.70|2008-01-18 09:42:24
107362|122873|945|5769|4124|1836|2|450.00|67.50|2008-01-10 12:40:05
107363|122873|945|9412|4124|1841|1|225.00|33.75|2008-01-15 12:46:00
107650|123203|4587|10058|7923|1844|1|279.00|41.85|2008-01-18 11:27:03
107772|123354|17526|16769|6544|1852|2|860.00|129.00|2008-01-26 03:22:14
107805|123381|42772|16749|234|1856|4|1324.00|198.60|2008-01-30 04:53:10
107933|123530|15425|12056|761|1847|2|128.00|19.20|2008-01-21 09:40:50
107934|123530|15425|8518|761|1843|1|64.00|9.60|2008-01-17 09:46:14
107997|123583|31774|16809|5043|1856|3|186.00|27.90|2008-01-30 11:58:49
108160|123763|48498|16093|1454|1850|1|353.00|52.95|2008-01-24 07:02:01
108161|123763|48498|16645|1454|1850|2|706.00|105.90|2008-01-24 07:02:24
108366|124037|19586|1726|801|1829|4|1616.00|242.40|2008-01-03 03:01:05
108580|124286|30524|8387|3380|1840|2|714.00|107.10|2008-01-14 09:40:39
108641|124370|6159|15849|2156|1847|2|264.00|39.60|2008-01-21 11:27:15
108642|124370|6159|15289|2156|1846|1|132.00|19.80|2008-01-20 11:30:03
108982|124770|33398|7015|6900|1843|1|278.00|41.70|2008-01-17 12:21:13
109125|124947|36930|557|1987|1846|1|110.00|16.50|2008-01-20 06:35:25
109249|125105|42136|3510|3408|1854|1|315.00|47.25|2008-01-28 11:58:23
109567|125469|18033|125|795|1856|1|161.00|24.15|2008-01-30 02:36:44
109613|125536|34215|4109|7638|1852|1|345.00|51.75|2008-01-26 04:27:12
109770|125692|47805|10996|4763|1850|1|297.00|44.55|2008-01-24 11:14:45
109877|125800|31119|4603|5214|1833|2|896.00|134.40|2008-01-07 04:19:03
109973|125936|5912|11503|1771|1855|2|40.00|6.00|2008-01-29 08:25:47
110070|126061|30292|15541|8553|1850|1|348.00|52.20|2008-01-24 01:25:44
110195|126200|11697|1025|5312|1835|1|479.00|71.85|2008-01-09 07:11:03
110324|126339|49243|2181|7839|1842|1|486.00|72.90|2008-01-16 12:55:30
110327|126347|6955|10157|6213|1839|2|694.00|104.10|2008-01-13 12:59:21
110328|126347|6955|394|6213|1827|1|347.00|52.05|2008-01-01 01:00:19
110377|126409|20056|19595|3620|1854|2|470.00|70.50|2008-01-28 03:25:47
110378|126409|20056|10926|3620|1844|3|705.00|105.75|2008-01-18 03:26:13
110894|127024|21268|6182|7111|1840|4|316.00|47.40|2008-01-14 06:07:34
111034|127179|35363|5490|3313|1850|2|762.00|114.30|2008-01-24 02:04:45
111078|127225|31627|14184|759|1855|1|389.00|58.35|2008-01-29 04:58:49
111080|127229|30995|186|3195|1847|4|1160.00|174.00|2008-01-21 05:04:32
111081|127229|30995|5845|3195|1854|2|580.00|87.00|2008-01-28 05:05:17
111095|127245|18464|12503|2343|1848|2|970.00|145.50|2008-01-22 05:55:41
111107|127263|10314|9554|5097|1845|2|586.00|87.90|2008-01-19 06:39:52
111641|127862|4052|10728|3793|1840|2|730.00|109.50|2008-01-14 06:22:48
111720|127957|20150|2851|1612|1851|2|652.00|97.80|2008-01-25 11:32:30
112005|128291|3736|895|5379|1830|1|415.00|62.25|2008-01-04 07:34:33
112353|128724|33117|846|7965|1839|4|1592.00|238.80|2008-01-13 12:22:59
112546|128956|4722|5675|4305|1847|4|1416.00|212.40|2008-01-21 05:53:57
112547|128956|4722|11480|4305|1854|1|354.00|53.10|2008-01-28 05:56:56
112713|129135|25719|4853|7965|1841|1|476.00|71.40|2008-01-15 06:21:21
112714|129135|25719|8366|7965|1846|2|952.00|142.80|2008-01-20 06:48:40
112715|129136|11146|14679|5453|1857|2|192.00|28.80|2008-01-31 06:57:39
112769|129204|15507|8061|1348|1838|2|836.00|125.40|2008-01-12 01:37:40
112770|129204|15507|2907|1348|1832|1|418.00|62.70|2008-01-06 01:43:25
113017|129484|26079|7428|8582|1848|4|1100.00|165.00|2008-01-22 06:02:11
113018|129484|26079|13884|8582|1856|3|825.00|123.75|2008-01-30 06:11:21
113045|129520|671|3240|5302|1831|2|982.00|147.30|2008-01-05 10:18:15
113104|129577|42504|3213|7062|1852|3|438.00|65.70|2008-01-26 12:11:26
113134|129612|11227|10665|5955|1839|1|202.00|30.30|2008-01-13 04:50:56
113223|129705|18028|12513|4211|1851|2|456.00|68.40|2008-01-25 02:28:49
113316|129819|46265|315|3919|1852|1|91.00|13.65|2008-01-26 04:46:21
113709|130230|17331|698|1101|1856|3|780.00|117.00|2008-01-30 11:54:37
113808|130354|48796|527|3535|1845|4|1056.00|158.40|2008-01-19 11:12:25
113900|130482|3561|2102|4089|1842|2|842.00|126.30|2008-01-16 08:09:57
114135|130734|13005|11058|2180|1845|1|245.00|36.75|2008-01-19 06:24:00
114262|130880|32868|2060|1470|1829|2|628.00|94.20|2008-01-03 05:45:11
114263|130880|32868|17197|1470|1847|1|314.00|47.10|2008-01-21 05:49:32
114566|131206|49057|8366|2901|1842|2|116.00|17.40|2008-01-16 03:26:08
114648|131300|1709|7871|4854|1849|1|422.00|63.30|2008-01-23 09:52:41
114712|131378|15229|5843|2169|1842|2|582.00|87.30|2008-01-16 03:09:41
115347|132072|40167|374|6904|1849|1|183.00|27.45|2008-01-23 04:57:59
115348|132072|40167|1302|6904|1850|4|732.00|109.80|2008-01-24 04:58:21
115561|132314|46727|7981|799|1846|1|145.00|21.75|2008-01-20 03:41:30
116034|132865|8259|6596|5590|1835|1|418.00|62.70|2008-01-09 03:10:29
116301|133205|25040|16109|1611|1857|4|1848.00|277.20|2008-01-31 04:20:25
116398|133305|22923|6596|2640|1845|2|762.00|114.30|2008-01-19 07:58:29
116892|133839|37825|4828|5787|1837|1|83.00|12.45|2008-01-11 04:30:27
117194|134202|7980|6918|8340|1845|4|104.00|15.60|2008-01-19 04:02:38
117206|134213|8395|6609|5913|1840|2|770.00|115.50|2008-01-14 04:28:07
117207|134218|40379|2729|6032|1849|3|987.00|148.05|2008-01-23 04:29:11
117208|134218|40379|8700|6032|1856|1|329.00|49.35|2008-01-30 04:29:18
117245|134249|14891|10536|6108|1843|4|588.00|88.20|2008-01-17 06:07:48
117246|134249|14891|5447|6108|1837|3|441.00|66.15|2008-01-11 06:11:50
117247|134249|14891|22210|6108|1857|2|294.00|44.10|2008-01-31 06:11:55
117563|134617|236|2607|6849|1852|1|464.00|69.60|2008-01-26 07:08:11
117690|134770|25173|7041|5747|1842|3|255.00|38.25|2008-01-16 11:43:01
117914|135039|39432|2736|7182|1842|1|309.00|46.35|2008-01-16 07:59:35
117994|135151|46678|6272|7317|1853|1|421.00|63.15|2008-01-27 11:05:47
118116|135285|3464|5802|2782|1844|1|437.00|65.55|2008-01-18 03:25:13
118189|135369|12722|12242|89|1841|2|526.00|78.90|2008-01-15 05:58:55
118190|135369|12722|2051|89|1829|4|1052.00|157.80|2008-01-03 05:59:37
118318|135520|39560|8212|4980|1851|1|271.00|40.65|2008-01-25 09:58:29
118320|135520|39560|9124|4980|1852|4|1084.00|162.60|2008-01-26 10:02:23
118334|135529|47926|1999|5414|1843|1|106.00|15.90|2008-01-17 10:33:06
118522|135751|24113|12283|7872|1857|2|414.00|62.10|2008-01-31 05:18:34
119678|137040|1381|23645|874|1857|1|135.00|20.25|2008-01-31 08:25:10
119679|137040|1381|12417|874|1843|2|270.00|40.50|2008-01-17 08:25:13
119862|137237|7914|4167|3890|1845|1|273.00|40.95|2008-01-19 03:13:51
120435|137911|565|2237|3969|1834|1|137.00|20.55|2008-01-08 09:30:18
120724|138208|35669|11967|8222|1857|3|66.00|9.90|2008-01-31 06:18:59
120743|138223|22192|17612|7598|1850|2|88.00|13.20|2008-01-24 06:53:53
120744|138223|22192|17216|7598|1849|4|176.00|26.40|2008-01-23 06:55:38
120745|138223|22192|20300|7598|1853|1|44.00|6.60|2008-01-27 06:56:27
120836|138327|26368|11640|878|1854|1|114.00|17.10|2008-01-28 09:34:35
120838|138327|26368|6674|878|1849|4|456.00|68.40|2008-01-23 09:36:11
121072|138571|33413|3441|8021|1835|2|842.00|126.30|2008-01-09 04:54:05
121254|138798|9527|4025|8650|1834|2|832.00|124.80|2008-01-08 10:37:36
121421|138995|47826|5946|4719|1846|1|156.00|23.40|2008-01-20 03:24:09
121422|138995|47826|15774|4719|1857|2|312.00|46.80|2008-01-31 03:26:41
121423|138995|47826|15213|4719|1857|4|624.00|93.60|2008-01-31 03:32:02
121619|139220|36198|2999|3700|1852|1|411.00|61.65|2008-01-26 08:32:35
121731|139377|3928|7779|3978|1837|1|430.00|64.50|2008-01-11 11:55:46
121732|139377|3928|1767|3978|1830|4|1720.00|258.00|2008-01-04 11:58:04
121751|139398|12693|19122|697|1852|1|361.00|54.15|2008-01-26 12:34:20
121752|139398|12693|11857|697|1844|4|1444.00|216.60|2008-01-18 12:35:00
121858|139494|49440|1736|1413|1841|1|140.00|21.00|2008-01-15 03:25:55
122063|139747|1048|422|4719|1854|4|1220.00|183.00|2008-01-28 08:53:18
122247|139966|11469|3775|5511|1831|4|1636.00|245.40|2008-01-05 01:23:29
122447|140162|7663|13633|7514|1852|2|686.00|102.90|2008-01-26 06:42:42
122659|140401|27301|8254|4298|1844|2|160.00|24.00|2008-01-18 12:16:55
122685|140445|32443|11289|6807|1857|1|96.00|14.40|2008-01-31 01:06:59
122716|140479|16510|12321|6093|1852|4|1484.00|222.60|2008-01-26 01:53:15
122717|140479|16510|15184|6093|1856|2|742.00|111.30|2008-01-30 01:53:18
122788|140556|48232|3614|4695|1836|2|944.00|141.60|2008-01-10 04:07:29
122789|140556|48232|16126|4695|1851|1|472.00|70.80|2008-01-25 04:11:15
123049|140879|22240|2779|2698|1833|2|284.00|42.60|2008-01-07 10:07:20
123050|140879|22240|5635|2698|1836|1|142.00|21.30|2008-01-10 10:09:39
124280|142315|20768|4448|8279|1854|2|350.00|52.50|2008-01-28 05:42:05
124429|142482|6443|19302|7784|1854|1|453.00|67.95|2008-01-28 09:34:05
124455|142516|26660|9970|8429|1848|1|226.00|33.90|2008-01-22 10:16:35
124457|142517|22834|13409|8737|1843|3|1173.00|175.95|2008-01-17 10:17:32
124458|142517|22834|2417|8737|1829|2|782.00|117.30|2008-01-03 10:18:08
124459|142517|22834|2300|8737|1829|1|391.00|58.65|2008-01-03 10:18:10
124471|142533|49282|1970|2959|1838|1|150.00|22.50|2008-01-12 10:36:55
124615|142714|8747|11538|2963|1849|2|176.00|26.40|2008-01-23 02:15:55
124702|142790|23892|11609|2004|1854|1|486.00|72.90|2008-01-28 04:11:27
125833|144059|22184|18328|1480|1855|1|25.00|3.75|2008-01-29 06:24:30
125834|144059|22184|14540|1480|1851|2|50.00|7.50|2008-01-25 06:25:10
125877|144112|34097|3200|2959|1836|4|84.00|12.60|2008-01-10 07:28:11
125960|144202|32498|8315|8524|1847|2|234.00|35.10|2008-01-21 09:24:35
126305|144660|46627|19916|7269|1852|2|612.00|91.80|2008-01-26 05:08:27
126819|145275|45097|12186|1466|1851|3|1368.00|205.20|2008-01-25 04:44:26
126821|145275|45097|11743|1466|1851|1|456.00|68.40|2008-01-25 04:46:45
127000|145468|36187|4680|1673|1844|1|186.00|27.90|2008-01-18 08:22:13
127073|145560|19915|11761|5644|1846|1|331.00|49.65|2008-01-20 09:49:27
127203|145721|37682|190|76|1841|1|389.00|58.35|2008-01-15 12:27:39
127569|146179|19817|3095|4231|1853|2|986.00|147.90|2008-01-27 08:59:55
127622|146229|46301|5519|5743|1839|2|224.00|33.60|2008-01-13 10:09:38
127813|146470|11871|20477|3176|1852|2|308.00|46.20|2008-01-26 02:08:46
127814|146470|11871|8838|3176|1838|6|924.00|138.60|2008-01-12 02:15:54
128271|147029|4984|452|5312|1852|1|441.00|66.15|2008-01-26 12:20:52
128350|147117|6208|3120|5060|1846|2|542.00|81.30|2008-01-20 02:08:08
128638|147451|47832|2801|143|1850|2|342.00|51.30|2008-01-24 08:21:57
128681|147503|3139|5121|945|1847|4|848.00|127.20|2008-01-21 09:08:51
128682|147507|39798|997|2241|1855|2|90.00|13.50|2008-01-29 09:10:21
129254|148199|33718|17275|761|1848|2|200.00|30.00|2008-01-22 09:19:27
129472|148480|17213|8372|2341|1851|1|390.00|58.50|2008-01-25 01:56:45
129721|148774|8961|960|6605|1833|2|990.00|148.50|2008-01-07 07:03:37
129766|148819|24186|3658|7593|1847|1|465.00|69.75|2008-01-21 07:50:59
129871|148935|6268|11616|6627|1842|1|55.00|8.25|2008-01-16 10:02:01
130026|149082|33068|8516|1833|1854|2|596.00|89.40|2008-01-28 01:16:01
130245|149309|41558|17384|8664|1856|2|294.00|44.10|2008-01-30 06:06:44
130327|149413|1751|4706|8069|1834|4|200.00|30.00|2008-01-08 07:53:14
130328|149413|1751|8043|8069|1838|1|50.00|7.50|2008-01-12 07:53:31
130496|149614|13533|10374|3293|1839|1|145.00|21.75|2008-01-13 11:00:48
130497|149614|13533|5564|3293|1833|2|290.00|43.50|2008-01-07 11:01:57
130506|149625|31108|13293|3330|1854|2|212.00|31.80|2008-01-28 11:24:05
130770|149952|14608|7207|2652|1843|1|179.00|26.85|2008-01-17 03:48:04
130857|150057|9932|8917|8260|1842|2|448.00|67.20|2008-01-16 05:32:17
130944|150151|18316|5411|7773|1851|2|516.00|77.40|2008-01-25 07:26:01
131027|150247|26843|2882|7398|1852|1|36.00|5.40|2008-01-26 09:04:29
131178|150457|30768|9954|7786|1843|1|51.00|7.65|2008-01-17 12:02:19
131179|150457|30768|15374|7786|1850|2|102.00|15.30|2008-01-24 12:03:40
131925|152355|27265|13022|6849|1842|1|317.00|47.55|2008-01-16 01:59:01
131926|152355|27265|20906|6849|1852|2|634.00|95.10|2008-01-26 01:59:52
131986|152416|9626|4611|4727|1850|2|944.00|141.60|2008-01-24 03:00:39
132059|152499|15711|10285|4113|1850|3|882.00|132.30|2008-01-24 04:54:45
132060|152499|15711|5494|4113|1844|1|294.00|44.10|2008-01-18 04:55:48
132165|152639|22114|324|6510|1844|1|307.00|46.05|2008-01-18 06:37:18
132465|152968|39383|12330|8345|1844|4|1268.00|190.20|2008-01-18 12:11:14
132466|152968|39383|23115|8345|1857|1|317.00|47.55|2008-01-31 12:12:57
132484|153006|42937|9651|8095|1839|1|487.00|73.05|2008-01-13 12:37:39
132485|153006|42937|24648|8095|1857|2|974.00|146.10|2008-01-31 12:38:16
132535|153066|46109|323|8337|1834|3|615.00|92.25|2008-01-08 01:34:33
132577|153133|32356|1115|5532|1839|2|676.00|101.40|2008-01-13 02:31:33
132598|153156|28102|14409|8496|1850|1|382.00|57.30|2008-01-24 02:54:50
132824|153400|39927|9200|6716|1854|4|1492.00|223.80|2008-01-28 07:08:43
132948|153556|46564|11275|8333|1855|2|728.00|109.20|2008-01-29 09:25:52
132976|153594|19204|6575|6717|1835|2|808.00|121.20|2008-01-09 09:58:53
133596|154352|27884|3129|4679|1832|1|167.00|25.05|2008-01-06 09:36:31
133889|154713|35455|8721|2051|1849|1|61.00|9.15|2008-01-23 03:07:29
134463|155422|10006|1933|2638|1835|4|636.00|95.40|2008-01-09 02:00:41
134586|155545|41941|6090|2932|1840|2|400.00|60.00|2008-01-14 04:05:56
134588|155545|41941|12789|2932|1848|1|200.00|30.00|2008-01-22 04:07:29
134660|155619|39397|5138|7335|1833|2|632.00|94.80|2008-01-07 05:44:06
134771|155765|37893|5881|970|1850|4|880.00|132.00|2008-01-24 07:43:58
134772|155765|37893|3828|970|1847|2|440.00|66.00|2008-01-21 07:45:55
135001|156003|1926|7906|2012|1839|4|1400.00|210.00|2008-01-13 11:52:31
135002|156003|1926|20257|2012|1854|1|350.00|52.50|2008-01-28 11:55:19
135209|156225|46655|11638|1833|1850|1|457.00|68.55|2008-01-24 03:48:50
135352|156378|35310|5011|2835|1853|1|496.00|74.40|2008-01-27 06:36:55
135518|156560|35119|5967|2051|1847|1|168.00|25.20|2008-01-21 09:50:47
135589|156632|8728|5561|3709|1856|2|976.00|146.40|2008-01-30 11:04:13
136118|157229|34383|9245|2587|1847|1|239.00|35.85|2008-01-21 08:30:41
136278|157395|19738|4590|7430|1851|2|406.00|60.90|2008-01-25 11:31:38
136831|158053|40452|1507|6116|1841|1|136.00|20.40|2008-01-15 09:34:21
136832|158053|40452|12106|6116|1854|2|272.00|40.80|2008-01-28 09:34:54
137414|158721|45548|12414|4226|1842|4|692.00|103.80|2008-01-16 08:17:48
137484|158798|13764|3142|202|1834|1|207.00|31.05|2008-01-08 09:42:25
137610|158957|6369|847|4033|1852|1|439.00|65.85|2008-01-26 12:16:43
137972|159383|36484|4551|7076|1849|2|468.00|70.20|2008-01-23 06:46:00
137980|159389|15206|14855|463|1848|1|423.00|63.45|2008-01-22 06:54:04
138218|159674|14630|11322|2782|1846|2|446.00|66.90|2008-01-20 11:35:42
138219|159674|14630|2129|2782|1835|3|669.00|100.35|2008-01-09 11:35:44
138629|160151|27818|2888|1259|1854|2|572.00|85.80|2008-01-28 07:34:14
139012|160618|32127|10312|2192|1855|1|286.00|42.90|2008-01-29 03:26:15
139102|160742|24193|9875|5108|1847|4|1368.00|205.20|2008-01-21 04:53:22
139115|160764|20255|6621|3674|1842|1|324.00|48.60|2008-01-16 05:07:23
139116|160764|20255|10791|3674|1847|2|648.00|97.20|2008-01-21 05:07:29
139250|160921|41365|13371|2390|1853|4|1524.00|228.60|2008-01-27 07:50:22
139252|160921|41365|15338|2390|1855|1|381.00|57.15|2008-01-29 07:54:56
139332|161021|45448|652|826|1848|6|714.00|107.10|2008-01-22 09:37:10
139615|161331|35091|2127|1821|1850|1|214.00|32.10|2008-01-24 03:04:58
139616|161331|35091|3083|1821|1851|2|428.00|64.20|2008-01-25 03:06:48
139703|161456|35284|578|1632|1829|4|896.00|134.40|2008-01-03 04:57:55
139704|161456|35284|3990|1632|1833|1|224.00|33.60|2008-01-07 05:00:24
139733|161497|44755|104|4929|1847|2|268.00|40.20|2008-01-21 05:28:53
139734|161497|44755|7095|4929|1855|1|134.00|20.10|2008-01-29 05:33:01
139799|161582|9144|5703|6213|1844|1|231.00|34.65|2008-01-18 07:12:58
139890|161699|37729|12423|5657|1852|2|330.00|49.50|2008-01-26 09:02:49
139939|161754|8811|6255|2826|1836|1|500.00|75.00|2008-01-10 09:55:37
140036|161893|13205|104|8650|1846|2|968.00|145.20|2008-01-20 11:35:56
140201|162100|4896|8163|7428|1840|1|80.00|12.00|2008-01-14 02:51:36
140213|162108|41623|348|6211|1847|4|1108.00|166.20|2008-01-21 03:01:37
140214|162108|41623|2226|6211|1849|2|554.00|83.10|2008-01-23 03:01:58
140311|162220|13112|1351|3181|1841|1|155.00|23.25|2008-01-15 04:48:01
140319|162227|28386|2742|7196|1856|3|264.00|39.60|2008-01-30 04:58:04
140386|162328|7675|1649|4679|1830|2|300.00|45.00|2008-01-04 06:18:47
140506|162470|33588|2329|3441|1845|1|291.00|43.65|2008-01-19 08:18:02
140703|162696|37944|4961|8650|1847|1|435.00|65.25|2008-01-21 12:19:48
140748|162748|20010|5778|6241|1855|4|1700.00|255.00|2008-01-29 01:11:23
140792|162791|19252|619|4385|1832|1|288.00|43.20|2008-01-06 01:59:54
140957|163003|7036|652|6499|1834|6|1812.00|271.80|2008-01-08 05:00:52
141096|163152|3789|2370|7965|1845|1|249.00|37.35|2008-01-19 07:43:55
141097|163152|3789|12182|7965|1857|2|498.00|74.70|2008-01-31 07:45:50
141164|163230|32509|2245|4989|1857|2|494.00|74.10|2008-01-31 09:05:20
141165|163230|32509|273|4989|1855|1|247.00|37.05|2008-01-29 09:07:11
141229|163305|40078|362|5092|1854|7|1708.00|256.20|2008-01-28 10:17:15
141590|163789|16592|10950|4981|1848|1|312.00|46.80|2008-01-22 04:49:11
141591|163789|16592|5645|4981|1841|4|1248.00|187.20|2008-01-15 04:49:47
141875|164107|14632|3342|3313|1844|1|145.00|21.75|2008-01-18 10:39:09
141876|164107|14632|8593|3313|1850|2|290.00|43.50|2008-01-24 10:40:07
141913|164141|13182|5369|1068|1856|1|211.00|31.65|2008-01-30 11:21:40
142390|164762|17492|3420|6360|1847|1|184.00|27.60|2008-01-21 08:32:01
143144|165691|3835|611|7231|1855|2|94.00|14.10|2008-01-29 11:12:15
143237|165793|15811|4759|6119|1854|2|896.00|134.40|2008-01-28 12:48:57
143589|166191|10362|339|2539|1833|1|310.00|46.50|2008-01-07 07:02:00
143775|166472|48224|2529|6225|1843|3|282.00|42.30|2008-01-17 10:43:23
143992|166704|38923|3454|1326|1833|2|596.00|89.40|2008-01-07 02:43:35
143993|166704|38923|20560|1326|1853|4|1192.00|178.80|2008-01-27 02:43:41
143994|166704|38923|2118|1326|1831|3|894.00|134.10|2008-01-05 02:45:26
144556|167345|45|13390|3301|1849|2|386.00|57.90|2008-01-23 01:35:10
144620|167414|8535|6998|4973|1844|1|453.00|67.95|2008-01-18 02:45:35
144629|167427|47655|15029|8479|1845|2|554.00|83.10|2008-01-19 03:01:00
144773|167598|38881|7497|7591|1848|1|302.00|45.30|2008-01-22 05:40:25
144785|167610|45560|2475|3599|1829|1|32.00|4.80|2008-01-03 05:55:51
144786|167610|45560|14479|3599|1844|3|96.00|14.40|2008-01-18 05:57:51
145130|168028|14290|3435|4695|1855|2|878.00|131.70|2008-01-29 12:15:40
145292|168202|7712|11435|7588|1854|4|964.00|144.60|2008-01-28 03:02:18
145337|168246|41462|1970|5607|1840|4|124.00|18.60|2008-01-14 03:50:53
145442|168388|13149|628|6510|1829|4|1076.00|161.40|2008-01-03 05:28:53
145520|168480|23634|2597|4938|1849|1|146.00|21.90|2008-01-23 07:15:42
145690|168701|40478|5981|89|1836|1|90.00|13.50|2008-01-10 10:52:42
145881|168909|41548|5681|213|1841|2|264.00|39.60|2008-01-15 02:21:38
146229|169315|14813|5992|7721|1840|2|258.00|38.70|2008-01-14 08:54:52
146370|169501|8017|7191|2426|1851|4|1316.00|197.40|2008-01-25 11:57:01
146391|169523|20104|9077|2156|1854|1|287.00|43.05|2008-01-28 12:21:08
146399|169535|38996|14473|5462|1855|4|1316.00|197.40|2008-01-29 12:25:26
146666|169854|5675|8182|7591|1851|2|138.00|20.70|2008-01-25 05:17:48
146667|169854|5675|6239|7591|1849|1|69.00|10.35|2008-01-23 05:18:13
147188|170421|10224|8257|1272|1849|1|218.00|32.70|2008-01-23 02:23:43
147728|171042|18101|6896|3321|1844|4|1692.00|253.80|2008-01-18 12:44:22
147729|171042|18101|1876|3321|1838|2|846.00|126.90|2008-01-12 12:45:16
148053|171454|45668|2347|6716|1843|2|768.00|115.20|2008-01-17 06:51:26
148054|171454|45668|11686|6716|1855|1|384.00|57.60|2008-01-29 06:55:42
148112|171515|30861|2266|4267|1840|2|570.00|85.50|2008-01-14 08:06:51
148383|171857|27212|548|8321|1848|1|146.00|21.90|2008-01-22 01:07:20
148389|171861|12855|16521|395|1852|2|422.00|63.30|2008-01-26 01:11:43
148445|171944|36668|2811|2063|1851|4|604.00|90.60|2008-01-25 02:20:01
148508|172023|43528|4106|6031|1847|2|272.00|40.80|2008-01-21 03:24:45
148539|172058|47546|11857|4401|1856|2|256.00|38.40|2008-01-30 03:59:50
148829|172399|35641|2389|1641|1852|1|191.00|28.65|2008-01-26 09:58:15
148861|172441|27307|3687|5034|1850|1|365.00|54.75|2008-01-24 10:40:36
149012|172606|33347|4121|3294|1851|2|502.00|75.30|2008-01-25 01:48:20
149013|172606|33347|6189|3294|1854|1|251.00|37.65|2008-01-28 01:48:26
149114|172696|19093|12467|8238|1855|1|99.00|14.85|2008-01-29 03:44:11
149418|173025|43618|3629|351|1837|1|54.00|8.10|2008-01-11 10:00:25
149557|173162|32079|6951|3290|1841|2|304.00|45.60|2008-01-15 12:48:03
149565|173173|33500|16871|363|1854|2|200.00|30.00|2008-01-28 12:55:16
149694|173309|37562|15097|3698|1857|1|348.00|52.20|2008-01-31 03:21:31
150107|173747|31331|172|8333|1835|2|704.00|105.60|2008-01-09 11:54:00
150147|173782|24533|8402|6515|1846|4|1936.00|290.40|2008-01-20 12:39:58
150639|174350|6887|8357|2276|1855|2|636.00|95.40|2008-01-29 09:48:35
150772|174501|32348|13412|834|1852|4|1796.00|269.40|2008-01-26 12:28:41
150810|174539|41667|6845|4029|1842|2|658.00|98.70|2008-01-16 01:05:43
150811|174539|41667|13960|4029|1850|1|329.00|49.35|2008-01-24 01:06:14
151275|175113|41244|2436|3557|1854|4|728.00|109.20|2008-01-28 10:25:53
151339|175205|16623|4031|1612|1855|1|99.00|14.85|2008-01-29 11:47:03
151612|175510|35461|5818|3599|1852|4|724.00|108.60|2008-01-26 05:15:22
151887|175800|18069|10681|7122|1854|1|124.00|18.60|2008-01-28 10:34:58
151979|175903|1140|10742|2864|1844|2|786.00|117.90|2008-01-18 12:25:41
151980|175903|1140|7166|2864|1840|1|393.00|58.95|2008-01-14 12:27:03
151987|175908|20879|4522|5078|1842|1|443.00|66.45|2008-01-16 12:34:01
152009|175936|11959|9198|6169|1853|1|215.00|32.25|2008-01-27 12:53:45
152055|175968|22722|7370|4414|1843|4|168.00|25.20|2008-01-17 01:48:51
152056|175968|22722|7129|4414|1843|2|84.00|12.60|2008-01-17 01:49:30
152212|176150|15643|14941|3884|1844|2|596.00|89.40|2008-01-18 05:05:07
152326|176265|12749|9856|7593|1857|1|105.00|15.75|2008-01-31 07:45:38
152390|176337|33836|6192|754|1837|4|92.00|13.80|2008-01-11 08:53:09
152391|176337|33836|11995|754|1844|2|46.00|6.90|2008-01-18 08:54:08
152687|176688|8926|11863|4555|1851|2|76.00|11.40|2008-01-25 02:32:43
152885|176929|23483|13749|7773|1856|1|164.00|24.60|2008-01-30 05:59:16
153414|177581|39826|11497|3209|1848|2|618.00|92.70|2008-01-22 04:29:05
153747|177986|6504|8492|1413|1837|2|922.00|138.30|2008-01-11 10:47:20
153957|178249|27248|12682|5080|1847|2|238.00|35.70|2008-01-21 02:42:12
154038|178322|1816|10372|7424|1840|3|213.00|31.95|2008-01-14 03:59:40
154082|178377|29965|5712|5687|1852|4|1968.00|295.20|2008-01-26 04:46:41
154111|178418|4808|8108|8737|1840|3|1458.00|218.70|2008-01-14 05:18:02
154112|178418|4808|20997|8737|1856|2|972.00|145.80|2008-01-30 05:18:34
154113|178418|4808|3001|8737|1834|1|486.00|72.90|2008-01-08 05:19:25
154116|178424|41609|452|2517|1845|1|417.00|62.55|2008-01-19 05:20:58
154117|178424|41609|3989|2517|1849|2|834.00|125.10|2008-01-23 05:21:35
154313|178645|41073|10364|4595|1856|1|456.00|68.40|2008-01-30 08:34:44
154314|178646|34511|5841|5152|1850|4|308.00|46.20|2008-01-24 08:35:43
154315|178646|34511|5512|5152|1849|2|154.00|23.10|2008-01-23 08:36:02
154632|179030|32274|116|5810|1855|2|848.00|127.20|2008-01-29 02:46:10
154701|179098|8346|11304|514|1857|2|344.00|51.60|2008-01-31 04:00:47
154853|179281|29410|2349|6641|1837|1|204.00|30.60|2008-01-11 06:53:43
154854|179281|29410|2776|6641|1838|4|816.00|122.40|2008-01-12 06:53:49
154855|179281|29410|3095|6641|1838|2|408.00|61.20|2008-01-12 06:53:58
154870|179299|49349|4325|6030|1853|1|431.00|64.65|2008-01-27 07:11:28
155575|180082|37422|19442|2342|1851|4|1932.00|289.80|2008-01-25 08:10:52
155668|180198|49503|12137|3978|1853|3|216.00|32.40|2008-01-27 10:04:21
155691|180239|20976|7482|7644|1835|2|166.00|24.90|2008-01-09 10:31:45
155769|180354|18227|1007|3625|1834|2|308.00|46.20|2008-01-08 11:59:20
155819|180401|48663|2470|8052|1856|4|868.00|130.20|2008-01-30 01:08:11
156295|180931|29096|14967|5837|1853|1|295.00|44.25|2008-01-27 09:42:57
156305|180945|5929|1579|2628|1834|4|520.00|78.00|2008-01-08 09:53:25
156306|180945|5929|2861|2628|1836|2|260.00|39.00|2008-01-10 09:53:58
156355|181004|14905|6210|8501|1843|1|379.00|56.85|2008-01-17 10:47:25
156356|181004|14905|17935|8501|1857|4|1516.00|227.40|2008-01-31 10:49:37
156514|181182|25769|52|460|1851|1|444.00|66.60|2008-01-25 01:41:42
156544|181225|15505|14531|2097|1851|2|182.00|27.30|2008-01-25 02:15:58
156545|181225|15505|677|2097|1834|3|273.00|40.95|2008-01-08 02:17:34
156589|181284|45705|15400|6135|1849|3|144.00|21.60|2008-01-23 03:09:32
156590|181284|45705|6050|6135|1838|2|96.00|14.40|2008-01-12 03:09:53
156709|181425|25040|10430|4761|1853|2|40.00|6.00|2008-01-27 05:42:25
156713|181431|9393|132|2023|1837|2|70.00|10.50|2008-01-11 05:46:38
156714|181431|9393|3288|2023|1840|1|35.00|5.25|2008-01-14 05:46:47
157314|206113|33084|10778|4791|1854|1|2445.00|366.75|2008-01-28 04:35:07
158026|207592|44123|7360|6415|1837|3|5208.00|781.20|2008-01-11 06:20:34
158027|207592|44123|21510|6415|1854|2|3472.00|520.80|2008-01-28 06:21:35
158036|207609|19343|7426|5646|1835|2|4634.00|695.10|2008-01-09 06:29:13
158258|208035|26217|9136|3313|1841|1|641.00|96.15|2008-01-15 10:45:13
158259|208035|26217|21700|3313|1857|3|1923.00|288.45|2008-01-31 10:45:42
158654|208841|23732|8522|3466|1845|4|4476.00|671.40|2008-01-19 06:26:32
158655|208841|23732|8964|3466|1845|1|1119.00|167.85|2008-01-19 06:27:58
158656|208841|23732|9061|3466|1845|2|2238.00|335.70|2008-01-19 06:31:37
158739|209042|32954|2732|7923|1836|4|6888.00|1033.20|2008-01-10 07:54:04
158850|209238|9968|792|4695|1851|4|2100.00|315.00|2008-01-25 10:02:29
159074|209658|43551|5866|2197|1849|1|2500.00|375.00|2008-01-23 02:13:52
159090|209687|17848|16327|8673|1849|1|733.00|109.95|2008-01-23 02:35:59
159243|209996|5560|2204|2092|1853|2|3440.00|516.00|2008-01-27 05:37:37
159418|210789|38264|2335|5997|1848|2|4620.00|693.00|2008-01-22 09:19:37
159524|210978|10154|13923|4262|1853|1|2038.00|305.70|2008-01-27 11:37:26
159919|211680|33963|11851|351|1850|2|2856.00|428.40|2008-01-24 07:28:49
159958|211747|32481|4290|4188|1846|1|665.00|99.75|2008-01-20 08:20:17
160018|211850|31712|7872|5514|1841|2|3706.00|555.90|2008-01-15 09:31:15
160466|212663|18280|509|4938|1836|1|445.00|66.75|2008-01-10 05:51:26
160624|213000|45047|1657|6360|1835|1|436.00|65.40|2008-01-09 08:36:55
160637|213025|18573|11381|3236|1840|1|2411.00|361.65|2008-01-14 08:51:04
160671|213084|41715|13762|399|1844|1|979.00|146.85|2008-01-18 09:34:22
160910|213524|35925|12220|3772|1850|2|1336.00|200.40|2008-01-24 02:20:17
161010|213726|40|11316|7839|1851|2|2044.00|306.60|2008-01-25 04:16:07
161475|214594|49566|22074|777|1857|1|548.00|82.20|2008-01-31 01:08:08
161715|215129|24349|2194|4691|1853|1|860.00|129.00|2008-01-27 06:12:22
161750|215197|34009|6946|8524|1835|1|1062.00|159.30|2008-01-09 06:51:40
161751|215197|34009|19111|8524|1849|2|2124.00|318.60|2008-01-23 06:54:10
162047|215751|18200|14026|3228|1855|1|523.00|78.45|2008-01-29 12:26:33
162066|215786|24787|5759|3969|1844|1|755.00|113.25|2008-01-18 12:40:05
162070|215792|45824|16614|6163|1856|2|3950.00|592.50|2008-01-30 12:42:06
162293|216225|13213|6946|7785|1847|1|426.00|63.90|2008-01-21 04:59:40
162326|216289|35455|6285|3919|1843|1|837.00|125.55|2008-01-17 05:30:08
162471|216520|33637|2698|3061|1856|2|2072.00|310.80|2008-01-30 08:34:26
162494|216557|33499|3428|7773|1856|2|3778.00|566.70|2008-01-30 09:03:57
162779|217064|45036|10689|7094|1856|3|4329.00|649.35|2008-01-30 02:45:17
163052|217606|27263|9478|6448|1851|2|928.00|139.20|2008-01-25 07:53:37
163053|217606|27263|936|6448|1841|3|1392.00|208.80|2008-01-15 07:55:32
163195|217894|46155|2184|6225|1844|1|2492.00|373.80|2008-01-18 10:31:43
163263|217991|4391|6625|5470|1845|1|990.00|148.50|2008-01-19 11:48:19
163264|217991|4391|9243|5470|1849|2|1980.00|297.00|2008-01-23 11:49:47
163292|218046|46790|4260|4924|1844|2|4718.00|707.70|2008-01-18 12:28:20
163293|218046|46790|11185|4924|1852|4|9436.00|1415.40|2008-01-26 12:28:53
163422|218256|6416|14101|7787|1855|1|1480.00|222.00|2008-01-29 02:52:06
163698|218775|38884|5680|838|1850|2|3656.00|548.40|2008-01-24 07:38:27
163813|219004|46904|2234|134|1835|2|4344.00|651.60|2008-01-09 09:36:30
163814|219004|46904|2569|134|1836|1|2172.00|325.80|2008-01-10 09:37:29
163855|219062|7315|18426|4689|1857|2|966.00|144.90|2008-01-31 10:25:36
164023|219362|39262|9282|2091|1844|2|4652.00|697.80|2008-01-18 01:36:36
164275|219784|41929|9906|7094|1857|2|2234.00|335.10|2008-01-31 06:32:16
164388|220033|7282|2438|5997|1846|1|1891.00|283.65|2008-01-20 08:39:32
164426|220091|31291|16043|2668|1848|4|5492.00|823.80|2008-01-22 09:24:56
164427|220091|31291|4303|2668|1834|1|1373.00|205.95|2008-01-08 09:25:24
164706|220660|24451|6268|1215|1849|2|1888.00|283.20|2008-01-23 03:01:03
164741|220730|47502|355|3441|1846|1|1339.00|200.85|2008-01-20 03:31:09
164801|220843|6461|3375|7142|1851|1|587.00|88.05|2008-01-25 04:34:37
165183|221546|15220|5039|4113|1836|4|5548.00|832.20|2008-01-10 11:41:29
165323|221768|24925|3853|42|1848|1|832.00|124.80|2008-01-22 02:01:34
165925|222955|21378|6665|8553|1851|1|1976.00|296.40|2008-01-25 01:36:12
166104|223291|48992|780|4689|1853|2|4406.00|660.90|2008-01-27 05:09:42
166170|223442|34557|1668|7061|1835|1|1230.00|184.50|2008-01-09 06:34:29
166315|223710|11274|4516|3793|1835|1|1540.00|231.00|2008-01-09 09:22:41
166360|223807|13354|9842|3120|1856|2|3890.00|583.50|2008-01-30 10:27:52
166472|224004|22144|4451|3479|1852|1|682.00|102.30|2008-01-26 12:30:12
166761|224528|7080|2054|1815|1835|1|1422.00|213.30|2008-01-09 06:10:19
166832|224678|22475|8343|3091|1850|2|3248.00|487.20|2008-01-24 07:22:10
166906|224851|5093|3755|7561|1857|1|370.00|55.50|2008-01-31 08:38:00
167125|225305|37855|24079|6364|1855|2|1954.00|293.10|2008-01-29 12:43:33
167274|225612|22589|6607|1246|1834|1|1723.00|258.45|2008-01-08 03:30:21
167275|225612|22589|3530|1246|1831|2|3446.00|516.90|2008-01-05 03:30:53
167330|225707|34516|20651|3812|1857|2|2386.00|357.90|2008-01-31 04:21:48
167331|225707|34516|18010|3812|1854|1|1193.00|178.95|2008-01-28 04:23:24
167589|226219|49556|2950|6320|1831|1|2408.00|361.20|2008-01-05 09:19:48
167656|226320|14652|9635|4198|1848|2|4734.00|710.10|2008-01-22 10:39:49
167918|226804|29246|3787|415|1851|2|1896.00|284.40|2008-01-25 04:24:33
168034|227033|48307|896|5518|1851|1|1643.00|246.45|2008-01-25 06:22:55
168134|227228|49519|4234|5514|1835|1|862.00|129.30|2008-01-09 08:23:19
168135|227228|49519|11681|5514|1844|2|1724.00|258.60|2008-01-18 08:23:42
168199|227341|13385|5705|8345|1851|2|3954.00|593.10|2008-01-25 09:47:03
168330|227610|37418|6158|1970|1840|1|1474.00|221.10|2008-01-14 12:33:30
168331|227611|25597|6158|8425|1854|1|1078.00|161.70|2008-01-28 12:33:41
168786|228486|38849|7890|8345|1837|2|2922.00|438.30|2008-01-11 10:36:45
169243|229374|16630|1354|4734|1856|1|1930.00|289.50|2008-01-30 07:47:12
169806|230469|39768|7497|5787|1841|1|2213.00|331.95|2008-01-15 06:43:08
169807|230469|39768|13035|5787|1848|2|4426.00|663.90|2008-01-22 06:45:04
169813|230485|13558|17687|8019|1854|1|2462.00|369.30|2008-01-28 06:51:22
169945|230717|77|10232|165|1843|1|2082.00|312.30|2008-01-17 09:15:24
169975|230774|14504|510|1668|1839|1|2101.00|315.15|2008-01-13 09:44:57
170433|231640|25630|1640|206|1837|3|2832.00|424.80|2008-01-11 01:11:22
170893|232534|6463|2096|1291|1847|2|770.00|115.50|2008-01-21 01:29:06
171036|232785|6681|5451|2090|1839|1|2490.00|373.50|2008-01-13 01:34:11
171053|232820|10121|17151|2202|1848|2|2628.00|394.20|2008-01-22 01:34:54
171230|233189|14153|5148|4503|1838|1|803.00|120.45|2008-01-12 01:41:45
171231|233189|14153|13627|4503|1848|2|1606.00|240.90|2008-01-22 01:41:48
171277|233278|5864|1422|8662|1836|1|1302.00|195.30|2008-01-10 01:43:23
171568|233877|31832|8020|5034|1853|1|1878.00|281.70|2008-01-27 01:54:10
171569|233877|31832|990|5034|1845|2|3756.00|563.40|2008-01-19 01:54:10
171699|234140|164|522|4942|1851|1|2369.00|355.35|2008-01-25 01:59:06
171789|234273|39038|11193|1989|1843|1|476.00|71.40|2008-01-17 02:03:02
172139|234847|33805|197|3339|1830|1|1982.00|297.30|2008-01-04 02:15:07
172193|234979|4809|15658|5532|1853|1|1160.00|174.00|2008-01-27 02:17:12
172194|234979|4809|1456|5532|1836|2|2320.00|348.00|2008-01-10 02:17:13
172289|235187|37398|9494|7493|1840|1|657.00|98.55|2008-01-14 02:20:37
172419|235424|41044|904|6159|1854|1|1582.00|237.30|2008-01-28 02:25:56
172426|235442|20080|3033|8296|1842|1|2086.00|312.90|2008-01-16 02:26:21
