131|140|26132|3961|5550|2164|3|396.00|59.40|2008-12-04 12:37:36
172|176|3941|26282|3097|2174|1|20.00|3.00|2008-12-14 09:13:17
201|216|3139|26593|1131|2161|4|680.00|102.00|2008-12-01 02:23:42
203|216|3139|41481|1131|2179|1|170.00|25.50|2008-12-19 02:34:42
641|654|4360|28804|3420|2170|1|64.00|9.60|2008-12-10 11:05:04
829|844|48975|8489|5553|2188|1|185.00|27.75|2008-12-28 05:58:14
910|922|36519|14436|3131|2185|1|224.00|33.60|2008-12-25 01:31:26
924|933|48898|25710|1594|2191|3|504.00|75.60|2008-12-31 02:38:34
925|933|48898|21257|1594|2186|4|672.00|100.80|2008-12-26 02:46:34
1790|1905|36040|18429|2375|2162|1|106.00|15.90|2008-12-02 06:16:25
1798|1912|33478|5117|3059|2173|2|362.00|54.30|2008-12-13 06:39:12
1842|1963|12349|29451|5694|2181|1|54.00|8.10|2008-12-21 09:05:34
1962|2109|31740|30904|177|2163|2|398.00|59.70|2008-12-03 03:25:02
2121|2273|33470|27120|6533|2165|2|416.00|62.40|2008-12-05 01:36:10
2210|2380|34011|28044|7148|2170|1|33.00|4.95|2008-12-10 05:58:30
2604|2790|45450|11175|3917|2163|2|218.00|32.70|2008-12-03 01:59:07
2619|2809|48805|31438|7195|2175|1|167.00|25.05|2008-12-15 02:34:52
2620|2809|48805|29616|7195|2173|3|501.00|75.15|2008-12-13 02:36:29
2676|2888|3681|11498|7289|2169|2|188.00|28.20|2008-12-09 05:30:18
2677|2888|3681|18126|7289|2177|4|376.00|56.40|2008-12-17 05:31:07
2967|3165|41542|2060|5730|2168|2|60.00|9.00|2008-12-08 07:44:11
2968|3165|41542|18298|5730|2187|1|30.00|4.50|2008-12-27 07:44:39
2969|3165|41542|7252|5730|2174|4|120.00|18.00|2008-12-14 07:48:18
3269|3520|32415|23380|6010|2169|2|388.00|58.20|2008-12-09 09:32:57
3437|3716|35954|40280|2951|2175|1|238.00|35.70|2008-12-15 04:37:36
3544|3831|30438|23065|4011|2165|4|364.00|54.60|2008-12-05 09:00:06
3558|3841|28100|3225|6531|2162|2|242.00|36.30|2008-12-02 09:38:44
3581|3867|15588|27358|4917|2174|4|316.00|47.40|2008-12-14 10:24:35
3582|3867|15588|30973|4917|2179|2|158.00|23.70|2008-12-19 10:24:38
3583|3867|15588|29128|4917|2176|1|79.00|11.85|2008-12-16 10:39:49
3662|3956|13005|40985|8657|2167|4|780.00|117.00|2008-12-07 01:24:53
4165|4485|15600|8040|125|2185|1|84.00|12.60|2008-12-25 09:57:00
4371|4706|1839|25765|216|2163|3|465.00|69.75|2008-12-03 06:07:42
4411|4745|5843|6807|2100|2172|1|250.00|37.50|2008-12-12 07:33:07
4452|4795|38157|26348|3748|2167|1|61.00|9.15|2008-12-07 09:09:54
4470|4812|21476|20046|8372|2186|2|334.00|50.10|2008-12-26 09:56:55
4471|4813|5625|12923|1029|2179|2|398.00|59.70|2008-12-19 09:58:14
4579|4925|9101|32319|6403|2181|1|224.00|33.60|2008-12-21 01:37:23
5557|6003|11244|1190|2104|2163|4|340.00|51.00|2008-12-03 11:52:15
5621|6071|35947|24674|1037|2163|4|524.00|78.60|2008-12-03 02:12:50
5657|6111|35|80|2041|2167|4|984.00|147.60|2008-12-07 03:08:55
5713|6179|37375|33584|1859|2178|1|246.00|36.90|2008-12-18 05:32:10
5914|6425|24347|28160|7192|2186|1|191.00|28.65|2008-12-26 12:23:24
6020|6553|36894|9411|1750|2175|1|189.00|28.35|2008-12-15 03:30:34
6040|6568|11554|22943|899|2164|4|428.00|64.20|2008-12-04 04:29:23
6138|6656|6455|18162|2667|2165|2|146.00|21.90|2008-12-05 07:40:03
6200|6734|45336|12396|3873|2177|1|173.00|25.95|2008-12-17 09:54:38
6230|6758|229|36356|5398|2164|1|85.00|12.75|2008-12-04 10:47:24
6441|6998|19651|36066|4485|2166|2|92.00|13.80|2008-12-06 06:18:21
6605|7190|22837|18580|6537|2171|2|276.00|41.40|2008-12-11 11:45:19
6920|7517|26954|49575|6533|2182|2|490.00|73.50|2008-12-22 10:35:10
6921|7517|26954|49239|6533|2182|4|980.00|147.00|2008-12-22 10:37:23
7071|7670|18856|24268|1972|2181|1|199.00|29.85|2008-12-21 03:35:53
7072|7670|18856|10487|1972|2164|3|597.00|89.55|2008-12-04 03:37:46
7210|7822|7647|39531|3039|2161|2|362.00|54.30|2008-12-01 07:50:12
7347|7947|13393|7160|5965|2167|1|90.00|13.50|2008-12-07 11:52:33
7448|8091|36992|3536|2696|2163|2|346.00|51.90|2008-12-03 02:46:21
7910|8519|30817|26000|1824|2163|1|238.00|35.70|2008-12-03 04:57:18
7952|8565|16698|32496|3873|2178|1|98.00|14.70|2008-12-18 06:13:49
8066|8677|13452|1689|1594|2164|2|200.00|30.00|2008-12-04 09:59:45
8210|8819|46457|20581|6123|2166|2|220.00|33.00|2008-12-06 02:08:33
8218|8829|31558|1826|4917|2169|1|110.00|16.50|2008-12-09 02:22:20
8278|8895|42869|1252|7534|2169|2|300.00|45.00|2008-12-09 04:04:24
8377|9007|25551|16998|5759|2168|1|146.00|21.90|2008-12-08 06:30:52
8562|9235|6515|39451|2691|2180|3|342.00|51.30|2008-12-20 11:52:27
8928|9642|31531|21411|7188|2170|1|240.00|36.00|2008-12-10 09:38:57
9055|9774|33373|31422|8681|2167|4|80.00|12.00|2008-12-07 12:49:30
9291|10056|38227|33896|3419|2188|1|222.00|33.30|2008-12-28 06:53:29
9442|10241|44985|34184|1432|2171|1|226.00|33.90|2008-12-11 10:54:33
9443|10241|44985|29332|1432|2165|2|452.00|67.80|2008-12-05 11:01:45
9466|10261|9229|39239|6242|2175|2|228.00|34.20|2008-12-15 11:38:54
9467|10261|9229|34001|6242|2168|1|114.00|17.10|2008-12-08 11:41:32
9623|10419|21668|35618|655|2168|1|240.00|36.00|2008-12-08 04:11:15
9811|10656|23221|16691|5343|2189|1|212.00|31.80|2008-12-29 08:26:49
9957|10829|6148|32235|7121|2173|3|279.00|41.85|2008-12-13 11:40:17
10228|11150|30692|5463|7184|2170|1|34.00|5.10|2008-12-10 06:19:26
10457|11392|47606|38924|4319|2165|2|436.00|65.40|2008-12-05 12:25:38
10704|11630|6381|44367|5581|2173|2|498.00|74.70|2008-12-13 06:52:48
11174|12124|12105|8127|4086|2164|1|147.00|22.05|2008-12-04 07:07:35
11284|12219|31650|2496|2691|2181|2|256.00|38.40|2008-12-21 10:08:52
11318|12272|17321|26100|3169|2176|1|221.00|33.15|2008-12-16 10:53:09
11326|12280|45044|32647|5491|2165|1|95.00|14.25|2008-12-05 11:00:39
11856|12836|17738|38079|5742|2170|2|400.00|60.00|2008-12-10 11:43:31
11913|12883|35878|48071|285|2171|2|212.00|31.80|2008-12-11 01:13:01
12022|13005|4395|1869|7282|2161|4|924.00|138.60|2008-12-01 03:22:57
12870|13858|49752|33440|7788|2171|2|358.00|53.70|2008-12-11 10:44:09
13021|14032|34172|13684|4171|2167|1|62.00|9.30|2008-12-07 02:36:06
13022|14032|34172|13676|4171|2167|4|248.00|37.20|2008-12-07 02:39:31
13436|14537|29713|33542|6999|2176|1|235.00|35.25|2008-12-16 11:47:30
13437|14537|29713|27882|6999|2169|4|940.00|141.00|2008-12-09 11:47:47
13438|14537|29713|23204|6999|2163|2|470.00|70.50|2008-12-03 11:48:06
13731|14866|26313|11576|4009|2171|2|316.00|47.40|2008-12-11 06:27:42
13732|14866|26313|7667|4009|2167|1|158.00|23.70|2008-12-07 06:28:08
13734|14870|11004|7459|914|2174|1|250.00|37.50|2008-12-14 06:28:24
13735|14870|11004|20341|914|2190|2|500.00|75.00|2008-12-30 06:29:31
13736|14870|11004|15686|914|2184|3|750.00|112.50|2008-12-24 06:30:29
13831|14963|32791|4610|6652|2189|2|390.00|58.50|2008-12-29 08:17:55
13902|15066|22852|24104|3859|2164|2|242.00|36.30|2008-12-04 09:42:43
13903|15066|22852|25673|3859|2166|4|484.00|72.60|2008-12-06 09:44:10
14297|15469|15785|23448|3273|2162|4|420.00|63.00|2008-12-02 06:37:05
14455|15628|44172|1521|282|2185|1|144.00|21.60|2008-12-25 10:08:11
14739|15933|33609|20061|1082|2161|1|98.00|14.70|2008-12-01 04:12:15
14784|15985|30670|33401|6178|2176|1|167.00|25.05|2008-12-16 05:09:50
14785|15985|30670|27731|6178|2169|3|501.00|75.15|2008-12-09 05:09:59
14872|16094|22130|26769|1730|2174|4|668.00|100.20|2008-12-14 07:05:57
14873|16094|22130|29906|1730|2177|2|334.00|50.10|2008-12-17 07:06:43
14890|16116|24242|34425|375|2166|2|136.00|20.40|2008-12-06 07:26:08
15243|16502|9636|22624|1521|2161|2|494.00|74.10|2008-12-01 03:28:29
15244|16502|9636|23620|1521|2162|1|247.00|37.05|2008-12-02 03:29:54
15379|16649|14306|29735|312|2170|1|62.00|9.30|2008-12-10 06:16:44
15686|16974|8927|7839|6924|2173|1|63.00|9.45|2008-12-13 12:42:10
15696|16982|31976|32997|4751|2167|2|388.00|58.20|2008-12-07 12:51:07
15945|17239|44007|13537|3169|2178|1|106.00|15.90|2008-12-18 06:05:11
16014|17298|20431|11392|4606|2174|2|302.00|45.30|2008-12-14 07:41:23
16197|17498|30608|10721|5526|2170|1|213.00|31.95|2008-12-10 11:27:50
16429|17783|1774|25514|104|2162|1|200.00|30.00|2008-12-02 04:17:52
16430|17783|1774|38799|104|2178|4|800.00|120.00|2008-12-18 04:18:08
16516|17866|28073|36816|3745|2177|2|88.00|13.20|2008-12-17 06:08:47
16828|18196|31397|4972|4434|2170|1|102.00|15.30|2008-12-10 12:33:30
16829|18197|10676|45262|4363|2181|1|77.00|11.55|2008-12-21 12:34:51
16870|18240|8847|13758|4751|2185|2|264.00|39.60|2008-12-25 01:31:09
16957|18314|24570|40562|6558|2171|2|476.00|71.40|2008-12-11 03:28:04
17169|18573|11824|3348|6867|2161|4|936.00|140.40|2008-12-01 08:01:17
17481|18965|24664|20158|5189|2178|1|115.00|17.25|2008-12-18 01:41:06
17482|18965|24664|11523|5189|2167|4|460.00|69.00|2008-12-07 01:44:05
17593|19085|43|9952|1024|2171|2|104.00|15.60|2008-12-11 03:37:12
17594|19085|43|13419|1024|2176|4|208.00|31.20|2008-12-16 03:37:35
17756|19270|17799|7669|4807|2175|2|236.00|35.40|2008-12-15 07:02:30
17871|19361|6097|22232|87|2162|4|648.00|97.20|2008-12-02 09:15:03
17872|19361|6097|36720|87|2180|2|324.00|48.60|2008-12-20 09:16:56
17968|19465|46207|23400|4366|2161|3|234.00|35.10|2008-12-01 11:17:08
18039|19545|38020|27378|6010|2165|4|212.00|31.80|2008-12-05 12:26:42
18132|19628|33137|43436|2999|2167|1|122.00|18.30|2008-12-07 01:59:32
18146|19645|49352|10597|6976|2179|2|374.00|56.10|2008-12-19 02:14:37
18147|19645|49352|12320|6976|2181|1|187.00|28.05|2008-12-21 02:18:01
18200|19709|38352|15837|6146|2161|1|138.00|20.70|2008-12-01 03:13:03
18201|19709|38352|30836|6146|2179|2|276.00|41.40|2008-12-19 03:14:31
18258|19768|1162|19260|2951|2169|2|200.00|30.00|2008-12-09 04:44:14
18353|19870|1692|8348|3665|2172|1|225.00|33.75|2008-12-12 06:04:39
18354|19870|1692|23023|3665|2189|4|900.00|135.00|2008-12-29 06:05:56
18746|20313|20601|3442|8521|2184|2|410.00|61.50|2008-12-24 01:49:28
18919|20497|12761|31960|6057|2182|4|260.00|39.00|2008-12-22 05:23:56
19363|20963|679|31228|5599|2176|4|596.00|89.40|2008-12-16 01:25:30
19554|21182|40069|34874|7188|2166|3|228.00|34.20|2008-12-06 05:19:31
19567|21195|48467|11383|5289|2162|3|561.00|84.15|2008-12-02 05:38:54
19790|21418|15433|37234|8729|2172|1|100.00|15.00|2008-12-12 09:32:39
20016|21675|28131|8257|1440|2168|2|114.00|17.10|2008-12-08 01:59:22
20190|21858|23162|892|6402|2162|1|250.00|37.50|2008-12-02 05:09:19
20191|21858|23162|903|6402|2162|2|500.00|75.00|2008-12-02 05:10:32
20192|21858|23162|2899|6402|2164|4|1000.00|150.00|2008-12-04 05:10:42
20416|22136|42884|14752|2867|2178|3|90.00|13.50|2008-12-18 09:20:41
20593|22365|17816|24287|5432|2173|1|73.00|10.95|2008-12-13 12:26:57
20895|22716|5020|28917|4025|2165|1|241.00|36.15|2008-12-05 05:56:06
21056|22894|48309|890|1561|2166|1|243.00|36.45|2008-12-06 08:51:15
21057|22894|48309|8610|1561|2175|4|972.00|145.80|2008-12-15 08:53:09
21371|23299|24967|29570|83|2163|2|92.00|13.80|2008-12-03 03:13:38
21372|23299|24967|30882|83|2165|3|138.00|20.70|2008-12-05 03:13:56
21497|23426|20998|18006|2648|2166|1|45.00|6.75|2008-12-06 05:48:21
21498|23426|20998|27373|2648|2177|2|90.00|13.50|2008-12-17 05:49:48
22033|23936|22470|29611|2442|2176|2|256.00|38.40|2008-12-16 03:39:36
22211|24103|45810|20340|2079|2162|2|114.00|17.10|2008-12-02 07:19:21
22321|24220|23765|13710|5553|2185|1|120.00|18.00|2008-12-25 09:13:56
22594|24538|19183|9768|1353|2177|2|374.00|56.10|2008-12-17 01:45:49
22814|24798|39871|3793|1712|2171|2|132.00|19.80|2008-12-11 05:53:47
22912|24921|12883|22526|6204|2166|3|723.00|108.45|2008-12-06 07:45:17
23050|25105|29772|23633|1515|2166|2|142.00|21.30|2008-12-06 10:21:44
23899|26143|17238|29716|7023|2166|2|142.00|21.30|2008-12-06 01:46:36
23900|26143|17238|28723|7023|2165|1|71.00|10.65|2008-12-05 01:46:43
24176|26468|26520|12308|1647|2175|1|24.00|3.60|2008-12-15 06:49:12
24286|26612|5421|7810|8086|2164|1|233.00|34.95|2008-12-04 09:00:41
24649|27031|30204|2525|6356|2167|1|123.00|18.45|2008-12-07 04:02:36
24650|27031|30204|2046|6356|2166|4|492.00|73.80|2008-12-06 04:02:41
24809|27188|18280|22459|6046|2182|4|232.00|34.80|2008-12-22 06:48:15
24810|27188|18280|7016|6046|2164|1|58.00|8.70|2008-12-04 06:48:40
24827|27202|6318|2529|4958|2164|1|205.00|30.75|2008-12-04 07:08:49
24956|27326|7697|33763|6054|2164|2|204.00|30.60|2008-12-04 09:41:03
24996|27383|47917|18900|1817|2182|1|230.00|34.50|2008-12-22 10:31:56
25219|27602|610|2579|6911|2164|2|336.00|50.40|2008-12-04 03:01:49
25431|27856|31372|8018|2793|2175|1|36.00|5.40|2008-12-15 06:57:14
25709|28133|13665|14519|7954|2166|1|76.00|11.40|2008-12-06 12:48:09
25925|28361|17529|4656|7485|2177|1|23.00|3.45|2008-12-17 04:43:10
26060|28482|22127|5806|4485|2164|4|544.00|81.60|2008-12-04 07:19:12
26061|28482|22127|11404|4485|2171|2|272.00|40.80|2008-12-11 07:19:18
26308|28715|20356|19811|2429|2182|2|318.00|47.70|2008-12-22 12:07:34
26323|28729|36609|8376|1468|2161|1|205.00|30.75|2008-12-01 12:28:17
26448|28850|3817|3608|5061|2166|2|220.00|33.00|2008-12-06 03:04:47
26450|28855|39474|46546|3395|2163|1|155.00|23.25|2008-12-03 03:06:48
26706|29119|5850|12500|3873|2166|1|234.00|35.10|2008-12-06 08:38:49
26729|29145|44007|18082|6395|2161|4|680.00|102.00|2008-12-01 09:06:18
26767|29186|48188|44065|2375|2169|4|768.00|115.20|2008-12-09 09:49:04
26814|29228|40279|29620|2768|2168|1|129.00|19.35|2008-12-08 10:31:33
26836|29249|34349|7280|355|2163|2|160.00|24.00|2008-12-03 11:10:14
27112|29561|44715|18011|1029|2178|4|524.00|78.60|2008-12-18 04:11:54
28276|30850|22472|2936|819|2161|2|664.00|99.60|2008-12-01 02:24:42
29009|31757|7370|20976|8027|2186|2|214.00|32.10|2008-12-26 04:18:06
29010|31757|7370|21862|8027|2187|1|107.00|16.05|2008-12-27 04:23:06
29890|32802|19439|3281|1712|2163|1|236.00|35.40|2008-12-03 09:39:15
29891|32802|19439|20142|1712|2184|4|944.00|141.60|2008-12-24 09:40:39
30140|33045|44811|3291|2078|2171|2|662.00|99.30|2008-12-11 01:57:30
30316|33266|15918|4937|4210|2165|1|175.00|26.25|2008-12-05 05:06:45
30332|33284|21232|46299|713|2177|1|306.00|45.90|2008-12-17 05:22:44
30445|33433|6991|40102|4096|2180|2|96.00|14.40|2008-12-20 07:25:45
30569|33576|40681|27314|3748|2163|1|168.00|25.20|2008-12-03 09:44:30
30691|33747|32585|21286|8645|2180|2|556.00|83.40|2008-12-20 12:19:16
30692|33747|32585|9865|8645|2166|3|834.00|125.10|2008-12-06 12:19:19
30693|33747|32585|8912|8645|2165|1|278.00|41.70|2008-12-05 12:20:19
30727|33798|20015|17843|1324|2171|1|331.00|49.65|2008-12-11 01:01:57
31291|34476|28196|23839|5324|2175|2|160.00|24.00|2008-12-15 11:27:09
31400|34632|9765|8860|2999|2170|1|145.00|21.75|2008-12-10 01:45:32
31960|35306|1105|33209|2612|2179|1|170.00|25.50|2008-12-19 12:12:00
32140|35539|40062|37023|8086|2171|4|508.00|76.20|2008-12-11 03:17:46
32354|35790|30416|7162|4323|2162|3|174.00|26.10|2008-12-02 07:15:42
32378|35816|28490|3658|5284|2175|4|656.00|98.40|2008-12-15 07:45:45
32380|35820|27356|9831|7547|2168|1|34.00|5.10|2008-12-08 07:46:46
32388|35839|26589|30275|4286|2179|1|34.00|5.10|2008-12-19 07:54:16
32456|35896|28285|33822|5189|2176|2|364.00|54.60|2008-12-16 09:38:52
32457|35896|28285|42296|5189|2186|4|728.00|109.20|2008-12-26 09:41:14
32572|35998|48804|40185|7887|2177|1|36.00|5.40|2008-12-17 11:50:37
32681|36102|35029|38367|2452|2161|1|39.00|5.85|2008-12-01 01:33:50
32830|36273|40508|706|2272|2168|2|576.00|86.40|2008-12-08 04:39:44
32831|36273|40508|7062|2272|2176|1|288.00|43.20|2008-12-16 04:40:19
33063|36541|4729|1928|189|2189|4|460.00|69.00|2008-12-29 08:54:52
33084|36561|37589|2181|8521|2167|1|293.00|43.95|2008-12-07 09:24:44
33085|36561|37589|14752|8521|2182|2|586.00|87.90|2008-12-22 09:25:10
33316|36803|39580|19503|83|2169|3|558.00|83.70|2008-12-09 01:56:16
33528|37049|6983|17769|2843|2164|4|1272.00|190.80|2008-12-04 05:49:46
33529|37049|6983|16212|2843|2162|3|954.00|143.10|2008-12-02 05:49:49
33565|37097|49834|8221|6533|2173|4|96.00|14.40|2008-12-13 06:27:24
33611|37152|13457|19863|6967|2173|2|120.00|18.00|2008-12-13 07:27:20
33612|37152|13457|14170|6967|2167|3|180.00|27.00|2008-12-07 07:29:55
34037|37647|22097|14362|8168|2164|1|188.00|28.20|2008-12-04 02:40:34
34072|37693|35725|10797|3417|2181|1|253.00|37.95|2008-12-21 03:13:49
34104|37731|4583|2594|6724|2168|3|339.00|50.85|2008-12-08 03:45:58
34290|37950|16198|23729|4917|2169|3|399.00|59.85|2008-12-09 07:00:56
34366|38037|15104|9422|6284|2164|1|142.00|21.30|2008-12-04 08:34:26
34637|38370|14740|10191|473|2161|1|210.00|31.50|2008-12-01 02:16:20
34638|38370|14740|13661|473|2165|2|420.00|63.00|2008-12-05 02:18:27
34842|38632|23677|10234|5481|2174|1|261.00|39.15|2008-12-14 05:57:09
34977|38778|22899|9888|4434|2166|1|338.00|50.70|2008-12-06 08:39:18
34978|38778|22899|13873|4434|2171|4|1352.00|202.80|2008-12-11 08:40:35
35221|39074|30606|19527|2312|2164|4|560.00|84.00|2008-12-04 01:10:36
35393|39289|18979|4458|6979|2181|4|716.00|107.40|2008-12-21 04:28:41
35896|39921|37135|17558|2947|2186|4|568.00|85.20|2008-12-26 02:43:41
35897|39921|37135|8101|2947|2174|2|284.00|42.60|2008-12-14 02:47:16
35981|40044|38961|40226|4443|2173|1|222.00|33.30|2008-12-13 04:19:03
35982|40044|38961|37338|4443|2169|2|444.00|66.60|2008-12-09 04:24:49
36018|40074|12743|13880|5689|2163|2|624.00|93.60|2008-12-03 05:09:55
36068|40136|48153|19800|7485|2175|4|404.00|60.60|2008-12-15 06:05:59
37028|41242|38461|37291|6435|2168|4|1112.00|166.80|2008-12-08 01:41:46
37029|41242|38461|45364|6435|2178|3|834.00|125.10|2008-12-18 01:42:51
37030|41242|38461|44307|6435|2177|2|556.00|83.40|2008-12-17 01:43:14
37258|41500|33685|35499|1829|2179|1|333.00|49.95|2008-12-19 05:59:28
37260|41502|44529|12881|142|2177|4|1380.00|207.00|2008-12-17 06:01:44
37261|41502|44529|8793|142|2172|2|690.00|103.50|2008-12-12 06:02:05
37272|41510|5716|21681|6494|2181|2|266.00|39.90|2008-12-21 06:09:12
37322|41574|37077|6538|1440|2164|1|54.00|8.10|2008-12-04 07:09:56
37379|41650|2623|20183|7452|2163|3|462.00|69.30|2008-12-03 08:07:08
37414|41688|15481|22306|2290|2184|1|100.00|15.00|2008-12-24 08:37:59
37749|42056|8245|10476|2358|2170|1|260.00|39.00|2008-12-10 02:54:08
37878|42177|25440|21278|3354|2170|1|199.00|29.85|2008-12-10 05:36:59
38113|42490|17416|34540|3411|2169|2|692.00|103.80|2008-12-09 10:28:51
38149|42534|43314|15592|2648|2183|2|464.00|69.60|2008-12-23 11:13:35
38150|42534|43314|7261|2648|2173|1|232.00|34.80|2008-12-13 11:16:16
38295|42673|16121|39993|7456|2166|2|518.00|77.70|2008-12-06 02:25:58
38504|42917|1683|19975|1042|2182|1|155.00|23.25|2008-12-22 06:22:35
39098|43591|44556|21854|4363|2161|4|1316.00|197.40|2008-12-01 06:19:47
39925|44591|1290|31196|4031|2164|1|226.00|33.90|2008-12-04 10:05:33
40184|44912|48441|41104|6509|2171|2|174.00|26.10|2008-12-11 03:29:21
40352|45136|28990|20189|6395|2173|1|163.00|24.45|2008-12-13 06:18:49
40431|45225|24496|13286|8147|2164|4|808.00|121.20|2008-12-04 07:50:21
40440|45234|28528|9569|4449|2162|1|52.00|7.80|2008-12-02 08:01:29
40736|45562|21688|8966|3216|2163|1|109.00|16.35|2008-12-03 01:34:34
40937|45819|15070|11493|1712|2185|1|83.00|12.45|2008-12-25 05:08:36
41470|46461|23647|21122|3566|2179|1|154.00|23.10|2008-12-19 02:53:22
41473|46464|14641|6828|8097|2161|4|880.00|132.00|2008-12-01 02:55:15
41710|46738|2723|28812|2747|2175|2|276.00|41.40|2008-12-15 07:17:37
42074|47135|36184|19779|5478|2176|2|420.00|63.00|2008-12-16 01:50:11
42075|47135|36184|16267|5478|2172|4|840.00|126.00|2008-12-12 01:51:00
42085|47144|25939|47935|602|2162|4|156.00|23.40|2008-12-02 02:01:35
42180|47258|7996|7001|125|2176|1|126.00|18.90|2008-12-16 03:35:49
42181|47258|7996|6171|125|2175|3|378.00|56.70|2008-12-15 03:37:18
42191|47268|47816|33579|2960|2173|4|1248.00|187.20|2008-12-13 03:44:48
42194|47271|5381|9497|8729|2180|2|522.00|78.30|2008-12-20 03:46:39
42480|47637|16250|12042|7195|2182|2|396.00|59.40|2008-12-22 09:39:12
42709|47912|5383|3344|8767|2168|2|652.00|97.80|2008-12-08 02:07:29
42710|47912|5383|1752|8767|2166|4|1304.00|195.60|2008-12-06 02:07:35
42740|47956|29293|22084|1658|2163|1|276.00|41.40|2008-12-03 02:43:39
42748|47970|5005|36659|8487|2178|1|241.00|36.15|2008-12-18 02:51:24
42881|48141|16828|39333|3043|2169|1|93.00|13.95|2008-12-09 05:23:21
42936|48196|32650|659|231|2173|1|85.00|12.75|2008-12-13 06:28:44
42937|48196|32650|308|231|2173|2|170.00|25.50|2008-12-13 06:29:40
42975|48235|28498|36424|432|2164|1|34.00|5.10|2008-12-04 07:21:21
42979|48240|11372|1965|2435|2178|3|930.00|139.50|2008-12-18 07:23:24
43281|48619|46557|15931|4606|2171|1|63.00|9.45|2008-12-11 12:25:49
43416|48787|17595|32298|1445|2166|1|309.00|46.35|2008-12-06 02:59:24
43639|49053|4498|23993|781|2165|1|256.00|38.40|2008-12-05 07:31:38
43677|49089|43769|42655|4366|2170|2|518.00|77.70|2008-12-10 08:11:57
43855|49287|19352|105|7213|2161|2|520.00|78.00|2008-12-01 11:36:01
44031|49515|27559|35152|5744|2176|2|402.00|60.30|2008-12-16 02:41:16
44187|49679|43436|15885|8354|2169|4|544.00|81.60|2008-12-09 05:24:20
44227|49728|42980|1417|3551|2172|2|166.00|24.90|2008-12-12 06:15:59
44323|49838|38284|33607|2463|2165|1|251.00|37.65|2008-12-05 08:12:07
44424|49945|25104|30097|5528|2171|1|203.00|30.45|2008-12-11 10:06:58
44963|50579|18175|23261|4210|2171|1|281.00|42.15|2008-12-11 08:14:36
44964|50579|18175|14761|4210|2161|3|843.00|126.45|2008-12-01 08:15:48
45510|51211|23574|41292|8676|2163|4|680.00|102.00|2008-12-03 06:45:27
45528|51233|49315|27967|6623|2161|2|428.00|64.20|2008-12-01 07:01:32
45567|51278|15710|16977|2158|2183|4|1068.00|160.20|2008-12-23 07:49:05
45841|51596|43856|8511|3420|2164|2|262.00|39.30|2008-12-04 12:55:23
46049|51845|21201|13473|6726|2169|1|230.00|34.50|2008-12-09 05:08:22
46082|51877|31495|45653|2739|2172|4|1296.00|194.40|2008-12-12 05:48:59
46349|52170|34472|35332|4056|2184|2|628.00|94.20|2008-12-24 11:25:53
46478|52318|21014|8782|4675|2181|1|64.00|9.60|2008-12-21 02:06:20
46479|52319|31468|4913|5528|2165|4|428.00|64.20|2008-12-05 02:06:45
46720|52585|42271|9692|6161|2165|1|178.00|26.70|2008-12-05 06:45:25
46860|52794|24856|33968|3417|2176|4|152.00|22.80|2008-12-16 09:38:23
46898|52853|29164|23317|8168|2174|1|150.00|22.50|2008-12-14 10:24:15
46899|52853|29164|22440|8168|2173|2|300.00|45.00|2008-12-13 10:25:50
46900|52853|29164|12642|8168|2162|4|600.00|90.00|2008-12-02 10:26:34
47225|53251|10657|3851|5109|2170|4|1284.00|192.60|2008-12-10 04:25:18
47551|53668|30547|24707|264|2175|1|244.00|36.60|2008-12-15 10:30:37
47552|53668|30547|22654|264|2173|4|976.00|146.40|2008-12-13 10:30:53
47695|53850|33488|35649|1824|2173|2|256.00|38.40|2008-12-13 01:02:46
47775|53949|16785|11271|375|2165|2|42.00|6.30|2008-12-05 03:00:41
47776|53949|16785|14904|375|2169|1|21.00|3.15|2008-12-09 03:01:32
47928|54129|2621|7255|8147|2183|1|29.00|4.35|2008-12-23 05:48:15
48154|54404|11607|27004|8440|2167|1|253.00|37.95|2008-12-07 09:57:59
48155|54404|11607|25134|8440|2165|2|506.00|75.90|2008-12-05 10:02:22
48179|54438|42077|2721|261|2171|3|111.00|16.65|2008-12-11 10:26:17
48263|54558|48955|1959|6995|2171|1|254.00|38.10|2008-12-11 12:17:49
48320|54613|13245|30070|2463|2175|2|290.00|43.50|2008-12-15 01:26:04
48427|54745|21203|11606|1690|2166|2|478.00|71.70|2008-12-06 03:52:51
48529|54848|12976|20231|5917|2187|4|1284.00|192.60|2008-12-27 05:49:33
48654|54973|48252|26017|8024|2170|2|532.00|79.80|2008-12-10 08:11:43
48718|55040|9348|7926|3305|2187|1|76.00|11.40|2008-12-27 09:27:58
48719|55040|9348|1631|3305|2179|4|304.00|45.60|2008-12-19 09:28:09
48736|55054|14689|34287|3576|2180|1|167.00|25.05|2008-12-20 09:47:41
48737|55054|14689|20897|3576|2164|2|334.00|50.10|2008-12-04 09:47:46
49600|55976|18488|2390|2158|2171|2|478.00|71.70|2008-12-11 02:31:12
49730|56138|34560|24550|2691|2168|3|651.00|97.65|2008-12-08 05:01:33
49862|56307|46401|38016|4870|2179|4|1268.00|190.20|2008-12-19 07:30:52
49947|56399|36601|37619|1009|2171|1|223.00|33.45|2008-12-11 09:02:28
50006|56464|5388|8854|106|2171|2|280.00|42.00|2008-12-11 10:08:50
50097|56569|10853|2659|5730|2171|1|215.00|32.25|2008-12-11 11:48:19
50123|56608|42313|32351|1936|2173|2|120.00|18.00|2008-12-13 12:26:09
50526|57033|9942|10275|1712|2162|5|545.00|81.75|2008-12-02 07:34:24
50528|57033|9942|28929|1712|2184|1|109.00|16.35|2008-12-24 07:35:58
50786|57305|32655|25924|4594|2171|1|45.00|6.75|2008-12-11 12:19:26
50909|57433|26825|15602|1594|2183|1|162.00|24.30|2008-12-23 02:32:39
50910|57433|26825|14541|1594|2182|2|324.00|48.60|2008-12-22 02:34:04
50922|57444|40235|194|6290|2172|1|260.00|39.00|2008-12-12 02:42:49
51274|57824|45993|28242|3260|2170|1|192.00|28.80|2008-12-10 09:47:04
51680|58324|47842|38981|7989|2181|2|50.00|7.50|2008-12-21 05:23:56
51681|58324|47842|36564|7989|2178|1|25.00|3.75|2008-12-18 05:24:11
51768|58427|17820|26017|8521|2168|2|214.00|32.10|2008-12-08 07:10:11
51987|58670|12419|9376|3950|2175|4|1744.00|261.60|2008-12-15 11:01:27
52020|58706|9464|28738|6057|2164|3|588.00|88.20|2008-12-04 11:43:45
52241|58952|40594|13110|5145|2167|2|818.00|122.70|2008-12-07 03:50:31
52340|59081|38005|35371|2442|2184|1|163.00|24.45|2008-12-24 06:00:19
52341|59081|38005|30335|2442|2178|2|326.00|48.90|2008-12-18 06:00:30
52530|59270|34860|21212|5920|2171|2|750.00|112.50|2008-12-11 09:43:15
52611|59375|45011|25906|3097|2163|2|416.00|62.40|2008-12-03 11:03:35
52696|59477|42056|9310|3043|2163|2|818.00|122.70|2008-12-03 12:32:27
52697|59477|42056|14909|3043|2169|4|1636.00|245.40|2008-12-09 12:34:34
53067|59879|45124|31505|1440|2164|1|415.00|62.25|2008-12-04 07:54:07
53157|59984|24142|24118|6403|2179|2|956.00|143.40|2008-12-19 09:34:50
53158|59984|24142|27429|6403|2183|1|478.00|71.70|2008-12-23 09:36:26
53379|60207|14970|21570|7878|2171|2|246.00|36.90|2008-12-11 01:48:04
53444|60288|43924|7915|2141|2186|1|175.00|26.25|2008-12-26 03:05:17
53566|60426|14056|12131|7602|2171|1|227.00|34.05|2008-12-11 05:40:42
53924|60861|23790|10497|2554|2170|1|79.00|11.85|2008-12-10 12:06:32
54182|61125|10585|29056|1249|2161|4|568.00|85.20|2008-12-01 04:43:16
54183|61125|10585|35629|1249|2169|2|284.00|42.60|2008-12-09 04:44:00
54354|61300|37113|32751|4838|2169|4|992.00|148.80|2008-12-09 08:04:35
54552|61499|42238|25670|1712|2164|2|244.00|36.60|2008-12-04 12:06:33
54554|61499|42238|32432|1712|2172|1|122.00|18.30|2008-12-12 12:09:04
54556|61503|44655|17040|5504|2172|2|662.00|99.30|2008-12-12 12:10:20
54557|61503|44655|9388|5504|2163|1|331.00|49.65|2008-12-03 12:11:15
54706|61640|2089|28028|2381|2166|1|294.00|44.10|2008-12-06 03:30:41
54895|61855|16571|28427|4219|2171|4|1324.00|198.60|2008-12-11 06:54:13
54936|61920|4004|29238|4096|2166|2|772.00|115.80|2008-12-06 07:42:04
55155|62178|47267|11344|1028|2170|1|376.00|56.40|2008-12-10 12:23:09
55177|62210|21393|39488|5277|2179|2|194.00|29.10|2008-12-19 01:00:21
55248|62318|41352|32231|1718|2168|3|621.00|93.15|2008-12-08 02:27:40
55370|62474|31997|44243|2852|2167|2|862.00|129.30|2008-12-07 05:16:55
55375|62488|30634|47391|8024|2180|2|70.00|10.50|2008-12-20 05:21:14
55377|62488|30634|47393|8024|2180|4|140.00|21.00|2008-12-20 05:23:02
55584|62710|39327|34159|6943|2162|4|1028.00|154.20|2008-12-02 10:01:05
55942|63107|2235|41628|6951|2176|1|64.00|9.60|2008-12-16 04:54:04
56220|63454|39960|6104|6761|2172|1|210.00|31.50|2008-12-12 10:36:39
56862|64269|47543|22025|1042|2186|2|188.00|28.20|2008-12-26 10:58:35
57207|64687|8379|22872|1526|2163|4|1728.00|259.20|2008-12-03 01:09:08
57208|64687|8379|23280|1526|2163|1|432.00|64.80|2008-12-03 01:09:09
57248|64739|44788|5969|7800|2161|2|258.00|38.70|2008-12-01 01:10:48
57377|64895|12348|37348|4723|2168|2|960.00|144.00|2008-12-08 01:15:43
57488|65028|28601|17162|1594|2186|2|704.00|105.60|2008-12-26 01:19:42
57649|65259|2661|18056|3222|2161|4|1364.00|204.60|2008-12-01 01:26:19
57748|65366|14926|9230|919|2161|3|1023.00|153.45|2008-12-01 01:29:40
58186|65873|47907|21410|1690|2168|2|238.00|35.70|2008-12-08 01:45:41
58192|65877|3412|42864|8212|2165|2|658.00|98.70|2008-12-05 01:45:56
58200|65887|12537|13295|1750|2166|1|312.00|46.80|2008-12-06 01:46:28
58399|66110|45512|5898|5287|2162|2|148.00|22.20|2008-12-02 01:54:05
58400|66110|45512|22650|5287|2182|1|74.00|11.10|2008-12-22 01:54:06
58662|66405|42395|705|5277|2173|2|944.00|141.60|2008-12-13 02:04:10
58957|66712|10088|18058|3989|2168|2|792.00|118.80|2008-12-08 02:14:48
58958|66712|10088|19987|3989|2170|1|396.00|59.40|2008-12-10 02:14:50
59007|66766|27407|12830|7406|2172|4|1224.00|183.60|2008-12-12 02:16:28
59305|67130|46634|20110|1387|2175|1|498.00|74.70|2008-12-15 02:27:47
59316|67145|46618|8300|1324|2174|1|79.00|11.85|2008-12-14 02:28:22
59439|67290|39175|12365|5145|2181|2|622.00|93.30|2008-12-21 02:33:03
59629|67508|42206|26493|5528|2166|2|932.00|139.80|2008-12-06 02:40:04
59710|67601|1006|1072|7217|2165|4|1220.00|183.00|2008-12-05 02:43:24
59711|67601|1006|5911|7217|2171|3|915.00|137.25|2008-12-11 02:43:25
59712|67601|1006|6983|7217|2172|1|305.00|45.75|2008-12-12 02:43:28
59862|67785|20028|10020|3944|2161|4|1596.00|239.40|2008-12-01 02:49:11
59863|67785|20028|24599|3944|2178|3|1197.00|179.55|2008-12-18 02:49:13
60073|68017|15606|29597|1526|2162|2|182.00|27.30|2008-12-02 02:57:09
60234|68197|17173|21541|3657|2175|2|968.00|145.20|2008-12-15 03:03:20
60612|68666|16811|9853|6493|2172|2|490.00|73.50|2008-12-12 03:18:59
60657|68700|31320|24669|5474|2172|1|77.00|11.55|2008-12-12 03:20:49
60846|68911|46458|27732|4106|2168|2|378.00|56.70|2008-12-08 03:27:42
60983|69086|37545|9478|5599|2167|2|152.00|22.80|2008-12-07 03:32:21
60984|69086|37545|5201|5599|2162|1|76.00|11.40|2008-12-02 03:32:23
61094|69207|2701|24714|8346|2165|1|85.00|12.75|2008-12-05 03:36:36
61511|69691|17498|22557|21|2166|2|574.00|86.10|2008-12-06 03:52:46
61552|69748|25921|26142|5301|2167|2|448.00|67.20|2008-12-07 03:54:48
61592|69790|44819|11414|106|2184|1|352.00|52.80|2008-12-24 03:56:18
61593|69790|44819|3379|106|2175|2|704.00|105.60|2008-12-15 03:56:20
61700|69925|38462|15268|245|2182|1|285.00|42.75|2008-12-22 04:01:02
62047|70334|42964|4249|3873|2187|2|504.00|75.60|2008-12-27 04:13:51
62298|70609|17356|2596|1969|2162|4|732.00|109.80|2008-12-02 04:23:13
62337|70680|29963|19457|6951|2174|2|126.00|18.90|2008-12-14 04:24:45
62338|70680|29963|14490|6951|2168|1|63.00|9.45|2008-12-08 04:24:49
62756|71160|30187|30343|7670|2162|4|204.00|30.60|2008-12-02 04:40:35
62883|71293|16740|10115|2463|2164|4|576.00|86.40|2008-12-04 04:45:18
62884|71293|16740|9362|2463|2163|2|288.00|43.20|2008-12-03 04:45:22
62885|71293|16740|10398|2463|2164|1|144.00|21.60|2008-12-04 04:45:24
63036|71447|21697|29374|1453|2172|2|284.00|42.60|2008-12-12 04:50:53
63040|71449|2807|9799|4315|2176|2|960.00|144.00|2008-12-16 04:51:10
63041|71449|2807|11318|4315|2178|3|1440.00|216.00|2008-12-18 04:51:10
63286|71725|27767|4267|1767|2163|3|1323.00|198.45|2008-12-03 04:59:32
63473|71929|35680|18946|4917|2166|1|427.00|64.05|2008-12-06 05:06:47
63578|72049|17929|950|4746|2165|2|572.00|85.80|2008-12-05 05:10:33
63616|72080|44894|11716|3358|2167|3|1320.00|198.00|2008-12-07 05:11:34
63704|72180|828|42132|2079|2162|4|940.00|141.00|2008-12-02 05:15:01
63706|72180|828|41127|2079|2161|2|470.00|70.50|2008-12-01 05:15:04
64051|72588|27964|20363|8657|2168|2|246.00|36.90|2008-12-08 05:28:12
64104|72655|5926|11293|2648|2183|4|224.00|33.60|2008-12-23 05:30:31
64105|72655|5926|7741|2648|2179|1|56.00|8.40|2008-12-19 05:30:33
64170|72735|37324|38315|2969|2177|4|936.00|140.40|2008-12-17 05:32:55
64473|73071|35241|34737|4322|2181|2|942.00|141.30|2008-12-21 05:44:29
64611|73237|24813|16339|87|2166|1|320.00|48.00|2008-12-06 05:49:38
64682|73310|45618|28807|6340|2186|1|167.00|25.05|2008-12-26 05:52:31
64715|73356|49644|19392|5965|2166|1|214.00|32.10|2008-12-06 05:53:37
64830|73478|36835|2688|7575|2167|2|424.00|63.60|2008-12-07 05:57:40
65461|74244|42273|10015|4531|2168|2|300.00|45.00|2008-12-08 06:21:29
65462|74244|42273|19046|4531|2178|1|150.00|22.50|2008-12-18 06:21:31
65490|74271|16652|7721|4277|2179|2|784.00|117.60|2008-12-19 06:22:19
65633|74446|25518|4087|2935|2168|1|142.00|21.30|2008-12-08 06:28:06
65807|74647|41376|41008|3305|2182|2|906.00|135.90|2008-12-22 06:35:02
66114|74999|236|16037|6911|2161|1|460.00|69.00|2008-12-01 06:47:13
66542|75502|29859|28484|5553|2166|3|609.00|91.35|2008-12-06 07:03:12
66545|75502|29859|45247|5553|2186|2|406.00|60.90|2008-12-26 07:03:21
66549|75506|12639|28117|5287|2172|1|113.00|16.95|2008-12-12 07:03:37
66664|75646|26642|36135|6435|2177|1|187.00|28.05|2008-12-17 07:07:14
66711|75687|9150|45291|4144|2161|4|1124.00|168.60|2008-12-01 07:09:13
67447|76595|24191|15807|3658|2174|4|396.00|59.40|2008-12-14 07:36:55
67627|76817|14190|36023|3665|2177|2|820.00|123.00|2008-12-17 07:43:20
67628|76817|14190|46439|3665|2189|1|410.00|61.50|2008-12-29 07:43:20
67629|76817|14190|33773|3665|2174|3|1230.00|184.50|2008-12-14 07:43:21
67957|77181|42862|17112|1418|2162|2|428.00|64.20|2008-12-02 07:56:38
67960|77181|42862|28839|1418|2176|4|856.00|128.40|2008-12-16 07:56:43
67994|77213|39366|33040|3588|2171|3|417.00|62.55|2008-12-11 07:57:55
67996|77213|39366|34275|3588|2173|4|556.00|83.40|2008-12-13 07:57:58
68285|77593|15509|13351|1353|2170|4|520.00|78.00|2008-12-10 08:07:43
68652|78045|23307|14081|6403|2176|1|441.00|66.15|2008-12-16 08:20:20
68899|78326|27553|23638|5916|2162|2|692.00|103.80|2008-12-02 08:29:52
69170|78651|21728|29711|8572|2167|2|238.00|35.70|2008-12-07 08:39:33
69564|79139|23913|25222|7054|2163|1|183.00|27.45|2008-12-03 08:54:29
69581|79155|23312|27127|6290|2170|2|804.00|120.60|2008-12-10 08:55:07
69718|79294|17120|1279|1940|2170|2|922.00|138.30|2008-12-10 09:00:35
69776|79357|38822|24708|5400|2182|1|121.00|18.15|2008-12-22 09:02:48
69777|79357|38822|10866|5400|2166|2|242.00|36.30|2008-12-06 09:02:54
69783|79362|33561|2025|5478|2163|2|42.00|6.30|2008-12-03 09:03:13
70333|79966|8720|30497|6000|2170|2|214.00|32.10|2008-12-10 09:23:13
70334|79966|8720|28268|6000|2167|1|107.00|16.05|2008-12-07 09:23:13
70777|80478|26267|24761|3632|2161|1|91.00|13.65|2008-12-01 09:39:05
71059|80831|3423|32804|6340|2179|1|163.00|24.45|2008-12-19 09:49:20
71136|80927|5681|19960|4256|2178|2|96.00|14.40|2008-12-18 09:52:24
71209|81001|45695|11799|3358|2175|2|162.00|24.30|2008-12-15 09:54:48
71243|81049|8891|35685|1594|2174|2|362.00|54.30|2008-12-14 09:56:08
71342|81177|36516|2704|189|2188|1|442.00|66.30|2008-12-28 09:59:45
71670|81626|27182|30821|2671|2162|4|1168.00|175.20|2008-12-02 10:12:03
71739|81702|7142|1921|5289|2163|2|926.00|138.90|2008-12-03 10:14:37
71845|81855|16477|1921|2446|2163|2|64.00|9.60|2008-12-03 10:18:39
72019|82083|13410|4996|4363|2167|2|536.00|80.40|2008-12-07 10:25:37
72026|82093|44473|38219|5581|2172|2|770.00|115.50|2008-12-12 10:26:01
72095|82177|25454|21392|6057|2179|2|68.00|10.20|2008-12-19 10:28:12
72568|82756|46884|351|7604|2189|2|46.00|6.90|2008-12-29 10:46:02
72658|82871|32607|15648|1265|2166|2|432.00|64.80|2008-12-06 10:49:33
72659|82871|32607|18420|1265|2170|1|216.00|32.40|2008-12-10 10:49:34
72779|83021|36996|49907|8262|2187|4|540.00|81.00|2008-12-27 10:54:07
72880|83149|11989|26820|264|2168|4|184.00|27.60|2008-12-08 10:57:24
73190|83515|40811|39818|1690|2170|1|485.00|72.75|2008-12-10 11:09:35
73239|83574|45307|29847|3563|2172|2|110.00|16.50|2008-12-12 11:11:23
73365|83700|23022|21349|4660|2164|1|356.00|53.40|2008-12-04 11:15:32
73366|83700|23022|25334|4660|2169|4|1424.00|213.60|2008-12-09 11:15:36
73367|83700|23022|24477|4660|2168|2|712.00|106.80|2008-12-08 11:15:36
73422|83775|39130|21061|2151|2174|4|264.00|39.60|2008-12-14 11:17:51
73540|83915|32899|27651|2424|2171|2|616.00|92.40|2008-12-11 11:22:15
73785|84221|49427|41510|1390|2164|1|211.00|31.65|2008-12-04 11:31:12
73786|84221|49427|42752|1390|2166|2|422.00|63.30|2008-12-06 11:31:13
73927|84362|8005|5870|2007|2180|1|500.00|75.00|2008-12-20 11:35:40
73928|84364|13220|9286|2714|2179|4|1836.00|275.40|2008-12-19 11:35:47
74098|84568|9064|8233|2889|2163|2|102.00|15.30|2008-12-03 11:42:57
74107|84580|21024|30002|6991|2173|2|724.00|108.60|2008-12-13 11:43:29
74303|84803|46811|40939|5324|2172|2|740.00|111.00|2008-12-12 11:51:33
74345|84843|17023|41536|3632|2169|2|870.00|130.50|2008-12-09 11:52:54
74566|85094|42428|28554|4434|2172|1|459.00|68.85|2008-12-12 12:02:06
74570|85101|22960|6773|2256|2176|1|58.00|8.70|2008-12-16 12:02:10
74598|85135|33822|26040|6533|2170|2|232.00|34.80|2008-12-10 12:03:22
74599|85135|33822|34413|6533|2180|1|116.00|17.40|2008-12-20 12:03:25
74658|85213|45456|26438|1287|2172|1|255.00|38.25|2008-12-12 12:05:42
74762|85349|47168|35539|1893|2163|2|100.00|15.00|2008-12-03 12:09:37
74796|85376|10213|8766|7954|2171|2|254.00|38.10|2008-12-11 12:10:44
74797|85376|10213|10101|7954|2173|7|889.00|133.35|2008-12-13 12:10:45
74798|85376|10213|5877|7954|2168|4|508.00|76.20|2008-12-08 12:10:46
75087|85722|35942|4758|989|2182|2|780.00|117.00|2008-12-22 12:21:49
75295|85970|11011|3697|7848|2176|2|538.00|80.70|2008-12-16 12:28:29
75296|85970|11011|5385|7848|2178|1|269.00|40.35|2008-12-18 12:28:32
75325|86019|22118|36593|3658|2164|1|56.00|8.40|2008-12-04 12:29:36
75469|86169|32359|21478|1029|2181|1|413.00|61.95|2008-12-21 12:34:57
75505|86206|41610|21999|2141|2178|1|201.00|30.15|2008-12-18 12:36:30
75517|86219|34951|3383|5834|2164|2|692.00|103.80|2008-12-04 12:37:02
75570|86300|13491|9955|8059|2180|2|274.00|41.10|2008-12-20 12:38:57
75571|86300|13491|10924|8059|2182|1|137.00|20.55|2008-12-22 12:39:02
76015|86811|17318|23825|7282|2166|3|762.00|114.30|2008-12-06 12:55:41
76140|86965|42757|26073|7023|2181|2|956.00|143.40|2008-12-21 01:02:05
76272|87105|27375|36383|1387|2171|1|322.00|48.30|2008-12-11 03:06:46
76361|87186|49483|37275|2554|2175|2|80.00|12.00|2008-12-15 04:37:16
76391|87221|13072|37158|5638|2166|1|127.00|19.05|2008-12-06 05:07:54
76392|87221|13072|46531|5638|2177|4|508.00|76.20|2008-12-17 05:08:20
76393|87221|13072|43446|5638|2174|2|254.00|38.10|2008-12-14 05:08:36
76458|87309|20860|6666|4146|2173|2|618.00|92.70|2008-12-13 06:18:15
76489|87352|6318|4506|7344|2170|1|232.00|34.80|2008-12-10 06:51:38
76490|87353|17381|8600|8129|2161|4|1600.00|240.00|2008-12-01 06:52:43
76554|87430|31262|7448|316|2188|1|376.00|56.40|2008-12-28 07:57:31
76555|87430|31262|3525|316|2184|4|1504.00|225.60|2008-12-24 07:57:41
76595|87505|41086|29733|4256|2171|1|53.00|7.95|2008-12-11 08:40:45
76596|87505|41086|31210|4256|2173|2|106.00|15.90|2008-12-13 08:42:21
76852|87824|12763|7375|5301|2172|1|200.00|30.00|2008-12-12 01:44:52
76853|87824|12763|17766|5301|2185|4|800.00|120.00|2008-12-25 01:45:00
76933|87914|24563|31613|3689|2173|1|259.00|38.85|2008-12-13 03:02:58
77033|88020|23395|47098|1295|2180|2|460.00|69.00|2008-12-20 05:01:07
77177|88162|42631|242|6827|2163|1|110.00|16.50|2008-12-03 08:12:10
77194|88182|19043|31854|3632|2174|1|339.00|50.85|2008-12-14 08:35:41
77535|88526|32416|14590|6652|2183|2|964.00|144.60|2008-12-23 02:50:19
77723|88762|35427|7261|6080|2166|2|626.00|93.90|2008-12-06 06:01:32
77882|88936|16923|9934|1817|2181|1|252.00|37.80|2008-12-21 09:14:07
77967|89028|20291|29795|7534|2169|2|126.00|18.90|2008-12-09 10:51:31
78029|89113|49636|31490|261|2169|3|513.00|76.95|2008-12-09 12:15:33
78218|89322|44116|23051|2125|2161|2|364.00|54.60|2008-12-01 03:06:35
78368|89495|40997|26490|1515|2164|1|455.00|68.25|2008-12-04 06:08:31
78559|89691|27288|17149|3320|2161|1|92.00|13.80|2008-12-01 09:55:08
78678|89816|25649|28002|5699|2163|1|158.00|23.70|2008-12-03 11:58:36
78696|89839|42454|25355|2401|2167|2|878.00|131.70|2008-12-07 12:20:23
78802|89976|8647|21108|969|2175|4|1824.00|273.60|2008-12-15 02:34:58
78898|90074|33445|15662|989|2184|1|253.00|37.95|2008-12-24 04:25:14
78927|90109|21379|40643|1177|2164|1|498.00|74.70|2008-12-04 05:06:42
79241|90471|7407|22625|1468|2174|1|45.00|6.75|2008-12-14 11:01:36
79338|90601|2754|36885|1545|2189|2|818.00|122.70|2008-12-29 12:40:30
79825|91177|11152|21949|1451|2183|1|326.00|48.90|2008-12-23 09:51:36
79868|91224|40396|30379|4954|2172|1|312.00|46.80|2008-12-12 10:46:31
79873|91231|33793|26262|2104|2169|2|628.00|94.20|2008-12-09 10:51:29
79874|91231|33793|26287|2104|2169|1|314.00|47.10|2008-12-09 10:51:53
80029|91394|19949|30442|349|2165|2|576.00|86.40|2008-12-05 01:42:19
80104|91464|1685|11705|8027|2165|2|624.00|93.60|2008-12-05 03:07:28
80105|91464|1685|20016|8027|2175|4|1248.00|187.20|2008-12-15 03:15:41
80263|91655|7014|35037|1730|2188|2|772.00|115.80|2008-12-28 06:12:41
80746|92142|28621|30861|8200|2161|1|101.00|15.15|2008-12-01 04:01:10
80937|92321|13732|22026|282|2166|4|688.00|103.20|2008-12-06 08:02:58
80938|92321|13732|36873|282|2184|2|344.00|51.60|2008-12-24 08:03:00
81080|92489|38401|292|1211|2162|4|1300.00|195.00|2008-12-02 10:48:32
81267|92681|38102|26502|6991|2172|4|1808.00|271.20|2008-12-12 02:48:57
81268|92681|38102|25799|6991|2171|2|904.00|135.60|2008-12-11 02:51:14
81269|92681|38102|22095|6991|2167|1|452.00|67.80|2008-12-07 02:54:13
81600|93061|11167|41126|3292|2167|2|862.00|129.30|2008-12-07 09:22:16
81601|93061|11167|40157|3292|2166|1|431.00|64.65|2008-12-06 09:23:24
81824|93308|31035|42986|6783|2186|1|449.00|67.35|2008-12-26 01:57:49
82112|93616|28492|574|7604|2173|2|606.00|90.90|2008-12-13 07:26:03
82557|94162|37870|14050|5599|2163|1|300.00|45.00|2008-12-03 03:52:56
82746|94341|44330|27532|4428|2165|1|143.00|21.45|2008-12-05 07:35:23
82917|94514|13820|39058|2125|2171|1|250.00|37.50|2008-12-11 10:38:13
82936|94544|13760|41242|2401|2179|1|370.00|55.50|2008-12-19 10:57:57
82937|94544|13760|35442|2401|2172|4|1480.00|222.00|2008-12-12 10:58:24
83330|94977|9827|25267|3131|2177|1|65.00|9.75|2008-12-17 06:32:32
83395|95087|30064|29036|2648|2170|1|29.00|4.35|2008-12-10 07:54:34
83397|95087|30064|34056|2648|2176|2|58.00|8.70|2008-12-16 07:57:53
83410|95111|7898|25559|106|2166|2|454.00|68.10|2008-12-06 08:11:38
83411|95111|7898|40039|106|2184|3|681.00|102.15|2008-12-24 08:12:55
83431|95137|10208|27523|6110|2163|2|134.00|20.10|2008-12-03 08:30:22
83480|95211|30429|7370|7104|2161|2|158.00|23.70|2008-12-01 09:33:40
83597|95336|8753|4970|3566|2174|2|732.00|109.80|2008-12-14 12:03:09
83679|95418|44449|566|6885|2173|1|124.00|18.60|2008-12-13 01:31:42
83785|95543|26168|31062|4984|2171|3|570.00|85.50|2008-12-11 03:33:31
83935|95739|49823|10939|112|2185|2|670.00|100.50|2008-12-25 06:49:49
83944|95760|23786|4596|6350|2164|1|458.00|68.70|2008-12-04 07:00:11
83959|95772|42974|11233|7844|2161|2|550.00|82.50|2008-12-01 07:16:09
83998|95819|30829|22776|3175|2181|1|277.00|41.55|2008-12-21 08:02:16
83999|95819|30829|16723|3175|2174|4|1108.00|166.20|2008-12-14 08:04:11
84075|95910|19542|29218|6435|2173|2|408.00|61.20|2008-12-13 09:43:43
84077|95910|19542|20002|6435|2162|4|816.00|122.40|2008-12-02 09:45:48
84092|95930|30270|12033|2918|2167|4|216.00|32.40|2008-12-07 10:04:08
84093|95930|30270|16185|2918|2172|1|54.00|8.10|2008-12-12 10:09:39
84137|95984|13362|11911|4864|2165|4|364.00|54.60|2008-12-05 11:04:42
84138|95984|13362|20309|4864|2175|1|91.00|13.65|2008-12-15 11:05:17
84139|95984|13362|17708|4864|2172|2|182.00|27.30|2008-12-12 11:05:33
84150|96000|32710|18241|1440|2168|2|414.00|62.10|2008-12-08 11:19:52
84151|96000|32710|19061|1440|2169|1|207.00|31.05|2008-12-09 11:21:08
84159|96010|25402|5115|6885|2183|1|306.00|45.90|2008-12-23 11:31:33
84409|96300|27895|28659|2958|2173|4|264.00|39.60|2008-12-13 04:49:01
84558|96486|20042|33078|5552|2180|1|47.00|7.05|2008-12-20 07:46:48
84655|96625|36985|11700|7874|2170|1|193.00|28.95|2008-12-10 09:47:13
84802|96786|14005|23085|7429|2164|1|340.00|51.00|2008-12-04 12:35:37
84942|96969|15136|38610|5474|2172|1|342.00|51.30|2008-12-12 03:23:43
84944|96969|15136|40039|5474|2174|3|1026.00|153.90|2008-12-14 03:23:58
84949|96975|24263|37069|2442|2186|2|42.00|6.30|2008-12-26 03:31:00
84989|97026|30046|36235|2401|2186|2|838.00|125.70|2008-12-26 04:33:11
84990|97026|30046|30829|2401|2180|4|1676.00|251.40|2008-12-20 04:33:56
85088|97135|33648|30552|2308|2172|3|1413.00|211.95|2008-12-12 06:29:26
85119|97169|40759|26508|8262|2167|1|333.00|49.95|2008-12-07 07:01:23
85120|97169|40759|29733|8262|2171|2|666.00|99.90|2008-12-11 07:01:29
85497|97598|20158|13707|6047|2166|2|238.00|35.70|2008-12-06 02:12:39
85533|97643|13597|37052|4656|2161|2|916.00|137.40|2008-12-01 02:58:37
85556|97667|29188|14073|2747|2179|1|324.00|48.60|2008-12-19 03:19:21
85580|97700|6363|9368|4954|2169|1|382.00|57.30|2008-12-09 03:49:36
85685|97818|45190|6084|7429|2176|2|366.00|54.90|2008-12-16 05:51:47
86112|98308|40841|31231|4723|2161|4|680.00|102.00|2008-12-01 02:59:50
86122|98312|23639|37487|2206|2172|3|1062.00|159.30|2008-12-12 03:12:45
86124|98312|23639|45238|2206|2182|2|708.00|106.20|2008-12-22 03:15:24
86242|98458|46853|37407|2648|2171|1|301.00|45.15|2008-12-11 05:39:51
86364|98616|789|15780|3551|2162|1|246.00|36.90|2008-12-02 07:43:59
86446|98710|21220|30859|8487|2171|1|443.00|66.45|2008-12-11 09:18:36
86595|98864|10986|10004|624|2170|2|932.00|139.80|2008-12-10 12:28:36
86596|98864|10986|6339|624|2165|1|466.00|69.90|2008-12-05 12:28:40
86637|98906|48685|11250|969|2170|1|199.00|29.85|2008-12-10 01:04:43
86638|98906|48685|15541|969|2175|3|597.00|89.55|2008-12-15 01:05:39
87045|99368|3511|708|2308|2175|4|972.00|145.80|2008-12-15 08:30:24
87046|99368|3511|7430|2308|2183|1|243.00|36.45|2008-12-23 08:31:34
87776|100256|16099|40348|349|2179|1|319.00|47.85|2008-12-19 10:09:03
87777|100256|16099|41651|349|2180|3|957.00|143.55|2008-12-20 10:09:13
87778|100256|16099|27227|349|2163|2|638.00|95.70|2008-12-03 10:10:48
87868|100357|26125|32416|1029|2185|2|708.00|106.20|2008-12-25 12:07:22
87869|100357|26125|16367|1029|2166|1|354.00|53.10|2008-12-06 12:07:52
88528|101149|13741|951|8059|2185|2|236.00|35.40|2008-12-25 12:16:03
88820|101456|19339|18929|2463|2167|4|1192.00|178.80|2008-12-07 05:28:55
88946|101603|40607|16698|4870|2172|4|1684.00|252.60|2008-12-12 08:00:28
89273|101929|1575|19119|5633|2167|1|423.00|63.45|2008-12-07 02:25:00
89350|102029|26342|18472|2429|2189|1|314.00|47.10|2008-12-29 03:48:06
89457|102160|45422|9037|2667|2162|1|191.00|28.65|2008-12-02 05:59:23
89458|102160|45422|8046|2667|2161|2|382.00|57.30|2008-12-01 06:00:04
89721|102466|34942|4969|7874|2161|1|482.00|72.30|2008-12-01 10:47:45
89736|102479|14219|17765|125|2163|2|118.00|17.70|2008-12-03 10:58:15
90227|103008|49530|38088|6979|2182|1|343.00|51.45|2008-12-22 08:17:48
90855|103709|31289|36792|2206|2175|1|93.00|13.95|2008-12-15 09:02:05
90857|103711|7867|6951|8722|2162|4|1536.00|230.40|2008-12-02 09:04:55
90858|103711|7867|9469|8722|2165|2|768.00|115.20|2008-12-05 09:05:09
90910|103757|21924|17951|8571|2171|1|428.00|64.20|2008-12-11 10:07:30
90914|103764|24557|4313|1081|2161|2|884.00|132.60|2008-12-01 10:15:55
91129|104000|38804|25396|7989|2176|4|1036.00|155.40|2008-12-16 02:21:11
91130|104000|38804|26236|7989|2177|2|518.00|77.70|2008-12-17 02:22:42
91400|104313|45725|16539|1019|2177|1|162.00|24.30|2008-12-17 07:20:58
91411|104321|16231|8061|2696|2161|2|466.00|69.90|2008-12-01 07:35:50
91489|104405|11726|25375|1489|2174|1|365.00|54.75|2008-12-14 09:01:58
91980|104968|9102|31767|1177|2162|1|250.00|37.50|2008-12-02 05:55:09
92341|105394|41989|1816|3358|2180|4|1508.00|226.20|2008-12-20 01:01:47
93103|106263|14518|4711|5375|2181|2|468.00|70.20|2008-12-21 03:25:57
93105|106269|46988|32548|125|2175|4|636.00|95.40|2008-12-15 03:30:48
93588|106873|33420|24145|1545|2184|2|884.00|132.60|2008-12-24 12:56:21
93589|106873|33420|19194|1545|2179|1|442.00|66.30|2008-12-19 12:57:12
93602|106893|14780|15603|2424|2174|1|336.00|50.40|2008-12-14 01:14:22
93883|107220|45257|43505|4406|2184|3|1308.00|196.20|2008-12-24 06:56:16
93884|107220|45257|29226|4406|2167|1|436.00|65.40|2008-12-07 06:59:51
94049|107417|22537|12440|5528|2161|4|220.00|33.00|2008-12-01 09:58:54
94050|107417|22537|17159|5528|2167|1|55.00|8.25|2008-12-07 09:59:46
94051|107417|22537|33104|5528|2186|2|110.00|16.50|2008-12-26 10:00:33
94234|107614|31764|38298|1284|2180|2|292.00|43.80|2008-12-20 01:15:25
94272|107656|30040|34246|4197|2167|2|108.00|16.20|2008-12-07 01:59:54
94340|107712|46123|39998|3305|2185|2|298.00|44.70|2008-12-25 03:09:33
94341|107712|46123|24207|3305|2166|1|149.00|22.35|2008-12-06 03:11:04
94528|107925|14753|8116|4675|2179|4|1276.00|191.40|2008-12-19 06:56:29
94529|107925|14753|10810|4675|2182|1|319.00|47.85|2008-12-22 06:56:45
94536|107936|35897|11006|3601|2166|2|464.00|69.60|2008-12-06 07:05:12
94596|108002|22993|23272|5432|2163|1|473.00|70.95|2008-12-03 08:03:20
95297|108787|13441|38974|739|2168|2|300.00|45.00|2008-12-08 10:11:14
95577|109129|4871|7080|2125|2175|2|964.00|144.60|2008-12-15 04:00:24
96016|109604|45308|17950|6924|2173|1|260.00|39.00|2008-12-13 01:01:52
96139|109783|48362|18040|6080|2165|1|407.00|61.05|2008-12-05 03:35:12
96141|109783|48362|21933|6080|2170|4|1628.00|244.20|2008-12-10 03:40:20
96182|109829|11143|34399|1690|2168|1|161.00|24.15|2008-12-08 04:41:23
96305|109959|30170|18633|5432|2178|4|1724.00|258.60|2008-12-18 07:48:10
96306|109959|30170|6707|5432|2164|2|862.00|129.30|2008-12-04 07:48:34
96435|110083|38216|10866|7824|2161|1|268.00|40.20|2008-12-01 10:32:08
96450|110102|39748|16495|2554|2171|2|690.00|103.50|2008-12-11 10:42:46
96583|110245|16930|7469|3873|2167|1|440.00|66.00|2008-12-07 01:23:45
96650|110312|12838|16311|5553|2166|1|436.00|65.40|2008-12-06 03:00:38
96667|110327|49323|1713|8699|2164|1|408.00|61.20|2008-12-04 03:29:23
96820|110522|11011|31379|914|2171|1|317.00|47.55|2008-12-11 06:55:17
96855|110560|41842|6265|7788|2164|1|222.00|33.30|2008-12-04 07:30:10
96951|110667|18643|41475|5513|2179|2|70.00|10.50|2008-12-19 09:27:18
96952|110667|18643|44419|5513|2183|4|140.00|21.00|2008-12-23 09:28:30
96953|110667|18643|39921|5513|2177|1|35.00|5.25|2008-12-17 09:32:04
97554|111411|25189|30019|7195|2167|1|394.00|59.10|2008-12-07 10:20:43
97570|111435|31049|26062|1249|2167|4|836.00|125.40|2008-12-07 10:33:21
97768|111665|45360|36738|4061|2162|2|412.00|61.80|2008-12-02 02:29:59
97954|111901|36364|43205|1718|2167|2|984.00|147.60|2008-12-07 06:24:23
98363|112389|21528|3048|8533|2176|2|422.00|63.30|2008-12-16 02:40:05
98931|113082|462|24165|5000|2173|4|1392.00|208.80|2008-12-13 02:42:06
99305|113512|14251|3386|739|2180|1|98.00|14.70|2008-12-20 11:06:54
99414|113659|12496|28357|7681|2176|2|800.00|120.00|2008-12-16 01:22:10
99620|113863|38953|21373|4675|2178|1|231.00|34.65|2008-12-18 06:09:03
99621|113863|38953|17130|4675|2173|2|462.00|69.30|2008-12-13 06:09:06
99622|113863|38953|8072|4675|2162|4|924.00|138.60|2008-12-02 06:11:09
100115|114464|13660|16318|6911|2173|1|438.00|65.70|2008-12-13 05:49:26
100651|115089|9575|38130|632|2169|2|392.00|58.80|2008-12-09 06:15:21
100653|115089|9575|31728|632|2162|4|784.00|117.60|2008-12-02 06:19:08
100685|115133|9784|37434|4019|2184|1|347.00|52.05|2008-12-24 07:00:46
101053|115566|29151|29610|7274|2181|2|258.00|38.70|2008-12-21 03:59:32
101054|115566|29151|23153|7274|2173|1|129.00|19.35|2008-12-13 03:59:37
101130|115647|16884|8447|6885|2168|4|184.00|27.60|2008-12-08 06:04:43
101296|115825|3457|38913|2185|2174|1|40.00|6.00|2008-12-14 10:02:46
101603|116184|23527|6615|2696|2167|4|1276.00|191.40|2008-12-07 05:39:24
101604|116184|23527|18351|2696|2182|1|319.00|47.85|2008-12-22 05:40:24
101698|116309|8771|5098|8623|2171|1|336.00|50.40|2008-12-11 07:55:45
101840|116453|22493|5942|3624|2163|3|888.00|133.20|2008-12-03 11:29:35
102725|117509|45659|9758|2691|2168|2|712.00|106.80|2008-12-08 10:11:08
102726|117509|45659|6403|2691|2164|1|356.00|53.40|2008-12-04 10:11:24
103080|117876|24776|14472|5599|2161|1|365.00|54.75|2008-12-01 07:06:31
103159|117977|27727|33628|6867|2165|2|806.00|120.90|2008-12-05 09:05:10
103708|118633|20273|22708|1489|2180|2|492.00|73.80|2008-12-20 11:21:23
103709|118633|20273|16025|1489|2172|4|984.00|147.60|2008-12-12 11:21:55
103765|118695|39552|13101|8645|2175|2|96.00|14.40|2008-12-15 12:42:33
103766|118695|39552|2377|8645|2162|1|48.00|7.20|2008-12-02 12:44:33
103767|118695|39552|22802|8645|2187|3|144.00|21.60|2008-12-27 12:50:53
104222|119229|26849|22810|839|2167|2|578.00|86.70|2008-12-07 01:23:44
104591|119672|11320|29430|365|2161|1|190.00|28.50|2008-12-01 12:36:14
104592|119672|11320|46160|365|2181|4|760.00|114.00|2008-12-21 12:36:59
104620|119701|17232|42658|1489|2190|4|116.00|17.40|2008-12-30 01:15:15
105507|120751|35749|11205|112|2163|4|1256.00|188.40|2008-12-03 02:15:55
105508|120751|35749|16675|112|2170|1|314.00|47.10|2008-12-10 02:20:52
105917|121208|24949|23426|2100|2166|4|1608.00|241.20|2008-12-06 02:16:22
105918|121208|24949|34042|2100|2178|2|804.00|120.60|2008-12-18 02:16:42
106377|121739|758|9964|4741|2164|2|830.00|124.50|2008-12-04 04:15:34
106762|122198|38026|14892|5742|2165|2|582.00|87.30|2008-12-05 04:31:17
106764|122198|38026|12517|5742|2163|4|1164.00|174.60|2008-12-03 04:38:57
106880|122301|7896|6889|264|2167|1|50.00|7.50|2008-12-07 07:41:59
107126|122570|38191|20316|5241|2169|3|1038.00|155.70|2008-12-09 03:55:29
107318|122832|30313|43468|5424|2189|4|704.00|105.60|2008-12-29 11:02:10
107319|122832|30313|22752|5424|2164|1|176.00|26.40|2008-12-04 11:02:58
107341|122856|3075|35691|2141|2180|1|468.00|70.20|2008-12-20 12:01:35
107342|122856|3075|20564|2141|2162|2|936.00|140.40|2008-12-02 12:04:43
107534|123071|26134|28400|2007|2174|2|642.00|96.30|2008-12-14 06:46:53
107535|123071|26134|31401|2007|2177|1|321.00|48.15|2008-12-17 06:49:57
107652|123207|10696|20393|2431|2161|1|219.00|32.85|2008-12-01 11:28:28
107653|123207|10696|35910|2431|2180|2|438.00|65.70|2008-12-20 11:28:51
107874|123449|14921|6536|2181|2165|1|184.00|27.60|2008-12-05 07:23:31
107875|123449|14921|21105|2181|2183|2|368.00|55.20|2008-12-23 07:25:24
108307|123942|37954|29330|2291|2186|2|578.00|86.70|2008-12-26 12:43:46
108308|123942|37954|28528|2291|2185|3|867.00|130.05|2008-12-25 12:43:51
108704|124453|10699|36510|5343|2179|1|115.00|17.25|2008-12-19 01:45:18
109299|125165|32270|21171|2100|2188|2|818.00|122.70|2008-12-28 02:15:28
109317|125189|38160|3647|6531|2166|1|330.00|49.50|2008-12-06 03:14:37
109392|125280|49596|41301|6924|2172|1|301.00|45.15|2008-12-12 06:09:04
109393|125280|49596|39312|6924|2170|4|1204.00|180.60|2008-12-10 06:11:44
110159|126173|11810|40219|4751|2177|2|296.00|44.40|2008-12-17 05:36:43
110353|126373|20616|41051|830|2177|2|216.00|32.40|2008-12-17 02:09:44
110354|126374|7002|26541|3629|2172|4|1336.00|200.40|2008-12-12 02:13:01
110355|126374|7002|24575|3629|2170|1|334.00|50.10|2008-12-10 02:14:33
110751|126881|37826|41007|6705|2161|3|309.00|46.35|2008-12-01 09:18:30
110921|127050|22969|1145|1498|2180|1|176.00|26.40|2008-12-20 07:28:52
111058|127211|19850|16616|2312|2164|1|84.00|12.60|2008-12-04 03:42:27
111256|127435|37948|12629|5744|2162|4|1668.00|250.20|2008-12-02 05:08:32
111399|127593|7280|8631|6576|2161|1|177.00|26.55|2008-12-01 02:39:47
111829|128104|38362|11431|3873|2183|2|746.00|111.90|2008-12-23 06:56:28
111880|128150|4593|23509|1489|2161|1|366.00|54.90|2008-12-01 10:32:59
112090|128409|39345|17470|4807|2172|2|650.00|97.50|2008-12-12 02:26:20
112177|128522|592|32456|7121|2176|4|1820.00|273.00|2008-12-16 08:08:41
112509|128919|26375|22138|5189|2173|4|1660.00|249.00|2008-12-13 02:12:03
112510|128919|26375|24505|5189|2176|1|415.00|62.25|2008-12-16 02:21:37
112511|128919|26375|20974|5189|2172|2|830.00|124.50|2008-12-12 02:24:42
112618|129049|12117|22496|2170|2169|4|916.00|137.40|2008-12-09 03:29:58
112672|129099|22730|33191|8620|2177|2|70.00|10.50|2008-12-17 11:18:53
112761|129193|35174|24116|3354|2168|2|298.00|44.70|2008-12-08 12:17:59
113022|129490|16256|26967|7213|2175|4|208.00|31.20|2008-12-15 07:02:03
113023|129490|16256|30054|7213|2179|2|104.00|15.60|2008-12-19 07:26:21
113125|129598|14142|3518|3424|2187|4|776.00|116.40|2008-12-27 09:18:44
113507|130021|13460|10728|2667|2179|2|994.00|149.10|2008-12-19 11:58:06
113723|130244|24688|18127|6000|2166|1|111.00|16.65|2008-12-06 01:44:23
113736|130264|35587|1376|7581|2164|2|654.00|98.10|2008-12-04 03:04:47
114089|130684|22442|1462|2768|2167|1|136.00|20.40|2008-12-07 02:28:46
114305|130936|13144|14910|5145|2187|2|340.00|51.00|2008-12-27 08:32:51
114396|131025|20878|30429|989|2186|4|244.00|36.60|2008-12-26 03:22:05
114615|131263|15958|3503|4954|2184|2|880.00|132.00|2008-12-24 06:57:22
114669|131319|44381|15284|312|2182|2|760.00|114.00|2008-12-22 11:31:13
114670|131319|44381|4309|312|2169|1|380.00|57.00|2008-12-09 11:34:56
114911|131590|30133|44160|3177|2174|1|262.00|39.30|2008-12-14 03:55:56
115243|131915|23620|36909|5099|2183|4|304.00|45.60|2008-12-23 10:21:38
115245|131915|23620|21000|5099|2164|3|228.00|34.20|2008-12-04 10:35:15
115246|131915|23620|23192|5099|2166|2|152.00|22.80|2008-12-06 10:38:36
115292|132001|41092|1073|790|2161|4|928.00|139.20|2008-12-01 01:48:15
115513|132245|38991|29470|6402|2172|2|196.00|29.40|2008-12-12 01:00:22
115514|132245|38991|32919|6402|2176|1|98.00|14.70|2008-12-16 01:03:14
115804|132592|35077|7694|6290|2168|3|921.00|138.15|2008-12-08 03:31:39
115909|132707|27796|31495|7874|2179|2|930.00|139.50|2008-12-19 08:57:56
115977|132800|23376|2927|7848|2163|1|394.00|59.10|2008-12-03 12:19:08
115978|132800|23376|2825|7848|2163|2|788.00|118.20|2008-12-03 12:20:22
116320|133223|27858|27164|1261|2165|2|324.00|48.60|2008-12-05 04:45:57
116321|133223|27858|40750|1261|2181|4|648.00|97.20|2008-12-21 04:47:45
116393|133301|19295|3726|2062|2170|2|638.00|95.70|2008-12-10 07:51:27
116650|133585|1045|29739|2007|2187|2|76.00|11.40|2008-12-27 06:13:34
116651|133585|1045|19471|2007|2175|1|38.00|5.70|2008-12-15 06:19:18
116790|133735|24226|2920|2272|2173|1|199.00|29.85|2008-12-13 11:54:28
116983|133954|15847|26226|2768|2161|1|27.00|4.05|2008-12-01 08:06:07
116984|133954|15847|39129|2768|2176|3|81.00|12.15|2008-12-16 08:12:05
117413|134433|25121|30212|5145|2184|1|94.00|14.10|2008-12-24 01:23:20
117504|134552|3682|37717|5621|2186|2|334.00|50.10|2008-12-26 05:03:06
117505|134552|3682|31967|5621|2179|1|167.00|25.05|2008-12-19 05:05:33
117650|134716|10644|20581|4277|2168|4|1764.00|264.60|2008-12-08 10:18:39
117710|134785|15301|20360|2561|2164|2|224.00|33.60|2008-12-04 12:26:40
117987|135139|267|9949|4210|2172|2|686.00|102.90|2008-12-12 10:45:45
118047|135222|30317|36662|1081|2164|1|339.00|50.85|2008-12-04 12:38:46
118048|135222|30317|40018|1081|2168|2|678.00|101.70|2008-12-08 12:41:25
118131|135299|43537|27853|3941|2189|2|870.00|130.50|2008-12-29 03:51:17
118963|136245|26133|29472|129|2166|4|1880.00|282.00|2008-12-06 08:05:18
119063|136368|28135|1514|3576|2166|4|400.00|60.00|2008-12-06 11:59:34
119112|136429|16093|11618|3909|2171|2|362.00|54.30|2008-12-11 01:01:55
119138|136450|22233|23425|4864|2174|4|1040.00|156.00|2008-12-14 02:03:26
119604|136955|26539|17744|177|2164|4|1444.00|216.60|2008-12-04 06:11:43
119666|137024|37121|31967|5670|2162|1|88.00|13.20|2008-12-02 08:03:36
119849|137226|21890|27939|3629|2181|2|162.00|24.30|2008-12-21 02:39:09
119850|137226|21890|18778|3629|2170|1|81.00|12.15|2008-12-10 02:40:07
119945|137340|25051|34336|1521|2169|6|150.00|22.50|2008-12-09 05:50:20
120024|137437|12795|13991|7344|2172|1|301.00|45.15|2008-12-12 08:33:35
120124|137557|18708|11759|8027|2190|4|1460.00|219.00|2008-12-30 12:01:31
120125|137557|18708|5291|8027|2182|1|365.00|54.75|2008-12-22 12:01:31
120126|137557|18708|12402|8027|2190|2|730.00|109.50|2008-12-30 12:03:32
120250|137701|45464|28848|968|2161|1|331.00|49.65|2008-12-01 03:53:50
120931|138430|32182|14347|8506|2176|2|534.00|80.10|2008-12-16 12:17:02
120932|138430|32182|6984|8506|2167|1|267.00|40.05|2008-12-07 12:17:07
120933|138430|32182|9515|8506|2170|4|1068.00|160.20|2008-12-10 12:17:07
121290|138845|10624|682|3563|2171|1|65.00|9.75|2008-12-11 11:36:32
121291|138845|10624|13489|3563|2187|2|130.00|19.50|2008-12-27 11:38:40
121317|138887|22505|22746|2999|2161|1|385.00|57.75|2008-12-01 12:19:08
121687|139314|35581|13132|365|2171|4|1732.00|259.80|2008-12-11 10:25:01
121853|139485|38149|19734|3689|2171|1|492.00|73.80|2008-12-11 03:23:59
121985|139655|8677|12869|1730|2187|1|115.00|17.25|2008-12-27 06:44:58
122147|139838|23646|36656|610|2167|1|188.00|28.20|2008-12-07 10:47:24
122148|139838|23646|40372|610|2172|4|752.00|112.80|2008-12-12 10:47:26
122707|140469|19748|7685|3601|2184|3|555.00|83.25|2008-12-24 01:40:54
122734|140496|4343|30177|1498|2173|2|788.00|118.20|2008-12-13 02:36:50
122807|140576|46606|45252|2612|2180|4|156.00|23.40|2008-12-20 04:36:17
122886|140673|19268|31172|520|2165|3|600.00|90.00|2008-12-05 06:26:25
123089|140929|23750|33188|285|2171|1|149.00|22.35|2008-12-11 11:00:51
123174|141025|166|25181|2793|2182|1|347.00|52.05|2008-12-22 12:45:12
123175|141025|166|18982|2793|2174|2|694.00|104.10|2008-12-14 12:46:11
123299|141148|22980|17804|7954|2171|1|388.00|58.20|2008-12-11 03:42:20
123369|141219|12838|18302|189|2173|2|502.00|75.30|2008-12-13 05:31:36
123506|141388|20084|17677|3356|2171|3|1434.00|215.10|2008-12-11 09:29:05
123616|141525|23507|36513|282|2173|1|283.00|42.45|2008-12-13 12:14:36
123918|141899|8722|32551|1131|2167|2|444.00|66.60|2008-12-07 08:05:17
124322|142356|20813|6014|2771|2180|1|427.00|64.05|2008-12-20 06:40:02
124472|142535|24505|4146|4315|2164|1|406.00|60.90|2008-12-04 10:37:11
124520|142608|21486|36374|1489|2179|1|163.00|24.45|2008-12-19 11:37:45
124662|142755|4793|37151|6194|2179|1|388.00|58.20|2008-12-19 03:17:00
124782|142885|29033|11919|87|2164|2|630.00|94.50|2008-12-04 05:59:57
124784|142888|42991|9643|2170|2185|2|274.00|41.10|2008-12-25 06:01:12
125015|143155|4199|18831|6309|2168|4|436.00|65.40|2008-12-08 11:32:04
125091|143241|49284|32920|3705|2162|4|1796.00|269.40|2008-12-02 01:23:46
125449|143643|33056|12148|3216|2178|2|246.00|36.90|2008-12-18 09:29:36
125450|143643|33056|1612|3216|2165|1|123.00|18.45|2008-12-05 09:32:09
125711|143918|49881|5203|2141|2172|1|45.00|6.75|2008-12-12 03:49:18
125712|143918|49881|11345|2141|2179|3|135.00|20.25|2008-12-19 03:49:31
126079|144375|8912|22405|1042|2174|3|1359.00|203.85|2008-12-14 11:46:47
126138|144448|42693|10034|1131|2174|4|408.00|61.20|2008-12-14 01:27:17
126323|144687|33971|16058|5478|2184|2|852.00|127.80|2008-12-24 05:30:48
126723|145147|28727|41398|5297|2185|2|60.00|9.00|2008-12-25 02:43:28
126724|145147|28727|22798|5297|2163|1|30.00|4.50|2008-12-03 02:44:02
126889|145340|48890|42847|8533|2173|1|293.00|43.95|2008-12-13 06:13:02
126986|145452|9715|24793|1295|2163|2|406.00|60.90|2008-12-03 08:06:03
126987|145452|9715|38446|1295|2180|1|203.00|30.45|2008-12-20 08:07:13
127156|145658|16424|29634|1468|2174|4|100.00|15.00|2008-12-14 11:38:36
127157|145658|16424|26644|1468|2170|1|25.00|3.75|2008-12-10 11:39:43
127208|145730|19001|30621|1940|2170|2|982.00|147.30|2008-12-10 12:32:50
127242|145777|46926|11607|7878|2164|4|140.00|21.00|2008-12-04 01:24:21
127243|145777|46926|11121|7878|2164|1|35.00|5.25|2008-12-04 01:24:59
127283|145827|49677|22749|2452|2169|2|900.00|135.00|2008-12-09 02:10:11
127343|145900|6666|5777|7213|2173|1|210.00|31.50|2008-12-13 03:37:56
127364|145919|19238|7472|272|2171|3|330.00|49.50|2008-12-11 04:04:18
127899|146563|13525|21076|7848|2174|1|57.00|8.55|2008-12-14 04:04:01
127900|146563|13525|21030|7848|2174|2|114.00|17.10|2008-12-14 04:04:13
128570|147380|11895|8972|4277|2179|1|417.00|62.55|2008-12-19 06:59:58
128642|147457|31645|20171|3358|2164|4|1000.00|150.00|2008-12-04 08:27:50
128775|147615|39859|27147|8729|2162|2|470.00|70.50|2008-12-02 11:03:02
128867|147720|30100|28095|2691|2170|1|407.00|61.05|2008-12-10 12:54:29
128980|147846|42695|544|6000|2168|3|1077.00|161.55|2008-12-08 03:05:06
129563|148574|20050|1502|3873|2179|1|380.00|57.00|2008-12-19 03:43:41
129883|148949|45735|34509|3229|2173|4|348.00|52.20|2008-12-13 10:13:16
130145|149213|14356|43069|6047|2168|2|278.00|41.70|2008-12-08 03:58:53
130162|149226|40417|31412|4531|2176|1|26.00|3.90|2008-12-16 04:21:26
130339|149432|39698|17995|8767|2169|1|428.00|64.20|2008-12-09 08:03:54
130377|149475|29279|4173|7188|2180|1|77.00|11.55|2008-12-20 08:39:53
130575|149714|5064|36699|1817|2174|1|353.00|52.95|2008-12-14 12:34:25
130741|149913|6031|2643|6558|2169|1|223.00|33.45|2008-12-09 03:13:41
130972|150185|16763|32778|3372|2172|4|432.00|64.80|2008-12-12 07:58:21
131193|150475|10946|11208|7442|2173|1|85.00|12.75|2008-12-13 12:16:57
131333|151648|17839|40169|6704|2176|2|350.00|52.50|2008-12-16 02:41:24
131389|151718|30179|37988|2270|2176|1|150.00|22.50|2008-12-16 03:48:42
131394|151723|1097|28399|4400|2170|1|180.00|27.00|2008-12-10 03:58:38
131395|151723|1097|21536|4400|2161|4|720.00|108.00|2008-12-01 04:02:09
131730|152141|46135|1818|5569|2177|2|878.00|131.70|2008-12-17 10:25:49
131731|152141|46135|1582|5569|2176|4|1756.00|263.40|2008-12-16 10:26:37
131735|152144|12263|32484|3358|2180|3|900.00|135.00|2008-12-20 10:29:35
132029|152465|10497|3957|231|2161|2|996.00|149.40|2008-12-01 04:15:20
132724|153282|2486|25344|231|2167|3|966.00|144.90|2008-12-07 05:23:43
132858|153450|47671|39324|5638|2165|1|486.00|72.90|2008-12-05 07:51:46
132859|153450|47671|38052|5638|2163|2|972.00|145.80|2008-12-03 07:52:48
133185|153844|12476|39215|8163|2171|3|1362.00|204.30|2008-12-11 02:00:20
133274|153946|24219|40996|4917|2173|1|209.00|31.35|2008-12-13 03:36:26
133275|153946|24219|39754|4917|2171|2|418.00|62.70|2008-12-11 03:38:23
133276|153946|24219|35655|4917|2166|4|836.00|125.40|2008-12-06 03:40:34
133368|154059|28795|32204|807|2172|1|310.00|46.50|2008-12-12 05:33:43
133395|154098|33137|8483|5400|2171|1|440.00|66.00|2008-12-11 05:53:54
133764|154580|41863|42633|5398|2161|4|1216.00|182.40|2008-12-01 12:32:03
133916|154738|39898|22088|5424|2188|4|1764.00|264.60|2008-12-28 03:25:45
133917|154738|39898|5421|5424|2168|1|441.00|66.15|2008-12-08 03:25:48
134196|155077|2436|36183|8230|2163|3|1173.00|175.95|2008-12-03 08:27:25
134197|155077|2436|39181|8230|2167|2|782.00|117.30|2008-12-07 08:28:31
134499|155460|34005|32254|5581|2170|1|391.00|58.65|2008-12-10 02:31:49
134897|155904|11577|29902|5301|2179|4|1452.00|217.80|2008-12-19 09:45:44
134898|155904|11577|30575|5301|2180|1|363.00|54.45|2008-12-20 09:48:38
135951|157069|34555|32329|7575|2163|1|350.00|52.50|2008-12-03 05:21:37
136193|157306|35321|3784|8599|2172|4|208.00|31.20|2008-12-12 09:45:56
136469|157621|2820|21356|4171|2173|2|702.00|105.30|2008-12-13 03:09:44
136523|157682|3706|17059|3555|2180|2|154.00|23.10|2008-12-20 03:58:07
136792|158001|39250|22686|5474|2174|1|184.00|27.60|2008-12-14 08:53:02
137148|158423|29437|904|5526|2168|1|138.00|20.70|2008-12-08 03:17:05
137151|158426|46318|35799|1256|2176|2|882.00|132.30|2008-12-16 03:20:38
137199|158487|44128|43513|6309|2163|1|487.00|73.05|2008-12-03 04:08:02
137580|158916|41246|7756|6630|2164|2|262.00|39.30|2008-12-04 11:33:11
137672|159007|22386|10409|3417|2166|1|320.00|48.00|2008-12-06 01:30:54
137686|159025|3683|29352|4847|2181|3|918.00|137.70|2008-12-21 01:46:45
137861|159250|41914|37086|5528|2182|1|32.00|4.80|2008-12-22 05:02:40
137916|159320|43351|27074|2041|2172|1|233.00|34.95|2008-12-12 05:53:33
137917|159320|43351|17824|2041|2161|2|466.00|69.90|2008-12-01 05:54:12
137938|159342|10687|207|7788|2170|1|103.00|15.45|2008-12-10 06:16:36
138332|159798|13088|31471|6242|2161|4|132.00|19.80|2008-12-01 02:00:29
138333|159798|13088|35138|6242|2166|1|33.00|4.95|2008-12-06 02:00:42
138334|159798|13088|47436|6242|2180|2|66.00|9.90|2008-12-20 02:05:21
138494|160006|48550|38628|3575|2169|1|478.00|71.70|2008-12-09 05:07:18
138596|160111|9538|44205|6361|2187|2|444.00|66.60|2008-12-27 06:57:02
138597|160111|9538|34280|6361|2175|1|222.00|33.30|2008-12-15 06:57:14
138992|160591|1521|4015|6999|2163|3|372.00|55.80|2008-12-03 03:09:14
139411|161094|39247|17351|830|2164|2|724.00|108.60|2008-12-04 11:12:16
139482|161169|32139|14548|8168|2182|2|344.00|51.60|2008-12-22 12:23:08
139632|161358|24205|518|125|2180|2|902.00|135.30|2008-12-20 03:24:45
140075|161955|32076|20495|1545|2188|2|764.00|114.60|2008-12-28 12:25:46
140320|162228|20821|78|2181|2184|3|153.00|22.95|2008-12-24 04:58:10
140341|162262|19448|23806|2272|2164|2|712.00|106.80|2008-12-04 05:21:08
140602|162586|40903|42098|2078|2164|2|492.00|73.80|2008-12-04 10:10:44
140603|162586|40903|44796|2078|2167|4|984.00|147.60|2008-12-07 10:12:11
140836|162835|10389|39352|5155|2175|2|208.00|31.20|2008-12-15 02:29:47
140860|162865|33375|23293|8049|2163|4|1488.00|223.20|2008-12-03 03:04:42
140953|162995|48781|21538|1082|2163|1|365.00|54.75|2008-12-03 04:51:09
141256|163348|17480|45544|3658|2175|3|1017.00|152.55|2008-12-15 10:53:30
141310|163409|14524|4479|1940|2161|1|416.00|62.40|2008-12-01 12:06:17
141363|163484|15614|41953|2061|2164|2|760.00|114.00|2008-12-04 01:05:01
142075|164356|22222|2439|2768|2165|1|214.00|32.10|2008-12-05 02:29:34
142076|164356|22222|5641|2768|2169|2|428.00|64.20|2008-12-09 02:30:04
142224|164537|12225|287|3175|2172|4|1480.00|222.00|2008-12-12 05:18:22
142225|164537|12225|5541|3175|2178|2|740.00|111.00|2008-12-18 05:19:19
142233|164541|1268|34675|6644|2175|3|1005.00|150.75|2008-12-15 05:24:21
142349|164713|21602|9529|7840|2166|2|614.00|92.10|2008-12-06 07:38:58
142407|164795|39726|7475|189|2186|1|87.00|13.05|2008-12-26 08:50:24
142535|164928|43917|937|6693|2175|2|582.00|87.30|2008-12-15 11:11:02
142537|164929|36715|33719|6668|2174|2|836.00|125.40|2008-12-14 11:15:18
142538|164929|36715|38839|6668|2180|4|1672.00|250.80|2008-12-20 11:17:50
142775|165243|13866|42829|1403|2184|4|276.00|41.40|2008-12-24 04:06:32
142776|165243|13866|31130|1403|2170|1|69.00|10.35|2008-12-10 04:09:47
142777|165243|13866|43751|1403|2185|2|138.00|20.70|2008-12-25 04:11:25
142875|165382|19537|11326|5504|2186|1|171.00|25.65|2008-12-26 06:00:05
142876|165382|19537|7199|5504|2181|2|342.00|51.30|2008-12-21 06:00:59
142907|165418|22402|31287|3681|2164|1|293.00|43.95|2008-12-04 06:33:43
142908|165418|22402|35385|3681|2169|2|586.00|87.90|2008-12-09 06:33:52
143055|165600|15986|1646|6123|2161|1|500.00|75.00|2008-12-01 09:34:44
143061|165612|36851|30842|2172|2175|1|363.00|54.45|2008-12-15 09:47:51
143062|165612|36851|35057|2172|2180|4|1452.00|217.80|2008-12-20 09:48:11
143063|165612|36851|22605|2172|2165|2|726.00|108.90|2008-12-05 09:51:12
143301|165869|16582|8397|2930|2182|4|1232.00|184.80|2008-12-22 01:51:10
143302|165869|16582|11635|2930|2185|1|308.00|46.20|2008-12-25 01:55:52
143421|166004|15622|8919|3484|2172|2|542.00|81.30|2008-12-12 03:58:30
143507|166102|9272|18824|8024|2176|2|662.00|99.30|2008-12-16 05:33:09
143594|166197|6073|44921|3614|2169|1|448.00|67.20|2008-12-09 07:05:26
143595|166197|6073|40617|3614|2164|2|896.00|134.40|2008-12-04 07:05:53
143704|166351|17005|278|3601|2178|2|98.00|14.70|2008-12-18 09:15:58
143861|166548|32605|26033|6000|2174|2|356.00|53.40|2008-12-14 12:22:45
144068|166769|45119|40649|4485|2170|3|1326.00|198.90|2008-12-10 04:01:43
144105|166816|47572|13012|2442|2168|3|477.00|71.55|2008-12-08 04:47:56
144460|167230|11174|14961|713|2168|1|25.00|3.75|2008-12-08 11:30:48
144938|167771|14549|44554|2561|2174|2|862.00|129.30|2008-12-14 08:41:54
145412|168338|18695|46243|6537|2173|2|302.00|45.30|2008-12-13 05:05:42
145687|168696|13551|23238|2818|2178|1|255.00|38.25|2008-12-18 10:51:27
145753|168772|38442|16598|2206|2179|2|124.00|18.60|2008-12-19 12:03:54
145822|168857|49371|31551|8606|2161|1|266.00|39.90|2008-12-01 01:12:08
145974|169028|28446|12630|2667|2164|2|286.00|42.90|2008-12-04 04:12:33
146205|169282|44272|27521|7681|2172|2|602.00|90.30|2008-12-12 08:21:54
146206|169282|44272|27423|7681|2171|1|301.00|45.15|2008-12-11 08:22:28
146342|169472|4592|35043|6693|2165|1|185.00|27.75|2008-12-05 11:37:21
146567|169763|1729|30558|1824|2170|1|326.00|48.90|2008-12-10 03:32:42
146568|169763|1729|27521|1824|2167|2|652.00|97.80|2008-12-07 03:32:57
146648|169844|46306|721|3615|2179|2|626.00|93.90|2008-12-19 04:54:16
146816|170031|40207|21610|8729|2163|1|179.00|26.85|2008-12-03 08:06:40
146830|170046|14493|23174|5528|2176|2|968.00|145.20|2008-12-16 08:23:26
146831|170046|14493|16229|5528|2168|4|1936.00|290.40|2008-12-08 08:23:56
146917|170134|43632|36107|8533|2171|3|885.00|132.75|2008-12-11 09:42:50
146985|170209|21901|5992|6069|2171|2|64.00|9.60|2008-12-11 10:53:47
147849|171175|32041|35569|2181|2174|1|384.00|57.60|2008-12-14 03:10:18
147979|171350|42996|19419|3104|2164|2|582.00|87.30|2008-12-04 05:24:25
147997|171374|15387|45041|4746|2170|1|278.00|41.70|2008-12-10 05:51:45
148060|171460|3495|16559|3352|2167|2|766.00|114.90|2008-12-07 07:03:25
148165|171572|40378|17379|1859|2165|4|1540.00|231.00|2008-12-05 09:01:35
148166|171572|40378|13725|1859|2161|1|385.00|57.75|2008-12-01 09:02:26
148248|171685|6697|18146|5432|2177|1|418.00|62.70|2008-12-17 10:33:33
148249|171685|6697|12512|5432|2171|2|836.00|125.40|2008-12-11 10:35:58
148927|172511|25537|18017|2463|2162|2|402.00|60.30|2008-12-02 12:06:50
148928|172511|25537|36159|2463|2184|4|804.00|120.60|2008-12-24 12:09:35
149325|172917|45455|1400|5424|2174|2|418.00|62.70|2008-12-14 07:54:17
149439|173044|36603|39961|6693|2168|3|1080.00|162.00|2008-12-08 10:18:40
149446|173049|20918|2047|1249|2178|1|423.00|63.45|2008-12-18 10:26:34
149599|173204|17532|12083|6034|2190|1|213.00|31.95|2008-12-30 01:27:03
149786|173402|38497|20838|6704|2172|1|66.00|9.90|2008-12-12 04:59:31
150039|173675|28514|29899|3292|2165|1|361.00|54.15|2008-12-05 10:40:29
150040|173675|28514|31446|3292|2167|2|722.00|108.30|2008-12-07 10:42:37
150483|174180|3018|4207|7874|2172|1|307.00|46.05|2008-12-12 07:06:02
150549|174257|15492|13394|3222|2165|1|437.00|65.55|2008-12-05 08:12:37
150885|174626|1657|14418|5920|2172|4|1440.00|216.00|2008-12-12 02:27:36
150966|174741|24534|36771|5744|2170|1|378.00|56.70|2008-12-10 03:52:20
151155|174950|34389|27669|6652|2184|1|112.00|16.80|2008-12-24 08:02:20
151156|174950|34389|19453|6652|2174|2|224.00|33.60|2008-12-14 08:02:21
151346|175217|31388|11024|8024|2176|1|141.00|21.15|2008-12-16 12:01:19
151621|175516|28587|21464|2739|2170|6|1044.00|156.60|2008-12-10 05:20:10
152430|176377|34922|4515|3424|2184|1|299.00|44.85|2008-12-24 09:40:51
152482|176429|24982|5650|5728|2161|2|732.00|109.80|2008-12-01 10:52:22
152945|177001|31503|23412|8314|2172|4|1492.00|223.80|2008-12-12 07:06:46
152986|177056|40691|14346|2382|2170|1|409.00|61.35|2008-12-10 08:04:30
153496|177699|11552|11553|739|2168|1|217.00|32.55|2008-12-08 05:56:54
153954|178247|47819|46037|8754|2186|2|316.00|47.40|2008-12-26 02:36:19
154099|178403|38314|33700|8623|2171|3|1488.00|223.20|2008-12-11 05:03:19
154479|178887|48245|857|2939|2187|2|378.00|56.70|2008-12-27 11:42:46
154487|178897|28668|15251|8372|2165|1|303.00|45.45|2008-12-05 11:49:26
154488|178897|28668|28410|8372|2181|4|1212.00|181.80|2008-12-21 11:49:31
155078|179512|13103|31576|7442|2169|1|127.00|19.05|2008-12-09 11:00:50
155550|180056|36679|8894|4171|2163|1|254.00|38.10|2008-12-03 07:47:03
155706|180269|40112|26024|4825|2171|3|1284.00|192.60|2008-12-11 10:52:55
155806|180387|40148|4309|4746|2170|2|342.00|51.30|2008-12-10 12:48:04
155836|180420|28667|23122|1211|2164|1|127.00|19.05|2008-12-04 01:22:31
155837|180420|28667|20998|1211|2162|2|254.00|38.10|2008-12-02 01:25:02
156149|180777|11659|30974|3563|2166|1|214.00|32.10|2008-12-06 07:28:47
156248|180876|48681|2223|5241|2168|1|500.00|75.00|2008-12-08 09:02:49
156572|181263|9963|22255|7452|2162|4|448.00|67.20|2008-12-02 02:49:04
156574|181263|9963|29625|7452|2171|1|112.00|16.80|2008-12-11 02:49:26
156756|181487|41647|27286|8493|2168|2|392.00|58.80|2008-12-08 06:29:07
156757|181487|41647|24940|8493|2165|1|196.00|29.40|2008-12-05 06:29:34
156811|205123|36155|25442|4751|2182|3|4506.00|675.90|2008-12-22 07:36:40
156812|205123|36155|26503|4751|2183|2|3004.00|450.60|2008-12-23 07:38:55
157343|206191|4748|10859|1969|2165|1|1345.00|201.75|2008-12-05 05:06:12
157395|206298|41491|40975|5576|2165|1|1194.00|179.10|2008-12-05 06:18:38
157584|206655|13213|31556|3665|2172|4|8036.00|1205.40|2008-12-12 09:59:37
157585|206655|13213|35281|3665|2177|1|2009.00|301.35|2008-12-17 10:00:45
157586|206655|13213|47394|3665|2191|2|4018.00|602.70|2008-12-31 10:01:25
157873|207252|26211|8478|4443|2167|1|627.00|94.05|2008-12-07 03:11:56
158021|207584|21877|33350|362|2163|2|830.00|124.50|2008-12-03 06:14:48
158118|207782|12330|36940|5504|2175|1|1378.00|206.70|2008-12-15 08:00:27
158402|208339|19664|24022|5109|2174|2|1264.00|189.60|2008-12-14 01:25:37
158416|208366|35291|13733|1208|2176|2|2126.00|318.90|2008-12-16 01:41:32
158545|208615|949|6126|7788|2162|2|2624.00|393.60|2008-12-02 04:15:05
158762|209079|14656|9878|3358|2161|3|2052.00|307.80|2008-12-01 08:25:00
158763|209079|14656|27250|3358|2182|1|684.00|102.60|2008-12-22 08:25:18
158902|209350|34011|2718|8024|2166|1|2446.00|366.90|2008-12-06 11:08:11
158903|209350|34011|14204|8024|2180|2|4892.00|733.80|2008-12-20 11:08:12
158989|209496|36947|551|7192|2182|2|2660.00|399.00|2008-12-22 12:40:47
159019|209558|29606|1053|8487|2171|2|1874.00|281.10|2008-12-11 01:02:54
159168|209822|14175|33565|2463|2165|1|1398.00|209.70|2008-12-05 04:08:21
159169|209822|14175|46714|2463|2181|2|2796.00|419.40|2008-12-21 04:09:25
159276|210572|25645|11851|7824|2167|2|4808.00|721.20|2008-12-07 06:21:47
159869|211576|16139|86|3601|2169|2|3784.00|567.60|2008-12-09 06:19:59
159870|211576|16139|7883|3601|2178|1|1892.00|283.80|2008-12-18 06:20:43
159871|211576|16139|9278|3601|2180|4|7568.00|1135.20|2008-12-20 06:21:53
160077|211962|17456|16219|1265|2161|2|3668.00|550.20|2008-12-01 10:36:21
160121|212055|12308|4556|2930|2182|1|1566.00|234.90|2008-12-22 11:34:05
160237|212269|39449|42700|2873|2170|2|3282.00|492.30|2008-12-10 01:38:43
160980|213666|621|97|2768|2171|1|1194.00|179.10|2008-12-11 03:47:51
161165|214062|20902|7158|6057|2172|1|592.00|88.80|2008-12-12 07:10:49
161257|214234|7058|36218|2793|2179|1|1350.00|202.50|2008-12-19 08:45:09
161325|214343|43320|15708|5553|2189|1|1861.00|279.15|2008-12-29 10:11:10
161624|214927|47725|14693|6054|2175|2|4966.00|744.90|2008-12-15 04:23:19
161675|215021|21381|8349|4834|2161|1|773.00|115.95|2008-12-01 05:26:33
161864|215390|49522|7561|6069|2172|2|3456.00|518.40|2008-12-12 09:01:14
161865|215390|49522|21032|6069|2188|1|1728.00|259.20|2008-12-28 09:05:46
161866|215390|49522|21505|6069|2188|3|5184.00|777.60|2008-12-28 09:05:59
161955|215568|7168|5321|7406|2169|2|4030.00|604.50|2008-12-09 10:46:59
162637|216802|40368|31707|8645|2190|2|1222.00|183.30|2008-12-30 12:07:47
162907|217288|36448|6615|4343|2163|2|3096.00|464.40|2008-12-03 05:09:54
163002|217511|49234|42845|1451|2182|1|1053.00|157.95|2008-12-22 07:09:07
163014|217532|5373|14561|4277|2164|1|1254.00|188.10|2008-12-04 07:16:00
163015|217532|5373|30115|4277|2183|2|2508.00|376.20|2008-12-23 07:17:21
163277|218011|36329|20906|4256|2174|1|1344.00|201.60|2008-12-14 12:03:54
163287|218034|41855|21800|3292|2165|1|1507.00|226.05|2008-12-05 12:22:00
163717|218799|21623|36724|3745|2172|4|9176.00|1376.40|2008-12-12 07:49:58
163940|219221|4856|2073|2575|2167|1|1509.00|226.35|2008-12-07 12:03:09
163983|219308|21138|27152|5699|2170|1|874.00|131.10|2008-12-10 12:47:20
163988|219314|35126|9746|3131|2167|1|2376.00|356.40|2008-12-07 12:52:41
164353|219942|2196|17171|5145|2175|1|2183.00|327.45|2008-12-15 08:05:06
164989|221193|18012|21572|6813|2174|1|499.00|74.85|2008-12-14 08:07:36
164992|221198|25964|16448|6867|2165|2|2590.00|388.50|2008-12-05 08:08:52
165456|222073|20374|32899|1468|2172|1|1558.00|233.70|2008-12-12 04:57:38
165457|222073|20374|35011|1468|2175|3|4674.00|701.10|2008-12-15 04:58:00
166158|223422|17471|4382|6034|2179|2|1474.00|221.10|2008-12-19 06:12:51
166159|223422|17471|7243|6034|2182|1|737.00|110.55|2008-12-22 06:12:57
166248|223572|27919|33665|6359|2183|2|2210.00|331.50|2008-12-23 08:16:27
166249|223572|27919|24737|6359|2172|1|1105.00|165.75|2008-12-12 08:18:15
166319|223711|49897|31979|187|2176|1|1671.00|250.65|2008-12-16 09:30:40
166630|224287|978|15870|6356|2170|1|769.00|115.35|2008-12-10 03:33:01
166737|224497|12263|4297|2424|2168|4|4140.00|621.00|2008-12-08 05:53:56
167028|225101|17967|30592|2375|2161|4|5756.00|863.40|2008-12-01 10:55:43
168521|228012|37840|32581|2691|2178|1|1494.00|224.10|2008-12-18 04:50:11
169306|229483|2902|26084|3260|2186|2|2732.00|409.80|2008-12-26 09:10:27
169619|230047|5894|42083|3253|2181|1|1294.00|194.10|2008-12-21 02:47:56
169862|230560|3382|10892|1287|2168|2|3918.00|587.70|2008-12-08 07:54:21
169863|230560|3382|22325|1287|2181|1|1959.00|293.85|2008-12-21 07:56:15
170003|230837|49285|30527|1824|2184|1|1410.00|211.50|2008-12-24 10:14:12
170005|230837|49285|15868|1824|2167|4|5640.00|846.00|2008-12-07 10:20:39
170163|231128|29069|26553|8681|2168|3|3588.00|538.20|2008-12-08 01:01:57
170204|231204|13367|4927|3689|2172|1|1392.00|208.80|2008-12-12 01:03:30
170227|231263|32955|41250|6652|2187|1|1601.00|240.15|2008-12-27 01:04:09
170228|231263|32955|34435|6652|2179|2|3202.00|480.30|2008-12-19 01:04:11
170348|231487|16778|15739|3417|2161|3|2943.00|441.45|2008-12-01 01:08:24
170349|231487|16778|16402|3417|2162|2|1962.00|294.30|2008-12-02 01:08:25
170392|231577|25595|24717|6176|2173|2|1944.00|291.60|2008-12-13 01:09:39
170581|231940|5868|17411|5102|2162|3|1911.00|286.65|2008-12-02 01:17:15
170593|231964|5563|2870|2463|2179|2|4370.00|655.50|2008-12-19 01:17:28
170845|232432|32322|30527|575|2170|1|1337.00|200.55|2008-12-10 01:27:31
170896|232543|6021|38599|5102|2170|1|544.00|81.60|2008-12-10 01:29:08
171090|232921|15913|43420|2793|2187|1|1200.00|180.00|2008-12-27 01:36:26
171091|232921|15913|31997|2793|2173|2|2400.00|360.00|2008-12-13 01:36:28
171124|232984|12595|39414|6194|2188|1|1735.00|260.25|2008-12-28 01:37:55
171156|233038|3061|30554|6533|2182|2|976.00|146.40|2008-12-22 01:39:05
171393|233510|45359|24826|2358|2175|2|1204.00|180.60|2008-12-15 01:47:52
171396|233515|34731|10851|1208|2169|1|1255.00|188.25|2008-12-09 01:47:54
171413|233548|38871|1522|5061|2167|4|9064.00|1359.60|2008-12-07 01:48:42
171574|233905|744|31402|5277|2167|2|4040.00|606.00|2008-12-07 01:54:22
171575|233905|744|45329|5277|2184|4|8080.00|1212.00|2008-12-24 01:54:22
171930|234517|22057|36914|6827|2161|1|2039.00|305.85|2008-12-01 02:07:49
172038|234687|42507|36405|245|2176|1|2171.00|325.65|2008-12-16 02:11:45
172124|234815|40752|14264|2667|2186|3|3732.00|559.80|2008-12-26 02:14:50
172125|234815|40752|4315|2667|2174|1|1244.00|186.60|2008-12-14 02:14:52
172214|235015|2359|632|1131|2180|1|674.00|101.10|2008-12-20 02:17:49
172301|235218|3390|23281|2424|2176|1|2343.00|351.45|2008-12-16 02:20:51
172365|235329|28164|26841|1712|2186|2|3156.00|473.40|2008-12-26 02:23:32
