227|237|9011|17619|2969|2162|1|48.00|7.20|2008-12-02 05:43:44
228|237|9011|30922|2969|2178|3|144.00|21.60|2008-12-18 05:48:52
278|281|43774|33154|4491|2170|1|209.00|31.35|2008-12-10 02:58:07
492|493|29029|7877|8059|2184|3|678.00|101.70|2008-12-24 06:12:06
719|744|31500|19283|7429|2166|1|38.00|5.70|2008-12-06 06:50:28
720|744|31500|16040|7429|2162|4|152.00|22.80|2008-12-02 06:55:08
1329|1399|8021|33197|1893|2165|3|474.00|71.10|2008-12-05 10:40:01
1406|1485|2200|22594|632|2161|2|104.00|15.60|2008-12-01 03:54:09
1480|1562|14707|24921|1287|2181|1|91.00|13.65|2008-12-21 09:47:03
1586|1698|13457|10661|518|2163|2|354.00|53.10|2008-12-03 05:40:58
1675|1776|47598|15259|5553|2161|1|197.00|29.55|2008-12-01 10:52:04
1676|1776|47598|23405|5553|2171|2|394.00|59.10|2008-12-11 10:52:32
1848|1968|38439|18304|6010|2170|4|472.00|70.80|2008-12-10 09:21:34
1849|1968|38439|11710|6010|2163|2|236.00|35.40|2008-12-03 09:28:28
1937|2081|4450|5663|8681|2164|1|83.00|12.45|2008-12-04 01:39:19
2187|2355|36741|27622|4489|2165|1|64.00|9.60|2008-12-05 05:11:02
2484|2656|2508|32853|3615|2177|1|73.00|10.95|2008-12-17 08:44:07
2543|2727|17964|4382|6034|2179|1|78.00|11.70|2008-12-19 11:29:13
2544|2727|17964|5535|6034|2180|2|156.00|23.40|2008-12-20 11:33:32
2652|2854|36460|32934|4479|2162|1|132.00|19.80|2008-12-02 04:06:56
2653|2854|36460|33863|4479|2163|2|264.00|39.60|2008-12-03 04:07:52
2895|3086|13367|9905|4847|2171|2|306.00|45.90|2008-12-11 04:23:58
2896|3086|13367|10374|4847|2172|4|612.00|91.80|2008-12-12 04:24:16
2897|3086|13367|22450|4847|2186|1|153.00|22.95|2008-12-26 04:25:29
3417|3697|38455|27566|4019|2164|2|336.00|50.40|2008-12-04 03:53:32
3486|3764|41621|28377|4984|2175|2|462.00|69.30|2008-12-15 06:19:21
3487|3764|41621|21605|4984|2166|1|231.00|34.65|2008-12-06 06:22:37
3517|3794|29634|16377|22|2167|1|227.00|34.05|2008-12-07 07:38:46
3588|3874|31484|5072|655|2162|1|236.00|35.40|2008-12-02 10:51:05
3632|3920|4768|35628|5917|2183|2|382.00|57.30|2008-12-23 12:07:52
3633|3920|4768|26593|5917|2172|4|764.00|114.60|2008-12-12 12:11:48
3634|3920|4768|34369|5917|2182|1|191.00|28.65|2008-12-22 12:15:03
3906|4204|31075|29976|5301|2177|1|117.00|17.55|2008-12-17 11:27:55
4149|4455|21987|11294|1284|2175|3|282.00|42.30|2008-12-15 09:17:06
4150|4455|21987|11829|1284|2176|2|188.00|28.20|2008-12-16 09:18:48
4312|4659|16660|15419|4531|2182|2|428.00|64.20|2008-12-22 03:55:24
4313|4659|16660|6103|4531|2171|1|214.00|32.10|2008-12-11 03:55:26
4755|5118|25733|6905|6011|2168|1|102.00|15.30|2008-12-08 08:08:34
4927|5285|32410|19126|3372|2180|2|260.00|39.00|2008-12-20 02:18:12
4928|5285|32410|18142|3372|2179|4|520.00|78.00|2008-12-19 02:29:29
5117|5499|45149|21251|375|2172|2|478.00|71.70|2008-12-12 08:44:25
6338|6891|29094|45035|5885|2188|1|215.00|32.25|2008-12-28 02:49:53
6404|6962|43788|6941|83|2161|1|81.00|12.15|2008-12-01 05:08:34
6445|7004|8731|20831|2947|2167|2|134.00|20.10|2008-12-07 06:21:22
6446|7004|8731|23647|2947|2170|1|67.00|10.05|2008-12-10 06:26:15
6781|7371|16951|12797|5281|2164|2|486.00|72.90|2008-12-04 05:52:39
6987|7587|9016|1817|1489|2166|2|340.00|51.00|2008-12-06 01:02:36
7131|7735|4388|6197|2308|2166|1|100.00|15.00|2008-12-06 05:07:01
7132|7735|4388|20675|2308|2183|2|200.00|30.00|2008-12-23 05:07:43
7357|7964|30833|13946|3352|2178|2|98.00|14.70|2008-12-18 12:03:21
7704|8320|7331|41958|3768|2169|1|48.00|7.20|2008-12-09 10:16:13
8065|8676|45185|11723|3950|2190|1|108.00|16.20|2008-12-30 09:53:32
8149|8763|28875|30790|925|2169|1|93.00|13.95|2008-12-09 12:14:55
8151|8763|28875|28267|925|2166|3|279.00|41.85|2008-12-06 12:19:08
8163|8772|48318|29330|1445|2168|2|246.00|36.90|2008-12-08 12:42:30
8217|8827|9526|460|4343|2164|2|88.00|13.20|2008-12-04 02:16:21
8341|8964|21532|35342|8620|2182|1|59.00|8.85|2008-12-22 05:41:17
8429|9060|7652|14625|8475|2176|1|84.00|12.60|2008-12-16 07:54:37
8461|9100|33001|12751|7845|2176|1|142.00|21.30|2008-12-16 08:43:36
8462|9100|33001|15978|7845|2180|2|284.00|42.60|2008-12-20 08:44:48
8465|9106|29420|11644|1712|2184|2|420.00|63.00|2008-12-24 08:47:53
8466|9106|29420|6300|1712|2178|1|210.00|31.50|2008-12-18 08:50:32
8483|9125|44659|35052|5099|2187|2|222.00|33.30|2008-12-27 09:20:45
8484|9125|44659|16274|5099|2164|3|333.00|49.95|2008-12-04 09:22:27
8485|9125|44659|22854|5099|2172|1|111.00|16.65|2008-12-12 09:24:14
8551|9224|21430|12969|1445|2169|4|420.00|63.00|2008-12-09 11:26:55
8584|9270|2732|35519|8754|2181|4|984.00|147.60|2008-12-21 12:30:54
8585|9270|2732|24417|8754|2168|1|246.00|36.90|2008-12-08 12:34:20
9194|9950|5628|13350|5280|2169|2|260.00|39.00|2008-12-09 04:52:48
9317|10086|38395|16872|3588|2166|2|222.00|33.30|2008-12-06 07:41:19
9452|10248|28729|17815|6395|2167|2|314.00|47.10|2008-12-07 11:23:04
9595|10386|24917|8127|5301|2180|1|145.00|21.75|2008-12-20 03:20:22
9610|10408|20333|45143|4479|2172|4|480.00|72.00|2008-12-12 03:50:46
9787|10617|11925|4646|1453|2174|3|393.00|58.95|2008-12-14 07:56:57
10075|10978|14278|44823|6630|2164|2|88.00|13.20|2008-12-04 02:10:03
10076|10978|14278|42322|6630|2161|1|44.00|6.60|2008-12-01 02:10:13
10227|11149|40527|13415|3320|2166|1|167.00|25.05|2008-12-06 06:17:59
10701|11629|8046|3008|1208|2171|1|237.00|35.55|2008-12-11 06:44:35
10702|11629|8046|5750|1208|2174|2|474.00|71.10|2008-12-14 06:50:36
10848|11781|49112|32497|7670|2173|1|249.00|37.35|2008-12-13 10:44:28
10946|11866|34859|8454|5324|2161|1|156.00|23.40|2008-12-01 01:27:21
11104|12048|9083|45631|7581|2177|4|620.00|93.00|2008-12-17 05:29:50
11176|12129|19933|33067|4286|2179|2|342.00|51.30|2008-12-19 07:14:02
11181|12132|16564|1687|305|2162|2|84.00|12.60|2008-12-02 07:22:55
11314|12266|489|14243|6623|2165|2|58.00|8.70|2008-12-05 10:47:08
11449|12398|23073|84|4315|2172|2|120.00|18.00|2008-12-12 02:15:55
11690|12632|48515|26233|5287|2162|3|456.00|68.40|2008-12-02 07:52:38
11718|12665|2487|21657|2739|2175|1|92.00|13.80|2008-12-15 08:25:53
11905|12873|83|35704|7490|2178|1|204.00|30.60|2008-12-18 01:02:47
12155|13128|29497|36184|2866|2173|1|181.00|27.15|2008-12-13 06:24:09
12157|13132|35638|23351|6047|2165|2|264.00|39.60|2008-12-05 06:27:37
12239|13216|22476|20106|3745|2174|2|454.00|68.10|2008-12-14 08:30:08
12661|13683|20472|12495|6109|2171|2|412.00|61.80|2008-12-11 06:13:51
12677|13702|43717|19585|304|2168|1|102.00|15.30|2008-12-08 06:38:23
12678|13702|43717|17732|304|2166|2|204.00|30.60|2008-12-06 06:38:36
12836|13838|3550|18626|5297|2168|4|684.00|102.60|2008-12-08 10:06:36
13272|14334|8328|8010|6726|2182|4|484.00|72.60|2008-12-22 08:04:04
13425|14532|10408|31104|3873|2183|1|154.00|23.10|2008-12-23 11:35:27
14242|15391|27534|21436|7604|2183|2|348.00|52.20|2008-12-23 05:05:14
14244|15391|27534|4531|7604|2163|3|522.00|78.30|2008-12-03 05:06:41
14366|15534|3466|11341|7610|2166|1|115.00|17.25|2008-12-06 08:02:06
14405|15582|19082|17173|2151|2181|6|1488.00|223.20|2008-12-21 09:03:24
14743|15937|43752|6263|5513|2163|1|204.00|30.60|2008-12-03 04:19:36
14744|15937|43752|6233|5513|2163|4|816.00|122.40|2008-12-03 04:19:59
14745|15937|43752|11787|5513|2170|2|408.00|61.20|2008-12-10 04:20:06
14863|16083|49973|9563|3551|2161|2|96.00|14.40|2008-12-01 06:56:07
14864|16083|49973|11505|3551|2163|1|48.00|7.20|2008-12-03 06:56:24
15242|16497|8683|19693|5556|2175|1|214.00|32.10|2008-12-15 03:27:54
15901|17192|41202|15351|807|2169|4|116.00|17.40|2008-12-09 05:11:04
16192|17488|14887|43601|2272|2173|2|336.00|50.40|2008-12-13 11:21:22
16854|18224|10312|67|6350|2165|1|220.00|33.00|2008-12-05 01:04:43
17001|18372|36047|29695|4847|2166|4|972.00|145.80|2008-12-06 04:30:46
17002|18372|36047|35124|4847|2173|1|243.00|36.45|2008-12-13 04:31:35
17034|18409|14708|28932|1451|2181|1|186.00|27.90|2008-12-21 05:10:35
17275|18724|25489|5359|2041|2175|2|112.00|16.80|2008-12-15 10:00:19
17315|18770|27837|22831|2382|2182|2|174.00|26.10|2008-12-22 10:37:26
17454|18934|19965|19931|6664|2166|1|242.00|36.30|2008-12-06 01:13:21
17534|19018|14718|11945|7213|2177|4|648.00|97.20|2008-12-17 02:33:53
17792|19307|16590|32394|6242|2168|1|162.00|24.30|2008-12-08 07:42:54
18267|19781|44985|25481|3576|2168|2|458.00|68.70|2008-12-08 04:50:38
18681|20248|39317|46884|8593|2164|1|206.00|30.90|2008-12-04 12:34:54
18685|20255|11731|46394|5744|2175|1|157.00|23.55|2008-12-15 12:38:32
18762|20335|36569|17839|6010|2172|2|114.00|17.10|2008-12-12 02:02:01
18901|20482|19786|11088|4954|2170|2|444.00|66.60|2008-12-10 05:04:24
18956|20528|14878|7592|1824|2167|2|96.00|14.40|2008-12-07 06:00:48
18957|20528|14878|17059|1824|2178|1|48.00|7.20|2008-12-18 06:01:45
19420|21018|7134|48983|7023|2180|4|84.00|12.60|2008-12-20 02:37:02
19927|21574|39848|39001|4315|2174|1|45.00|6.75|2008-12-14 12:22:32
19928|21574|39848|48447|4315|2186|2|90.00|13.50|2008-12-26 12:23:28
20457|22188|39720|28943|1877|2162|3|240.00|36.00|2008-12-02 10:01:49
20495|22239|25170|14156|4144|2162|1|20.00|3.00|2008-12-02 10:44:18
20496|22239|25170|15199|4144|2164|2|40.00|6.00|2008-12-04 10:46:51
20675|22469|7279|12440|5599|2176|2|222.00|33.30|2008-12-16 01:56:13
20684|22481|15896|19541|7610|2176|4|656.00|98.40|2008-12-16 02:18:22
20975|22813|42660|17575|7184|2161|2|74.00|11.10|2008-12-01 07:17:47
21008|22848|26876|890|2575|2165|1|25.00|3.75|2008-12-05 08:03:35
21009|22848|26876|37|2575|2164|3|75.00|11.25|2008-12-04 08:04:01
21306|23240|7043|35461|5550|2187|4|404.00|60.60|2008-12-27 02:07:18
21307|23240|7043|25846|5550|2176|1|101.00|15.15|2008-12-16 02:08:16
21359|23283|14143|37743|6813|2169|1|211.00|31.65|2008-12-09 02:59:07
21412|23334|47471|39745|8729|2176|2|372.00|55.80|2008-12-16 03:56:41
21430|23353|24638|17142|5297|2161|2|54.00|8.10|2008-12-01 04:17:30
21590|23509|14043|26551|3768|2166|1|194.00|29.10|2008-12-06 07:31:37
21591|23511|35619|27958|8059|2171|4|192.00|28.80|2008-12-11 07:33:31
21592|23511|35619|20890|8059|2163|2|96.00|14.40|2008-12-03 07:33:59
21593|23512|13245|19438|3358|2169|1|134.00|20.10|2008-12-09 07:34:05
22283|24173|28800|14439|5633|2167|2|378.00|56.70|2008-12-07 08:37:10
22317|24214|12904|26653|1440|2166|2|348.00|52.20|2008-12-06 09:11:58
22318|24214|12904|30614|1440|2171|1|174.00|26.10|2008-12-11 09:12:31
22350|24243|7278|27697|4485|2163|1|118.00|17.70|2008-12-03 09:47:44
22486|24390|9228|33695|6724|2169|1|59.00|8.85|2008-12-09 11:59:34
22699|24659|18911|23633|187|2180|2|66.00|9.90|2008-12-20 03:48:14
22961|24979|18477|24299|6178|2180|1|218.00|32.70|2008-12-20 08:38:02
23074|25133|9246|27704|6827|2165|2|498.00|74.70|2008-12-05 10:46:37
23216|25294|43019|25849|6242|2163|2|52.00|7.80|2008-12-03 01:32:11
23300|25417|34132|9991|3991|2167|4|240.00|36.00|2008-12-07 03:03:14
23324|25445|17637|19721|6000|2164|1|197.00|29.55|2008-12-04 03:24:26
23325|25445|17637|22454|6000|2167|2|394.00|59.10|2008-12-07 03:25:45
23326|25445|17637|25098|6000|2171|4|788.00|118.20|2008-12-11 03:25:46
23709|25924|33036|15257|6693|2178|4|336.00|50.40|2008-12-18 10:26:51
23710|25924|33036|13533|6693|2176|1|84.00|12.60|2008-12-16 10:28:51
23730|25952|21770|4447|5400|2184|1|52.00|7.80|2008-12-24 10:45:00
23879|26121|40669|15193|5289|2162|3|249.00|37.35|2008-12-02 01:23:22
24156|26442|15813|14864|6146|2169|4|784.00|117.60|2008-12-09 06:23:13
24232|26551|48813|11790|5348|2174|4|720.00|108.00|2008-12-14 07:46:24
24339|26662|47182|3333|5513|2176|1|119.00|17.85|2008-12-16 10:04:55
24461|26786|11618|27419|1256|2170|3|543.00|81.45|2008-12-10 12:39:07
24591|26948|4180|37530|1024|2168|1|216.00|32.40|2008-12-08 02:58:06
25150|27532|49290|3745|560|2164|4|612.00|91.80|2008-12-04 01:45:03
25403|27817|1241|28241|142|2185|2|152.00|22.80|2008-12-25 06:27:48
25404|27817|1241|29728|142|2187|1|76.00|11.40|2008-12-27 06:28:30
25405|27817|1241|30205|142|2188|4|304.00|45.60|2008-12-28 06:29:21
25590|27997|27540|20121|7104|2170|3|270.00|40.50|2008-12-10 10:13:23
25591|27997|27540|21758|7104|2172|1|90.00|13.50|2008-12-12 10:15:15
25680|28106|42383|28673|5552|2175|2|168.00|25.20|2008-12-15 12:11:50
25843|28277|38980|28163|2463|2161|2|72.00|10.80|2008-12-01 03:23:45
26245|28654|45604|8221|3331|2173|3|456.00|68.40|2008-12-13 11:12:16
26591|29018|28098|16981|1876|2170|2|442.00|66.30|2008-12-10 06:10:19
26592|29018|28098|14827|1876|2167|1|221.00|33.15|2008-12-07 06:10:58
26789|29210|4949|11068|7456|2162|4|320.00|48.00|2008-12-02 10:07:32
26815|29229|21789|29756|5513|2165|1|210.00|31.50|2008-12-05 10:34:54
26856|29274|26931|8375|5553|2190|2|256.00|38.40|2008-12-30 11:23:21
26926|29352|16881|2272|1594|2189|2|344.00|51.60|2008-12-29 12:55:00
27123|29575|11928|20815|5965|2165|2|478.00|71.70|2008-12-05 04:22:34
27218|29687|22789|26816|6194|2172|1|50.00|7.50|2008-12-12 06:17:00
27886|30433|49197|16248|1468|2164|2|458.00|68.70|2008-12-04 06:47:21
28201|30760|34218|28652|2424|2162|1|341.00|51.15|2008-12-02 01:06:07
28280|30854|49683|7525|4984|2174|1|294.00|44.10|2008-12-14 02:29:48
28376|30976|40880|30432|4256|2175|1|290.00|43.50|2008-12-15 03:57:19
28398|30995|18990|1663|3632|2165|1|129.00|19.35|2008-12-05 04:19:51
28843|31548|32708|40731|6531|2175|2|246.00|36.90|2008-12-15 01:14:40
28961|31702|30715|5473|1418|2178|1|30.00|4.50|2008-12-18 03:26:42
28995|31740|26443|25013|1940|2172|4|948.00|142.20|2008-12-12 03:56:29
29069|31837|31055|6328|1261|2170|3|60.00|9.00|2008-12-10 05:27:16
29678|32544|1275|28652|2206|2175|1|212.00|31.80|2008-12-15 05:27:58
29762|32648|8371|20937|83|2164|1|209.00|31.35|2008-12-04 07:06:55
29782|32679|11879|2830|3555|2165|4|600.00|90.00|2008-12-05 07:25:29
29783|32679|11879|6246|3555|2169|1|150.00|22.50|2008-12-09 07:26:43
30273|33216|32284|27143|2181|2163|1|140.00|21.00|2008-12-03 04:23:59
30483|33485|3600|972|5728|2184|1|297.00|44.55|2008-12-24 08:12:49
30645|33697|7406|46358|5187|2164|1|321.00|48.15|2008-12-04 11:26:45
30646|33697|7406|46982|5187|2165|2|642.00|96.30|2008-12-05 11:27:15
30738|33812|39339|18253|1859|2175|1|235.00|35.25|2008-12-15 01:17:47
30739|33812|39339|10787|1859|2166|2|470.00|70.50|2008-12-06 01:20:51
30783|33873|26770|30077|3588|2175|1|175.00|26.25|2008-12-15 02:03:05
30867|33995|8396|3448|591|2163|4|488.00|73.20|2008-12-03 03:20:42
30993|34129|29973|21968|3745|2166|1|293.00|43.95|2008-12-06 05:45:31
30994|34129|29973|34085|3745|2180|3|879.00|131.85|2008-12-20 05:49:35
31029|34152|25466|43584|3944|2179|4|1320.00|198.00|2008-12-19 06:25:53
31235|34408|18516|19621|5916|2189|1|296.00|44.40|2008-12-29 10:21:43
31236|34408|18516|14732|5916|2183|4|1184.00|177.60|2008-12-23 10:24:32
31252|34430|18741|11268|3420|2166|1|123.00|18.45|2008-12-06 10:45:59
31335|34548|29576|4912|4428|2169|2|222.00|33.30|2008-12-09 12:27:38
31355|34570|13125|18992|4807|2169|1|325.00|48.75|2008-12-09 01:10:05
31356|34570|13125|12848|4807|2162|4|1300.00|195.00|2008-12-02 01:10:16
32935|36380|26754|40708|3588|2174|2|314.00|47.10|2008-12-14 06:23:45
32936|36380|26754|33551|3588|2166|4|628.00|94.20|2008-12-06 06:27:12
33294|36774|23836|23026|5917|2162|2|678.00|101.70|2008-12-02 01:38:19
33295|36774|23836|21908|5917|2161|1|339.00|50.85|2008-12-01 01:38:32
33412|36915|31869|14089|4434|2169|1|333.00|49.95|2008-12-09 03:38:39
33475|36986|41211|23788|8572|2169|4|828.00|124.20|2008-12-09 04:47:04
33540|37073|10701|48900|3909|2190|2|148.00|22.20|2008-12-30 06:03:07
33639|37189|25230|14744|106|2185|2|156.00|23.40|2008-12-25 07:59:03
33652|37200|46427|29470|5061|2177|4|716.00|107.40|2008-12-17 08:08:43
34232|37870|14180|17730|1453|2166|2|236.00|35.40|2008-12-06 06:00:28
34233|37870|14180|22162|1453|2171|3|354.00|53.10|2008-12-11 06:01:16
34330|38007|8512|12201|6728|2162|2|40.00|6.00|2008-12-02 07:55:44
34655|38401|14958|39622|5102|2165|2|102.00|15.30|2008-12-05 02:34:55
34899|38689|40924|10957|899|2164|4|244.00|36.60|2008-12-04 07:09:42
35038|38839|31988|2205|5513|2183|2|536.00|80.40|2008-12-23 09:40:08
35075|38881|29154|23357|2648|2170|3|303.00|45.45|2008-12-10 10:27:25
35510|39443|43161|20462|3175|2171|2|140.00|21.00|2008-12-11 06:52:37
35626|39567|40134|6657|473|2166|2|498.00|74.70|2008-12-06 09:17:36
36396|40500|18344|22819|3563|2187|2|374.00|56.10|2008-12-27 12:54:10
36397|40500|18344|4235|3563|2165|1|187.00|28.05|2008-12-05 12:55:05
36553|40679|37375|4401|1718|2166|2|270.00|40.50|2008-12-06 03:45:25
36682|40818|8739|45428|6359|2186|2|438.00|65.70|2008-12-26 06:19:13
36683|40818|8739|34052|6359|2172|3|657.00|98.55|2008-12-12 06:19:30
37004|41203|3945|20669|5187|2161|2|676.00|101.40|2008-12-01 01:07:21
37037|41252|30109|43780|1037|2176|2|172.00|25.80|2008-12-16 01:49:32
37124|41352|6960|33050|5776|2175|1|183.00|27.45|2008-12-15 03:21:57
37125|41352|6960|30004|5776|2172|4|732.00|109.80|2008-12-12 03:22:05
37454|41731|40156|15350|245|2186|1|217.00|32.55|2008-12-26 09:25:24
37455|41731|40156|16948|245|2188|2|434.00|65.10|2008-12-28 09:25:40
37985|42312|14673|1353|479|2184|4|1240.00|186.00|2008-12-24 07:59:05
38050|42398|17556|30385|4723|2168|3|837.00|125.55|2008-12-08 09:20:21
38123|42499|46667|11697|6693|2166|2|652.00|97.80|2008-12-06 10:42:42
38154|42538|11613|7856|4751|2175|2|144.00|21.60|2008-12-15 11:20:08
38179|42563|35226|30784|940|2166|1|217.00|32.55|2008-12-06 11:59:49
38187|42576|836|26357|713|2162|1|153.00|22.95|2008-12-02 12:11:44
38520|42944|9943|27843|2671|2161|4|504.00|75.60|2008-12-01 06:40:01
38521|42944|9943|40956|2671|2177|1|126.00|18.90|2008-12-17 06:41:18
38735|43182|42651|44418|4106|2164|2|686.00|102.90|2008-12-04 10:48:57
38811|43272|39771|18096|6724|2163|1|54.00|8.10|2008-12-03 12:24:53
39154|43651|25967|10686|6395|2162|1|256.00|38.40|2008-12-02 07:40:05
39828|44473|3755|21241|282|2179|2|392.00|58.80|2008-12-19 08:07:48
39902|44560|43827|32655|4904|2168|2|368.00|55.20|2008-12-08 09:36:34
40004|44683|27972|26334|7456|2167|2|408.00|61.20|2008-12-07 11:52:20
40006|44686|24833|11190|8059|2166|3|264.00|39.60|2008-12-06 11:53:42
40140|44833|28131|32170|2818|2164|3|546.00|81.90|2008-12-04 02:38:40
40164|44869|40030|38309|6290|2165|1|154.00|23.10|2008-12-05 03:08:45
40444|45239|35928|15611|2151|2180|1|102.00|15.30|2008-12-20 08:06:40
40562|45365|32864|30062|4362|2177|1|80.00|12.00|2008-12-17 10:23:29
40578|45379|35902|5763|1817|2175|1|73.00|10.95|2008-12-15 10:44:42
40740|45569|20627|19779|1019|2172|2|462.00|69.30|2008-12-12 01:39:43
40758|45586|10745|12297|2648|2185|1|283.00|42.45|2008-12-25 02:00:45
40818|45663|36337|14701|2151|2164|1|282.00|42.30|2008-12-04 03:02:08
40819|45663|36337|21147|2151|2172|2|564.00|84.60|2008-12-12 03:02:19
41147|46068|17934|15353|6401|2162|4|1040.00|156.00|2008-12-02 08:34:44
41199|46128|21049|5560|2691|2175|3|747.00|112.05|2008-12-15 09:26:21
41262|46198|3885|7082|5277|2175|3|867.00|130.05|2008-12-15 10:35:44
41282|46222|23756|39350|6430|2173|1|107.00|16.05|2008-12-13 10:51:50
41900|46952|3709|15559|8212|2161|2|172.00|25.80|2008-12-01 10:44:55
42643|47823|5356|25877|2793|2171|1|119.00|17.85|2008-12-11 12:52:57
43071|48352|46256|10146|7354|2166|1|150.00|22.50|2008-12-06 08:48:15
43333|48680|46224|32098|1940|2163|2|128.00|19.20|2008-12-03 01:25:08
43936|49393|45241|9980|4531|2161|1|330.00|49.50|2008-12-01 12:57:27
43948|49405|35000|16368|87|2178|3|162.00|24.30|2008-12-18 01:09:59
44037|49518|44766|334|8314|2170|2|614.00|92.10|2008-12-10 02:47:23
44225|49723|868|7953|7581|2180|8|2328.00|349.20|2008-12-20 06:11:23
44535|50077|47275|21653|7848|2167|2|44.00|6.60|2008-12-07 11:52:15
44536|50077|47275|29198|7848|2177|1|22.00|3.30|2008-12-17 11:56:45
44621|50187|3862|10588|432|2165|2|650.00|97.50|2008-12-05 01:32:21
45282|50956|23487|29181|5553|2182|4|1168.00|175.20|2008-12-22 02:19:11
45283|50956|23487|24793|5553|2176|1|292.00|43.80|2008-12-16 02:19:47
45516|51218|14287|138|7282|2161|1|336.00|50.40|2008-12-01 06:53:13
45659|51397|24996|15405|4143|2165|3|183.00|27.45|2008-12-05 09:35:10
46207|52019|44424|18193|1972|2162|4|100.00|15.00|2008-12-02 08:17:21
46208|52019|44424|19070|1972|2163|2|50.00|7.50|2008-12-03 08:21:00
46264|52072|47065|22790|6176|2170|2|582.00|87.30|2008-12-10 09:37:12
46265|52072|47065|15581|6176|2161|4|1164.00|174.60|2008-12-01 09:37:17
46376|52196|20076|42182|5742|2170|2|274.00|41.10|2008-12-10 11:58:14
46818|52726|20555|22278|8722|2162|1|52.00|7.80|2008-12-02 08:53:57
46865|52799|23885|9775|3615|2178|2|700.00|105.00|2008-12-18 09:44:40
46866|52799|23885|6591|3615|2174|4|1400.00|210.00|2008-12-14 09:45:26
46932|52893|21762|12941|5578|2185|1|208.00|31.20|2008-12-25 11:04:22
46933|52894|48152|1890|807|2164|1|224.00|33.60|2008-12-04 11:06:36
47047|53049|9288|25874|2612|2163|2|562.00|84.30|2008-12-03 01:08:36
47053|53055|33348|1593|367|2169|4|1100.00|165.00|2008-12-09 01:18:35
47124|53134|26273|21730|7148|2169|2|616.00|92.40|2008-12-09 02:37:13
47125|53134|26273|25900|7148|2174|3|924.00|138.60|2008-12-14 02:38:12
47290|53329|32776|2235|1730|2180|1|180.00|27.00|2008-12-20 05:46:07
47291|53329|32776|2922|1730|2181|2|360.00|54.00|2008-12-21 05:46:43
47895|54082|15433|35830|6668|2173|4|212.00|31.80|2008-12-13 05:13:11
47896|54082|15433|29435|6668|2165|1|53.00|7.95|2008-12-05 05:13:44
47913|54109|19901|1062|2100|2173|4|816.00|122.40|2008-12-13 05:34:37
48119|54372|5631|7788|125|2161|4|872.00|130.80|2008-12-01 09:12:36
48120|54372|5631|12980|125|2167|1|218.00|32.70|2008-12-07 09:13:39
48431|54747|16945|16845|989|2176|1|316.00|47.40|2008-12-16 03:58:35
48502|54812|42828|1672|8372|2179|1|40.00|6.00|2008-12-19 05:17:59
48503|54812|42828|12282|8372|2191|2|80.00|12.00|2008-12-31 05:19:56
48625|54943|28680|39749|2999|2163|2|406.00|60.90|2008-12-03 07:38:23
49050|55415|1452|27070|2947|2169|1|65.00|9.75|2008-12-09 03:43:38
49051|55415|1452|40327|2947|2185|2|130.00|19.50|2008-12-25 03:45:02
49088|55459|38186|26417|6000|2161|1|206.00|30.90|2008-12-01 04:22:07
49476|55837|14237|15653|3681|2177|1|116.00|17.40|2008-12-17 12:14:21
49602|55981|20474|27348|7534|2171|1|312.00|46.80|2008-12-11 02:33:13
49781|56192|4090|20148|1594|2179|1|231.00|34.65|2008-12-19 05:53:01
49816|56231|26339|25503|7109|2168|3|171.00|25.65|2008-12-08 06:51:38
50578|57103|34838|44467|7602|2176|2|210.00|31.50|2008-12-16 08:11:31
50602|57125|12066|14277|3745|2169|4|520.00|78.00|2008-12-09 08:30:40
50870|57382|24315|46876|8366|2168|3|600.00|90.00|2008-12-08 01:47:10
50946|57469|4832|3729|6290|2166|4|1324.00|198.60|2008-12-06 03:17:54
51192|57729|24881|26228|8729|2166|2|348.00|52.20|2008-12-06 08:11:13
51652|58291|25951|11740|4783|2166|2|252.00|37.80|2008-12-06 04:51:31
51672|58317|36486|7011|8487|2175|2|188.00|28.20|2008-12-15 05:15:05
51686|58330|345|4993|7217|2176|4|132.00|19.80|2008-12-16 05:29:40
51915|58596|23698|16315|4954|2186|1|388.00|58.20|2008-12-26 09:43:36
51916|58596|23698|18041|4954|2188|2|776.00|116.40|2008-12-28 09:47:01
52454|59194|44270|10098|7244|2168|2|584.00|87.60|2008-12-08 08:16:32
52455|59194|44270|15069|7244|2174|1|292.00|43.80|2008-12-14 08:17:26
52501|59248|17132|25963|6705|2165|6|2130.00|319.50|2008-12-05 09:05:28
52504|59248|17132|23670|6705|2162|1|355.00|53.25|2008-12-02 09:13:01
52838|59625|46701|8672|5689|2167|1|364.00|54.60|2008-12-07 03:15:09
52880|59678|29079|22788|575|2172|2|362.00|54.30|2008-12-12 03:58:45
52933|59748|48248|21087|1750|2168|1|317.00|47.55|2008-12-08 05:02:39
52935|59748|48248|18540|1750|2165|2|634.00|95.10|2008-12-05 05:06:51
52976|59776|814|23346|2435|2165|1|27.00|4.05|2008-12-05 05:49:16
52977|59776|814|28478|2435|2171|2|54.00|8.10|2008-12-11 05:51:01
53127|59938|21997|15445|282|2178|2|326.00|48.90|2008-12-18 09:04:03
53128|59938|21997|10761|282|2172|4|652.00|97.80|2008-12-12 09:04:46
53660|60523|28071|12047|2100|2182|4|96.00|14.40|2008-12-22 07:10:08
54047|60997|8055|3356|5917|2188|2|62.00|9.30|2008-12-28 02:19:03
54250|61190|47167|530|5742|2162|3|1020.00|153.00|2008-12-02 05:53:20
54329|61274|10724|29105|4485|2174|4|1852.00|277.80|2008-12-14 07:32:41
54330|61274|10724|18440|4485|2162|3|1389.00|208.35|2008-12-02 07:34:15
54421|61369|6610|25026|1545|2181|2|308.00|46.20|2008-12-21 09:18:36
54422|61369|6610|15287|1545|2169|1|154.00|23.10|2008-12-09 09:19:10
54971|61966|34005|11906|6644|2163|2|162.00|24.30|2008-12-03 08:24:30
55415|62529|42223|11561|1489|2173|2|266.00|39.90|2008-12-13 06:21:55
55416|62529|42223|26273|1489|2191|4|532.00|79.80|2008-12-31 06:22:12
55477|62591|14877|34713|3411|2170|2|866.00|129.90|2008-12-10 07:26:59
55591|62724|8901|15189|5481|2170|2|52.00|7.80|2008-12-10 10:12:03
55739|62877|18925|27497|2918|2164|2|722.00|108.30|2008-12-04 12:45:46
55767|62912|31550|21699|6995|2172|1|168.00|25.20|2008-12-12 01:22:57
55983|63156|43167|2733|1647|2181|3|690.00|103.50|2008-12-21 05:52:19
56302|63546|5760|5797|1489|2191|2|372.00|55.80|2008-12-31 12:08:14
56363|63629|44554|24436|4031|2175|4|1940.00|291.00|2008-12-15 01:12:43
56431|63741|47104|44593|4840|2170|1|337.00|50.55|2008-12-10 02:15:27
56450|63752|29825|30734|4834|2161|1|111.00|16.65|2008-12-01 02:44:45
56798|64182|37488|13602|6535|2168|1|440.00|66.00|2008-12-08 09:30:34
56892|64303|8359|22771|1353|2174|1|464.00|69.60|2008-12-14 11:36:27
56931|64352|8816|1426|2929|2180|2|452.00|67.80|2008-12-20 12:35:42
57146|64616|43773|20804|1131|2179|4|1768.00|265.20|2008-12-19 01:07:09
57147|64616|43773|6131|1131|2162|2|884.00|132.60|2008-12-02 01:07:09
57175|64651|17180|36183|6562|2163|3|606.00|90.90|2008-12-03 01:08:06
57202|64684|33364|25553|3484|2179|2|826.00|123.90|2008-12-19 01:08:49
57203|64684|33364|20430|3484|2173|1|413.00|61.95|2008-12-13 01:08:58
57331|64846|13880|22904|2554|2163|3|1344.00|201.60|2008-12-03 01:13:55
57479|65007|17387|32411|5699|2164|2|810.00|121.50|2008-12-04 01:19:17
57522|65073|29038|11648|6979|2163|2|768.00|115.20|2008-12-03 01:21:26
57527|65076|23288|11920|8493|2175|2|230.00|34.50|2008-12-15 01:21:35
57736|65356|9971|6428|3632|2171|1|401.00|60.15|2008-12-11 01:29:24
58048|65708|37937|32424|1284|2177|1|358.00|53.70|2008-12-17 01:41:08
58114|65797|4941|8784|1868|2161|1|88.00|13.20|2008-12-01 01:43:27
58206|65891|32436|28422|7845|2166|1|77.00|11.55|2008-12-06 01:46:47
58318|66018|44784|14379|1261|2165|1|201.00|30.15|2008-12-05 01:50:43
58319|66018|44784|31180|1261|2185|3|603.00|90.45|2008-12-25 01:50:50
58512|66254|8181|33603|8735|2164|1|493.00|73.95|2008-12-04 01:58:23
58624|66362|25163|21008|4144|2164|4|1540.00|231.00|2008-12-04 02:03:04
58711|66451|37884|3395|5504|2179|1|400.00|60.00|2008-12-19 02:05:56
59023|66786|36434|33548|4019|2172|2|328.00|49.20|2008-12-12 02:17:02
59025|66786|36434|34512|4019|2173|1|164.00|24.60|2008-12-13 02:17:06
59206|67006|2307|10651|5155|2161|3|1380.00|207.00|2008-12-01 02:24:02
60300|68282|21970|24064|5885|2182|1|56.00|8.40|2008-12-22 03:05:41
60354|68353|14549|12502|5885|2170|2|202.00|30.30|2008-12-10 03:07:27
60491|68511|32451|26779|2960|2171|1|455.00|68.25|2008-12-11 03:13:27
60503|68524|15606|12911|6654|2161|1|487.00|73.05|2008-12-01 03:14:01
61059|69163|26269|41741|7474|2166|1|117.00|17.55|2008-12-06 03:35:17
61077|69178|36169|10266|2308|2177|2|358.00|53.70|2008-12-17 03:35:52
61078|69178|36169|8909|2308|2175|1|179.00|26.85|2008-12-15 03:35:55
61317|69448|24363|8948|2382|2179|3|1140.00|171.00|2008-12-19 03:45:07
61452|69616|17667|5857|5920|2165|1|371.00|55.65|2008-12-05 03:50:32
61696|69923|27015|29617|1122|2162|1|287.00|43.05|2008-12-02 04:00:55
61779|70012|30333|23131|4277|2172|2|490.00|73.50|2008-12-12 04:03:58
61785|70022|29829|28311|5835|2170|2|640.00|96.00|2008-12-10 04:04:03
61786|70022|29829|27314|5835|2169|1|320.00|48.00|2008-12-09 04:04:08
61948|70218|47280|30065|7474|2162|1|489.00|73.35|2008-12-02 04:10:28
62421|70795|35193|20861|6857|2189|2|908.00|136.20|2008-12-29 04:28:12
62483|70876|46314|16438|1940|2166|2|620.00|93.00|2008-12-06 04:30:30
62484|70876|46314|17035|1940|2167|4|1240.00|186.00|2008-12-07 04:30:32
62530|70925|40606|7273|989|2172|4|1684.00|252.60|2008-12-12 04:32:40
62531|70925|40606|6590|989|2171|1|421.00|63.15|2008-12-11 04:32:40
62754|71159|46776|2377|5877|2162|1|181.00|27.15|2008-12-02 04:40:34
62775|71178|17078|12447|3331|2185|4|908.00|136.20|2008-12-25 04:41:24
63047|71456|22339|7809|7485|2179|2|198.00|29.70|2008-12-19 04:51:26
63048|71456|22339|2519|7485|2173|1|99.00|14.85|2008-12-13 04:51:26
63119|71544|35886|12483|1284|2162|1|186.00|27.90|2008-12-02 04:54:30
63310|71746|18796|5293|1730|2174|2|784.00|117.60|2008-12-14 05:00:43
63311|71746|18796|12581|1730|2183|1|392.00|58.80|2008-12-23 05:00:45
63569|72039|2727|33506|6967|2169|1|177.00|26.55|2008-12-09 05:10:20
63761|72249|40521|16585|3354|2169|1|222.00|33.30|2008-12-09 05:16:59
64078|72621|24650|20228|4363|2162|2|244.00|36.60|2008-12-02 05:29:32
64126|72680|19165|44452|349|2181|1|162.00|24.30|2008-12-21 05:31:17
64127|72680|19165|47832|349|2185|2|324.00|48.60|2008-12-25 05:31:19
64131|72683|42868|13119|6885|2173|2|626.00|93.90|2008-12-13 05:31:28
64338|72925|19685|1014|2768|2176|1|307.00|46.05|2008-12-16 05:39:26
64471|73070|36588|41291|5633|2162|3|213.00|31.95|2008-12-02 05:44:24
65162|73893|25890|21539|5550|2168|1|342.00|51.30|2008-12-08 06:09:58
65203|73948|9939|14921|2358|2169|4|496.00|74.40|2008-12-09 06:11:44
65204|73948|9939|30198|2358|2188|2|248.00|37.20|2008-12-28 06:11:44
65409|74190|44055|29678|1594|2167|1|52.00|7.80|2008-12-07 06:19:33
65675|74495|17713|14556|4256|2173|1|55.00|8.25|2008-12-13 06:29:57
65676|74495|17713|4802|4256|2161|2|110.00|16.50|2008-12-01 06:29:58
65677|74495|17713|21492|4256|2181|4|220.00|33.00|2008-12-21 06:29:59
65862|74721|989|6744|8766|2164|2|564.00|84.60|2008-12-04 06:37:24
66182|75097|48006|11010|713|2177|2|814.00|122.10|2008-12-17 06:49:45
66231|75162|35957|40813|1081|2170|2|48.00|7.20|2008-12-10 06:52:02
66824|75859|1054|17662|6957|2174|1|377.00|56.55|2008-12-14 07:12:46
66825|75859|1054|24621|6957|2182|2|754.00|113.10|2008-12-22 07:12:51
66877|75908|12838|21133|1261|2187|1|398.00|59.70|2008-12-27 07:14:40
66878|75908|12838|3732|1261|2166|4|1592.00|238.80|2008-12-06 07:14:41
66976|76034|37470|17372|8521|2161|1|42.00|6.30|2008-12-01 07:18:20
66977|76034|37470|24979|8521|2170|4|168.00|25.20|2008-12-10 07:18:22
66994|76049|30883|1438|4428|2176|4|1624.00|243.60|2008-12-16 07:18:49
67089|76150|7997|12690|2151|2164|1|43.00|6.45|2008-12-04 07:22:20
67090|76150|7997|14735|2151|2166|4|172.00|25.80|2008-12-06 07:22:21
67374|76516|26019|23903|4362|2163|2|378.00|56.70|2008-12-03 07:33:58
67375|76516|26019|27212|4362|2167|1|189.00|28.35|2008-12-07 07:34:04
67376|76516|26019|32453|4362|2173|4|756.00|113.40|2008-12-13 07:34:05
67568|76741|30830|18467|1284|2179|2|850.00|127.50|2008-12-19 07:41:06
67652|76838|2704|46744|3989|2171|3|1233.00|184.95|2008-12-11 07:44:03
67672|76871|3802|21221|7213|2175|3|1152.00|172.80|2008-12-15 07:45:13
67673|76871|3802|21121|7213|2175|1|384.00|57.60|2008-12-15 07:45:15
67674|76871|3802|16966|7213|2170|2|768.00|115.20|2008-12-10 07:45:15
67841|77047|14626|25790|3358|2183|3|330.00|49.50|2008-12-23 07:51:53
67963|77183|3070|19088|7354|2173|2|62.00|9.30|2008-12-13 07:56:51
67967|77187|19169|12618|347|2161|1|455.00|68.25|2008-12-01 07:56:58
68149|77410|26369|26153|7960|2161|2|134.00|20.10|2008-12-01 08:03:08
68283|77590|30048|12110|3563|2174|4|1340.00|201.00|2008-12-14 08:07:37
68335|77660|14164|27691|6109|2161|4|236.00|35.40|2008-12-01 08:09:39
68590|77969|11720|10787|2100|2180|2|958.00|143.70|2008-12-20 08:18:03
68749|78172|81|33133|4086|2174|2|582.00|87.30|2008-12-14 08:24:28
69194|78684|30516|28772|8372|2173|1|333.00|49.95|2008-12-13 08:40:29
69254|78772|39351|38907|7289|2178|4|1420.00|213.00|2008-12-18 08:43:05
69336|78882|307|11660|6704|2180|4|1080.00|162.00|2008-12-20 08:45:55
69337|78882|307|12690|6704|2182|2|540.00|81.00|2008-12-22 08:45:57
69347|78891|41788|15784|2696|2180|4|836.00|125.40|2008-12-20 08:46:33
69348|78891|41788|12731|2696|2177|2|418.00|62.70|2008-12-17 08:46:33
69349|78891|41788|16358|2696|2181|1|209.00|31.35|2008-12-21 08:46:38
69684|79255|25372|37432|591|2162|4|1732.00|259.80|2008-12-02 08:59:20
69778|79358|29715|21573|2141|2175|2|902.00|135.30|2008-12-15 09:02:59
69779|79358|29715|20051|2141|2174|1|451.00|67.65|2008-12-14 09:03:00
69933|79537|4069|32527|4146|2168|2|768.00|115.20|2008-12-08 09:08:42
70097|79707|45398|26066|1418|2181|1|284.00|42.60|2008-12-21 09:13:52
70706|80411|38500|31819|5504|2183|2|748.00|112.20|2008-12-23 09:36:38
70707|80411|38500|21186|5504|2170|1|374.00|56.10|2008-12-10 09:36:39
70792|80494|16162|1771|5569|2173|1|270.00|40.50|2008-12-13 09:39:29
70793|80494|16162|1936|5569|2173|2|540.00|81.00|2008-12-13 09:39:35
70851|80548|8779|29616|6194|2172|1|102.00|15.30|2008-12-12 09:41:31
70853|80548|8779|28597|6194|2171|4|408.00|61.20|2008-12-11 09:41:45
70874|80580|41102|40001|5665|2172|1|27.00|4.05|2008-12-12 09:42:19
71110|80900|1137|32711|2852|2165|4|1476.00|221.40|2008-12-05 09:51:05
71143|80937|33015|495|2429|2164|3|567.00|85.05|2008-12-04 09:52:34
71144|80937|33015|20765|2429|2188|2|378.00|56.70|2008-12-28 09:52:36
71384|81245|29811|28927|3941|2181|4|256.00|38.40|2008-12-21 10:01:16
71385|81245|29811|26120|3941|2178|1|64.00|9.60|2008-12-18 10:01:17
71623|81556|16035|1618|4838|2170|1|394.00|59.10|2008-12-10 10:10:37
72283|82393|48507|5701|8200|2165|1|91.00|13.65|2008-12-05 10:35:30
72536|82717|16764|40039|1042|2190|1|219.00|32.85|2008-12-30 10:44:54
72538|82722|45497|43927|1037|2172|1|352.00|52.80|2008-12-12 10:44:59
72539|82722|45497|42246|1037|2170|2|704.00|105.60|2008-12-10 10:45:01
72957|83241|14147|30340|282|2183|1|86.00|12.90|2008-12-23 11:00:22
73826|84265|29739|7852|989|2184|2|786.00|117.90|2008-12-24 11:32:20
74006|84466|10978|13909|6011|2166|2|594.00|89.10|2008-12-06 11:39:16
75033|85645|12292|30669|2170|2185|2|314.00|47.10|2008-12-25 12:19:56
75173|85808|6635|40845|3658|2177|3|1476.00|221.40|2008-12-17 12:24:21
75174|85808|6635|37269|3658|2172|1|492.00|73.80|2008-12-12 12:24:23
75175|85808|6635|31924|3658|2166|4|1968.00|295.20|2008-12-06 12:24:23
75274|85937|43920|14682|2452|2161|4|1412.00|211.80|2008-12-01 12:27:54
75275|85937|43920|15514|2452|2162|2|706.00|105.90|2008-12-02 12:27:54
75345|86044|45942|15932|1561|2162|4|88.00|13.20|2008-12-02 12:30:28
75756|86502|24002|21700|142|2171|1|339.00|50.85|2008-12-11 12:45:57
76129|86959|35092|44725|3222|2168|2|676.00|101.40|2008-12-08 12:59:37
76151|86981|963|13235|2554|2167|2|888.00|133.20|2008-12-07 01:13:43
76165|86992|44431|876|6728|2163|1|361.00|54.15|2008-12-03 01:22:55
76271|87104|7380|14515|7954|2185|2|734.00|110.10|2008-12-25 03:06:40
76482|87343|23546|3800|7878|2165|2|206.00|30.90|2008-12-05 06:46:46
76749|87698|34955|10034|1287|2172|2|376.00|56.40|2008-12-12 11:35:50
76824|87783|40520|2285|2793|2175|4|780.00|117.00|2008-12-15 01:18:58
76825|87783|40520|4432|2793|2178|2|390.00|58.50|2008-12-18 01:19:01
76828|87785|15561|5181|6142|2168|1|496.00|74.40|2008-12-08 01:23:28
76829|87785|15561|1730|6142|2164|4|1984.00|297.60|2008-12-04 01:26:14
77036|88023|15802|242|4840|2167|1|205.00|30.75|2008-12-07 05:04:10
77470|88461|2721|1597|575|2174|1|197.00|29.55|2008-12-14 01:50:52
77649|88670|27816|6001|865|2169|1|206.00|30.90|2008-12-09 04:43:12
77679|88711|44130|46438|2552|2167|2|812.00|121.80|2008-12-07 05:18:10
78409|89534|20371|14678|1341|2177|2|558.00|83.70|2008-12-17 07:01:36
78410|89534|20371|1325|1341|2161|3|837.00|125.55|2008-12-01 07:03:46
78411|89534|20371|25355|1341|2190|1|279.00|41.85|2008-12-30 07:04:00
78958|90140|20055|43907|223|2163|2|966.00|144.90|2008-12-03 05:52:16
79027|90227|48897|135|3989|2168|2|830.00|124.50|2008-12-08 07:02:21
79037|90241|48769|12751|7989|2185|3|141.00|21.15|2008-12-25 07:15:20
79587|90897|35363|28644|4343|2161|3|489.00|73.35|2008-12-01 04:58:12
79993|91362|32606|1155|6161|2173|4|1860.00|279.00|2008-12-13 12:50:43
79994|91362|32606|12343|6161|2186|1|465.00|69.75|2008-12-26 12:50:48
80045|91411|12004|17759|6046|2181|2|708.00|106.20|2008-12-21 01:58:43
80235|91619|31268|37277|8487|2174|1|186.00|27.90|2008-12-14 05:45:50
80244|91639|11630|1377|7490|2186|1|356.00|53.40|2008-12-26 05:53:26
80524|91943|37857|10360|1341|2174|3|1158.00|173.70|2008-12-14 11:27:45
80596|92007|17967|15905|4363|2173|1|491.00|73.65|2008-12-13 12:46:30
80671|92074|25467|967|74|2177|2|394.00|59.10|2008-12-17 02:22:59
80702|92098|20981|31315|8506|2163|2|768.00|115.20|2008-12-03 03:01:18
80727|92118|15657|25513|7192|2163|2|356.00|53.40|2008-12-03 03:25:12
80728|92118|15657|29357|7192|2168|1|178.00|26.70|2008-12-08 03:25:41
80729|92118|15657|28245|7192|2166|4|712.00|106.80|2008-12-06 03:25:49
80764|92166|6584|15428|4362|2182|1|65.00|9.75|2008-12-22 04:23:15
80765|92166|6584|7606|4362|2173|2|130.00|19.50|2008-12-13 04:24:33
80802|92210|43503|16353|2125|2167|2|278.00|41.70|2008-12-07 05:11:02
81018|92427|4775|15510|2100|2174|1|135.00|20.25|2008-12-14 09:30:20
81019|92427|4775|15094|2100|2174|4|540.00|81.00|2008-12-14 09:31:10
81227|92634|48343|21889|4606|2185|1|186.00|27.90|2008-12-25 02:11:39
81271|92684|14586|10873|3411|2170|4|84.00|12.60|2008-12-10 02:55:23
81588|93039|41497|12413|4400|2169|1|499.00|74.85|2008-12-09 09:06:02
81823|93307|12252|25075|5432|2163|2|216.00|32.40|2008-12-03 01:56:46
81871|93354|2327|2680|3944|2170|1|53.00|7.95|2008-12-10 02:56:14
81934|93427|25368|17869|6069|2189|4|1680.00|252.00|2008-12-29 03:51:26
81935|93427|25368|2800|6069|2171|2|840.00|126.00|2008-12-11 03:53:45
81981|93486|7448|35546|5965|2175|4|1456.00|218.40|2008-12-15 04:56:07
81982|93486|7448|33442|5965|2173|2|728.00|109.20|2008-12-13 04:56:07
81983|93486|7448|25043|5965|2163|1|364.00|54.60|2008-12-03 04:56:43
82073|93586|35318|48093|6176|2172|2|230.00|34.50|2008-12-12 06:41:56
82075|93586|35318|38744|6176|2161|1|115.00|17.25|2008-12-01 06:43:32
82092|93599|21497|19845|5776|2172|4|428.00|64.20|2008-12-12 07:03:02
82108|93614|43047|32845|4362|2163|4|1844.00|276.60|2008-12-03 07:19:39
82209|93747|7244|47197|5689|2166|1|469.00|70.35|2008-12-06 09:24:48
82289|93835|26887|43983|860|2171|2|566.00|84.90|2008-12-11 10:49:50
82332|93893|15057|2502|2939|2177|1|340.00|51.00|2008-12-17 11:31:25
82678|94284|35804|42211|5424|2188|4|1320.00|198.00|2008-12-28 06:15:34
82680|94284|35804|34095|5424|2178|2|660.00|99.00|2008-12-18 06:17:36
82681|94284|35804|35853|5424|2181|1|330.00|49.50|2008-12-21 06:17:58
82700|94298|11233|35741|1859|2179|4|656.00|98.40|2008-12-19 06:44:51
82885|94477|5090|2596|7429|2174|2|320.00|48.00|2008-12-14 10:11:04
83140|94743|2814|29880|2552|2165|2|458.00|68.70|2008-12-05 02:52:35
83221|94852|40580|19586|1028|2176|2|650.00|97.50|2008-12-16 04:17:50
83460|95190|42903|22270|5478|2162|2|548.00|82.20|2008-12-02 09:10:29
83461|95190|42903|32119|5478|2174|1|274.00|41.10|2008-12-14 09:11:20
83548|95283|35587|22335|4783|2162|1|375.00|56.25|2008-12-02 11:06:00
83667|95409|42300|26528|8645|2168|4|952.00|142.80|2008-12-08 01:18:30
83668|95409|42300|37853|8645|2182|2|476.00|71.40|2008-12-22 01:19:38
83681|95423|20799|718|2939|2162|1|51.00|7.65|2008-12-02 01:35:15
83682|95423|20799|13946|2939|2178|4|204.00|30.60|2008-12-18 01:37:40
83899|95682|47318|30512|3569|2165|2|820.00|123.00|2008-12-05 06:05:53
84490|96411|13574|39047|21|2163|1|481.00|72.15|2008-12-03 06:28:22
84506|96427|34503|44321|2141|2188|1|237.00|35.55|2008-12-28 06:46:40
85568|97688|39940|49759|6930|2163|4|992.00|148.80|2008-12-03 03:33:32
85576|97698|40489|4106|3745|2175|2|674.00|101.10|2008-12-15 03:44:55
85577|97698|40489|93|3745|2171|1|337.00|50.55|2008-12-11 03:45:03
85949|98132|33996|43713|5277|2178|1|229.00|34.35|2008-12-18 11:39:23
86103|98300|41056|7370|4954|2189|1|91.00|13.65|2008-12-29 02:45:15
86350|98592|25526|2046|3411|2179|1|482.00|72.30|2008-12-19 07:31:35
86560|98820|23429|29094|610|2172|4|312.00|46.80|2008-12-12 11:42:49
87225|99608|42651|45588|2951|2172|1|259.00|38.85|2008-12-12 11:54:15
87428|99834|39376|20140|6957|2184|3|369.00|55.35|2008-12-24 03:54:32
87429|99834|39376|14597|6957|2177|2|246.00|36.90|2008-12-17 03:56:07
87693|100155|31844|8119|1561|2177|4|924.00|138.60|2008-12-17 08:38:08
87694|100155|31844|3063|1561|2171|1|231.00|34.65|2008-12-11 08:38:41
87741|100222|23013|8175|6537|2168|4|260.00|39.00|2008-12-08 09:15:08
87742|100222|23013|8890|6537|2169|2|130.00|19.50|2008-12-09 09:19:27
87773|100249|130|26892|5556|2162|2|600.00|90.00|2008-12-02 10:06:16
87916|100403|22533|5958|4439|2161|1|217.00|32.55|2008-12-01 12:45:17
87946|100434|40523|4312|7104|2162|1|395.00|59.25|2008-12-02 01:29:58
88333|100877|23927|2064|3175|2179|4|844.00|126.60|2008-12-19 08:46:57
88349|100898|48003|9491|3253|2172|1|306.00|45.90|2008-12-12 09:07:41
88350|100898|48003|2665|3253|2164|2|612.00|91.80|2008-12-04 09:08:37
88351|100901|12599|30639|8354|2175|1|448.00|67.20|2008-12-15 09:10:06
89171|101847|44606|30676|8531|2166|1|67.00|10.05|2008-12-06 12:39:31
89419|102112|29165|18413|5301|2173|1|118.00|17.70|2008-12-13 05:17:15
89742|102490|38307|27609|8163|2169|4|296.00|44.40|2008-12-09 11:02:33
89744|102490|38307|34830|8163|2177|2|148.00|22.20|2008-12-17 11:03:01
89745|102490|38307|34307|8163|2177|3|222.00|33.30|2008-12-17 11:03:43
89965|102708|27098|14240|8475|2162|1|116.00|17.40|2008-12-02 03:12:24
90251|103030|28391|29323|3941|2176|4|1068.00|160.20|2008-12-16 08:53:21
90252|103030|28391|21346|3941|2166|1|267.00|40.05|2008-12-06 08:55:25
90253|103030|28391|22940|3941|2168|2|534.00|80.10|2008-12-08 08:56:35
90584|103413|47602|16305|479|2162|1|59.00|8.85|2008-12-02 03:55:44
91497|104412|9282|861|4096|2163|1|300.00|45.00|2008-12-03 09:21:57
91498|104412|9282|20402|4096|2186|6|1800.00|270.00|2008-12-26 09:24:13
91499|104412|9282|16980|4096|2182|4|1200.00|180.00|2008-12-22 09:25:18
91500|104412|9282|6640|4096|2169|3|900.00|135.00|2008-12-09 09:25:20
91594|104516|8124|29476|1284|2178|1|421.00|63.15|2008-12-18 11:01:05
91595|104516|8124|22356|1284|2169|4|1684.00|252.60|2008-12-09 11:01:25
91596|104516|8124|22072|1284|2169|2|842.00|126.30|2008-12-09 11:02:28
91626|104545|26892|12351|5070|2165|2|816.00|122.40|2008-12-05 11:30:32
92237|105276|44619|30755|187|2182|2|352.00|52.80|2008-12-22 10:50:01
92397|105462|48899|41790|5638|2168|1|306.00|45.90|2008-12-08 02:11:35
92399|105462|48899|43954|5638|2170|2|612.00|91.80|2008-12-10 02:13:08
92591|105692|4781|32689|6142|2166|2|258.00|38.70|2008-12-06 05:26:20
92626|105737|15938|37032|2951|2167|2|370.00|55.50|2008-12-07 06:00:59
92627|105737|15938|44357|2951|2176|3|555.00|83.25|2008-12-16 06:06:06
92628|105737|15938|39016|2951|2169|1|185.00|27.75|2008-12-09 06:06:29
92702|105816|19174|34129|2969|2167|1|438.00|65.70|2008-12-07 07:36:13
92787|105921|7166|23741|5550|2181|1|173.00|25.95|2008-12-21 09:34:20
92882|106011|26967|22604|1647|2167|1|27.00|4.05|2008-12-07 11:25:52
92966|106110|7128|6551|6664|2163|2|610.00|91.50|2008-12-03 01:01:21
93037|106185|13172|9289|6069|2175|1|276.00|41.40|2008-12-15 02:31:54
93038|106185|13172|3870|6069|2168|3|828.00|124.20|2008-12-08 02:32:23
93159|106347|6276|19251|5627|2176|3|1314.00|197.10|2008-12-16 04:30:23
93441|106713|32202|40276|4323|2165|2|818.00|122.70|2008-12-05 10:21:39
93489|106760|9946|26704|5581|2163|4|1192.00|178.80|2008-12-03 11:08:37
93490|106760|9946|25490|5581|2161|2|596.00|89.40|2008-12-01 11:08:46
93832|107167|22331|26645|5424|2177|1|240.00|36.00|2008-12-17 05:51:35
94176|107548|39146|2349|899|2170|1|77.00|11.55|2008-12-10 12:04:15
94196|107576|33465|15569|1578|2164|3|1194.00|179.10|2008-12-04 12:23:29
94364|107742|13368|8462|8667|2169|1|416.00|62.40|2008-12-09 03:42:34
94762|108181|6162|35427|7848|2172|2|894.00|134.10|2008-12-12 11:22:07
95031|108475|16491|33026|7457|2167|1|255.00|38.25|2008-12-07 04:56:29
95459|108966|41341|12243|7845|2179|1|393.00|58.95|2008-12-19 01:38:49
95601|109161|36889|21026|5552|2182|1|42.00|6.30|2008-12-22 04:24:22
96066|109680|4338|37818|4443|2173|1|488.00|73.20|2008-12-13 02:10:05
96484|110144|20702|15730|7670|2162|2|744.00|111.60|2008-12-02 11:19:56
96663|110325|38865|33608|6178|2167|1|465.00|69.75|2008-12-07 03:24:18
96947|110660|6599|31136|4025|2166|1|282.00|42.30|2008-12-06 09:21:59
97091|110821|39737|24357|5070|2175|1|69.00|10.35|2008-12-15 12:33:57
97092|110821|39737|22771|5070|2173|2|138.00|20.70|2008-12-13 12:35:12
97098|110826|24730|31955|3331|2189|4|1276.00|191.40|2008-12-29 12:40:25
97099|110826|24730|32758|3331|2190|1|319.00|47.85|2008-12-30 12:40:52
97100|110826|24730|10874|3331|2164|2|638.00|95.70|2008-12-04 12:41:42
97381|111189|12405|27930|4827|2161|1|242.00|36.30|2008-12-01 06:51:07
97481|111326|44997|24669|3358|2175|2|982.00|147.30|2008-12-15 08:41:54
97482|111326|44997|18364|3358|2168|3|1473.00|220.95|2008-12-08 08:42:11
97591|111451|28550|40270|3417|2179|2|556.00|83.40|2008-12-19 10:56:03
97677|111538|36357|21436|2206|2182|2|808.00|121.20|2008-12-22 12:46:06
97678|111538|36357|11571|2206|2170|3|1212.00|181.80|2008-12-10 12:47:11
97685|111544|42459|576|6652|2184|1|484.00|72.60|2008-12-24 01:00:19
97692|111559|40529|4082|6176|2165|2|522.00|78.30|2008-12-05 01:11:25
97763|111661|36828|37592|2061|2162|1|77.00|11.55|2008-12-02 02:24:07
97869|111800|24564|3728|8754|2178|2|920.00|138.00|2008-12-18 04:43:10
98458|112501|43317|4673|3665|2175|1|200.00|30.00|2008-12-15 04:26:55
98459|112501|43317|10634|3665|2182|3|600.00|90.00|2008-12-22 04:27:04
98470|112511|26587|6450|2181|2182|1|410.00|61.50|2008-12-22 04:41:35
98809|112930|47692|44703|2866|2181|2|332.00|49.80|2008-12-21 12:03:32
98902|113047|46978|35823|3302|2168|2|230.00|34.50|2008-12-08 02:08:09
98958|113105|22634|12577|2463|2172|2|816.00|122.40|2008-12-12 03:18:31
98998|113154|8864|43463|5576|2169|2|634.00|95.10|2008-12-09 04:14:51
99000|113154|8864|41674|5576|2167|1|317.00|47.55|2008-12-07 04:17:08
99001|113154|8864|38756|5576|2163|4|1268.00|190.20|2008-12-03 04:17:38
99063|113221|2245|7229|5280|2168|1|461.00|69.15|2008-12-08 05:34:20
99262|113457|11337|16941|3511|2171|1|149.00|22.35|2008-12-11 10:16:16
99690|113953|34188|26765|1526|2163|4|1616.00|242.40|2008-12-03 07:25:03
99874|114156|21330|2149|245|2179|1|271.00|40.65|2008-12-19 11:53:49
99875|114156|21330|1212|245|2178|2|542.00|81.30|2008-12-18 11:55:47
100471|114879|12450|6459|7133|2164|4|668.00|100.20|2008-12-04 01:45:48
100763|115237|23346|2351|2034|2165|2|608.00|91.20|2008-12-05 09:02:03
101121|115640|21244|39290|8657|2163|4|1504.00|225.60|2008-12-03 05:51:53
101180|115701|31286|19517|8645|2170|1|365.00|54.75|2008-12-10 07:32:22
101189|115716|20129|6615|2401|2161|4|344.00|51.60|2008-12-01 07:45:36
101345|115882|49943|8657|3420|2172|2|654.00|98.10|2008-12-12 11:07:43
101477|116026|4546|4597|8168|2181|1|283.00|42.45|2008-12-21 02:23:50
101523|116096|24954|1440|7133|2168|1|229.00|34.35|2008-12-08 03:18:35
101812|116421|24695|5196|3420|2163|2|936.00|140.40|2008-12-03 10:37:55
102079|116758|9602|20684|6793|2169|3|843.00|126.45|2008-12-09 05:14:30
102635|117423|2180|55|2308|2181|4|472.00|70.80|2008-12-21 08:05:10
102640|117429|41821|30981|2852|2169|1|213.00|31.95|2008-12-09 08:10:03
102641|117429|41821|29142|2852|2166|4|852.00|127.80|2008-12-06 08:10:21
102642|117429|41821|34918|2852|2173|2|426.00|63.90|2008-12-13 08:11:11
102858|117657|26454|37186|6359|2187|1|131.00|19.65|2008-12-27 01:49:07
103008|117816|12174|4484|4406|2169|4|1772.00|265.80|2008-12-09 05:28:50
103029|117834|3355|31009|3302|2162|4|248.00|37.20|2008-12-02 05:56:28
103042|117844|43431|41732|4958|2162|4|792.00|118.80|2008-12-02 06:14:43
103131|117940|42133|34614|3575|2161|1|120.00|18.00|2008-12-01 08:20:14
103134|117940|42133|36404|3575|2163|2|240.00|36.00|2008-12-03 08:21:28
103364|118205|7239|7919|5885|2171|3|1263.00|189.45|2008-12-11 02:46:42
103365|118205|7239|24142|5885|2190|2|842.00|126.30|2008-12-30 02:47:28
103974|118924|21988|2014|2158|2161|2|558.00|83.70|2008-12-01 06:30:03
104362|119406|35940|24151|5061|2168|3|1377.00|206.55|2008-12-08 05:38:21
104390|119428|36160|26219|6558|2167|2|796.00|119.40|2008-12-07 06:35:34
104407|119440|26306|43672|5324|2181|2|336.00|50.40|2008-12-21 07:07:05
104408|119440|26306|42713|5324|2180|4|672.00|100.80|2008-12-20 07:07:51
104554|119624|9469|28575|5277|2184|1|451.00|67.65|2008-12-24 11:29:37
104806|119940|29982|13553|5400|2165|1|250.00|37.50|2008-12-05 06:05:24
105154|120328|49734|17430|2852|2170|1|79.00|11.85|2008-12-10 04:51:32
105345|120534|9762|44073|7960|2163|2|820.00|123.00|2008-12-03 09:59:37
105947|121250|23830|3147|6957|2187|1|260.00|39.00|2008-12-27 03:16:16
105980|121293|17555|23251|6779|2165|4|744.00|111.60|2008-12-05 04:10:26
105981|121293|17555|21848|6779|2164|2|372.00|55.80|2008-12-04 04:10:30
105985|121304|29860|14353|5061|2176|1|261.00|39.15|2008-12-16 04:17:26
106319|121673|17577|23417|7606|2162|4|1244.00|186.60|2008-12-02 02:41:01
106507|121871|47155|33479|3417|2172|1|329.00|49.35|2008-12-12 07:59:47
106508|121871|47155|32647|3417|2171|4|1316.00|197.40|2008-12-11 08:00:31
106720|122142|36845|13131|7289|2163|2|560.00|84.00|2008-12-03 03:14:11
106721|122142|36845|26797|7289|2180|4|1120.00|168.00|2008-12-20 03:14:20
106859|122279|47138|6173|6967|2179|2|678.00|101.70|2008-12-19 07:14:28
107006|122445|18986|13778|6250|2172|2|880.00|132.00|2008-12-12 11:41:50
107007|122445|18986|7651|6250|2165|4|1760.00|264.00|2008-12-05 11:42:04
107022|122462|45115|22344|104|2185|4|856.00|128.40|2008-12-25 12:10:09
107023|122462|45115|12302|104|2173|1|214.00|32.10|2008-12-13 12:10:55
107024|122462|45115|15019|104|2177|2|428.00|64.20|2008-12-17 12:10:59
107030|122470|10666|3471|7257|2161|1|72.00|10.80|2008-12-01 12:15:57
107174|122644|48576|17344|8024|2162|1|434.00|65.10|2008-12-02 05:37:20
107343|122858|31151|40500|4025|2174|1|436.00|65.40|2008-12-14 12:06:13
107449|122970|7162|30917|375|2176|1|493.00|73.95|2008-12-16 03:36:43
107505|123032|14390|36133|4838|2164|3|1152.00|172.80|2008-12-04 05:34:56
108226|123852|13314|2789|8766|2170|1|486.00|72.90|2008-12-10 09:32:36
108353|124011|40466|808|7846|2169|1|261.00|39.15|2008-12-09 02:35:05
108354|124011|40466|5735|7846|2175|2|522.00|78.30|2008-12-15 02:37:16
108437|124129|2508|41344|6402|2184|1|362.00|54.30|2008-12-24 05:06:57
108672|124415|33375|31297|2696|2184|2|862.00|129.30|2008-12-24 12:25:32
108674|124415|33375|14223|2696|2164|4|1724.00|258.60|2008-12-04 12:37:10
108779|124532|3037|31827|1261|2185|4|1620.00|243.00|2008-12-25 04:45:28
108780|124532|3037|15489|1261|2165|2|810.00|121.50|2008-12-05 04:47:42
109444|125336|24065|23701|5513|2165|1|43.00|6.45|2008-12-05 08:57:16
109501|125408|36874|23686|2769|2169|4|108.00|16.20|2008-12-09 11:39:14
109519|125427|17056|2713|7195|2174|2|306.00|45.90|2008-12-14 12:21:04
109520|125427|17056|9361|7195|2182|4|612.00|91.80|2008-12-22 12:22:42
109521|125427|17056|6426|7195|2178|1|153.00|22.95|2008-12-18 12:26:51
109540|125442|19325|29225|8645|2184|1|284.00|42.60|2008-12-24 01:11:38
109541|125442|19325|20286|8645|2173|2|568.00|85.20|2008-12-13 01:12:11
109649|125573|33745|12458|5478|2165|1|124.00|18.60|2008-12-05 06:03:30
109650|125573|33745|22172|5478|2177|2|248.00|37.20|2008-12-17 06:04:45
109651|125573|33745|16999|5478|2171|4|496.00|74.40|2008-12-11 06:19:13
109786|125708|660|26650|3588|2171|1|435.00|65.25|2008-12-11 11:52:16
110100|126095|35125|23615|1647|2163|4|1468.00|220.20|2008-12-03 03:01:46
110309|126325|37586|4321|2867|2182|1|72.00|10.80|2008-12-22 12:16:17
110371|126397|47314|14726|830|2173|2|526.00|78.90|2008-12-13 03:07:04
110455|126505|20166|186|8533|2165|4|1144.00|171.60|2008-12-05 07:35:16
110472|126521|189|38856|5556|2171|1|265.00|39.75|2008-12-11 08:15:02
110540|126603|22685|12935|1353|2161|4|384.00|57.60|2008-12-01 11:27:47
111174|127337|45781|21171|4056|2180|2|322.00|48.30|2008-12-20 10:56:02
111175|127337|45781|17138|4056|2175|4|644.00|96.60|2008-12-15 10:59:29
111952|128235|37042|3104|3614|2164|2|692.00|103.80|2008-12-04 03:18:03
111985|128273|18236|34806|6080|2179|3|522.00|78.30|2008-12-19 06:04:24
111986|128273|18236|36791|6080|2182|1|174.00|26.10|2008-12-22 06:08:51
112894|129328|39106|5095|5316|2166|1|124.00|18.60|2008-12-06 06:40:54
112992|129440|44178|31505|7581|2172|1|81.00|12.15|2008-12-12 01:46:15
113080|129549|41148|34574|7133|2163|2|120.00|18.00|2008-12-03 05:49:08
113201|129684|43990|31004|272|2162|1|293.00|43.95|2008-12-02 05:12:22
113228|129711|48484|16277|3944|2163|2|812.00|121.80|2008-12-03 05:18:34
113229|129711|48484|22833|3944|2171|1|406.00|60.90|2008-12-11 05:28:14
113270|129768|8132|31857|2947|2169|2|486.00|72.90|2008-12-09 05:44:42
113503|130018|41178|9816|7474|2168|2|408.00|61.20|2008-12-08 11:22:01
113564|130079|9802|31535|1403|2178|3|120.00|18.00|2008-12-18 07:17:31
113565|130079|9802|20947|1403|2166|1|40.00|6.00|2008-12-06 07:31:34
113906|130488|9361|7803|189|2189|1|262.00|39.30|2008-12-29 09:04:28
113980|130569|37446|13492|2657|2167|2|722.00|108.30|2008-12-07 04:48:53
114021|130612|34731|36446|3636|2164|1|497.00|74.55|2008-12-04 08:09:50
114199|130796|1653|25580|7490|2175|2|886.00|132.90|2008-12-15 12:10:00
114295|130919|40197|31034|2463|2165|1|298.00|44.70|2008-12-05 08:06:00
114296|130919|40197|45556|2463|2182|2|596.00|89.40|2008-12-22 08:07:38
115005|131670|43748|12708|1324|2177|2|658.00|98.70|2008-12-17 08:59:31
115423|132148|27548|8070|1387|2161|4|88.00|13.20|2008-12-01 08:19:35
115424|132148|27548|11986|1387|2166|2|44.00|6.60|2008-12-06 08:20:53
115607|132362|13735|41112|285|2163|1|444.00|66.60|2008-12-03 06:22:03
116007|132840|48562|15861|6957|2162|2|90.00|13.50|2008-12-02 01:49:48
116146|132996|18008|25662|3624|2161|2|764.00|114.60|2008-12-01 08:03:05
116257|133142|49018|27912|8645|2175|2|964.00|144.60|2008-12-15 01:50:28
116258|133142|49018|28180|8645|2175|1|482.00|72.30|2008-12-15 02:07:06
116305|133208|47537|29883|2769|2162|2|256.00|38.40|2008-12-02 04:25:27
116307|133208|47537|38803|2769|2173|3|384.00|57.60|2008-12-13 04:26:50
116438|133355|20621|24011|3873|2173|2|962.00|144.30|2008-12-13 09:45:30
116669|133600|36462|12016|5314|2183|1|265.00|39.75|2008-12-23 07:07:15
116670|133600|36462|3926|5314|2173|4|1060.00|159.00|2008-12-13 07:09:30
117042|134009|10443|20034|1712|2161|2|138.00|20.70|2008-12-01 10:27:48
117109|134098|39045|41110|7485|2175|1|389.00|58.35|2008-12-15 12:46:23
117382|134391|42248|39839|2711|2166|2|354.00|53.10|2008-12-06 12:14:31
118133|135301|3274|3663|2078|2170|1|439.00|65.85|2008-12-10 03:52:21
118265|135462|16184|8929|1718|2166|2|618.00|92.70|2008-12-06 08:25:12
118348|135548|45972|14997|3609|2169|1|488.00|73.20|2008-12-09 11:14:37
118792|136040|38890|24003|8487|2176|2|198.00|29.70|2008-12-16 02:18:24
118825|136077|25822|8611|187|2181|1|82.00|12.30|2008-12-21 03:10:31
118826|136077|25822|2383|187|2173|3|246.00|36.90|2008-12-13 03:15:07
118920|136188|9978|47742|7800|2185|2|560.00|84.00|2008-12-25 06:43:16
118921|136188|9978|28945|7800|2162|1|280.00|42.00|2008-12-02 06:43:52
119379|136675|12277|18117|5965|2175|1|476.00|71.40|2008-12-15 10:24:34
119394|136691|4141|5294|1767|2163|2|112.00|16.80|2008-12-03 10:47:15
119474|136816|25285|2773|925|2185|4|1300.00|195.00|2008-12-25 01:43:44
119476|136818|30019|1022|3689|2165|1|274.00|41.10|2008-12-05 01:47:40
119477|136818|30019|7855|3689|2173|3|822.00|123.30|2008-12-13 01:48:09
119478|136818|30019|10863|3689|2177|4|1096.00|164.40|2008-12-17 01:56:54
119498|136844|47181|20705|8440|2172|3|1032.00|154.80|2008-12-12 02:38:21
119574|136924|23920|43111|3803|2181|2|82.00|12.30|2008-12-21 05:11:54
119575|136924|23920|37144|3803|2174|1|41.00|6.15|2008-12-14 05:19:54
119595|136944|48992|8319|5633|2169|1|407.00|61.05|2008-12-09 06:00:35
119724|137080|20080|43700|4277|2186|3|774.00|116.10|2008-12-26 10:00:20
119725|137080|20080|28872|4277|2168|1|258.00|38.70|2008-12-08 10:03:25
119762|137122|27535|13493|7104|2166|2|914.00|137.10|2008-12-06 11:20:16
120009|137402|42099|5931|3909|2189|1|135.00|20.25|2008-12-29 08:00:59
120252|137707|9896|24826|3748|2163|2|746.00|111.90|2008-12-03 03:54:32
120297|137756|45752|28360|2079|2161|2|364.00|54.60|2008-12-01 05:07:01
120792|138266|32370|6321|8059|2176|1|405.00|60.75|2008-12-16 08:28:14
120827|138310|11745|13875|3177|2164|4|1060.00|159.00|2008-12-04 09:21:13
120828|138310|11745|21735|3177|2174|2|530.00|79.50|2008-12-14 09:23:16
120940|138436|31307|43409|5375|2184|2|370.00|55.50|2008-12-24 12:30:43
121146|138664|5577|26998|6069|2183|4|1336.00|200.40|2008-12-23 07:12:16
121306|138873|11240|134|2007|2182|4|1940.00|291.00|2008-12-22 12:04:10
121454|139030|37915|13533|7670|2175|1|37.00|5.55|2008-12-15 04:21:09
121455|139030|37915|8987|7670|2169|2|74.00|11.10|2008-12-09 04:21:20
121554|139149|18768|15084|8230|2174|1|96.00|14.40|2008-12-14 06:47:48
121915|139559|33117|36928|2852|2173|3|330.00|49.50|2008-12-13 05:06:44
122076|139762|21123|2976|2918|2165|2|938.00|140.70|2008-12-05 09:18:03
122115|139802|41829|32754|5266|2161|2|230.00|34.50|2008-12-01 10:05:45
122208|139928|25344|6016|1712|2175|2|592.00|88.80|2008-12-15 12:21:20
122209|139928|25344|9690|1712|2179|3|888.00|133.20|2008-12-19 12:25:27
122223|139940|605|11136|5324|2166|3|777.00|116.55|2008-12-06 12:51:16
122314|140034|31121|28432|8606|2168|1|35.00|5.25|2008-12-08 03:27:37
122430|140151|46662|7589|1037|2168|4|276.00|41.40|2008-12-08 06:11:04
122570|140299|19659|40789|5348|2180|2|60.00|9.00|2008-12-20 09:49:06
122819|140595|22472|12869|5301|2167|1|385.00|57.75|2008-12-07 04:52:10
122858|140646|9187|5949|3253|2173|1|299.00|44.85|2008-12-13 05:50:58
122961|140768|23818|8598|4984|2171|4|980.00|147.00|2008-12-11 08:07:56
123040|140868|15647|14390|7768|2165|1|214.00|32.10|2008-12-05 09:56:11
124350|142395|18171|26416|21|2163|1|412.00|61.80|2008-12-03 07:26:24
124352|142395|18171|25749|21|2162|2|824.00|123.60|2008-12-02 07:26:44
124365|142410|46942|23921|3411|2178|2|118.00|17.70|2008-12-18 07:53:05
124845|142959|47193|17189|261|2164|1|248.00|37.20|2008-12-04 07:31:23
124922|143052|24985|4196|3215|2181|1|319.00|47.85|2008-12-21 09:24:05
125205|143383|29355|38076|1718|2168|1|301.00|45.15|2008-12-08 03:51:02
125356|143549|20881|43197|5916|2186|2|360.00|54.00|2008-12-26 07:22:43
125423|143623|8622|35941|7768|2163|4|1384.00|207.60|2008-12-03 08:56:28
125809|144036|25299|33796|1324|2172|2|388.00|58.20|2008-12-12 05:57:27
125813|144039|38525|12148|4445|2163|2|202.00|30.30|2008-12-03 06:01:20
125905|144142|13051|6676|3629|2171|1|417.00|62.55|2008-12-11 08:09:32
125920|144163|43292|14973|7485|2163|1|96.00|14.40|2008-12-03 08:26:42
126236|144573|18222|39810|3177|2164|3|924.00|138.60|2008-12-04 03:44:08
126443|144849|3297|12132|4864|2168|1|498.00|74.70|2008-12-08 08:15:17
126473|144874|8423|47730|7217|2177|1|451.00|67.65|2008-12-17 08:59:08
126474|144874|8423|34431|7217|2161|2|902.00|135.30|2008-12-01 09:01:03
126559|144984|3918|41890|2939|2187|4|952.00|142.80|2008-12-27 11:01:27
126560|144984|3918|26354|2939|2168|2|476.00|71.40|2008-12-08 11:01:54
126561|144984|3918|29839|2939|2172|1|238.00|35.70|2008-12-12 11:03:28
126882|145333|47282|11207|5506|2165|2|274.00|41.10|2008-12-05 06:04:28
126896|145346|18243|10273|6783|2191|2|866.00|129.90|2008-12-31 06:23:28
126958|145429|37469|38957|2768|2172|1|216.00|32.40|2008-12-12 07:29:23
127352|145908|9600|7629|74|2177|2|110.00|16.50|2008-12-17 03:45:22
127651|146273|20440|19819|7887|2167|2|196.00|29.40|2008-12-07 10:50:59
127774|146417|26926|39956|4343|2167|1|246.00|36.90|2008-12-07 01:33:04
127999|146659|5572|16591|2612|2172|2|414.00|62.10|2008-12-12 06:33:17
128038|146715|9227|19982|8314|2166|1|406.00|60.90|2008-12-06 07:05:57
128364|147138|9362|10331|6693|2166|3|1095.00|164.25|2008-12-06 02:24:50
128365|147138|9362|11127|6693|2167|2|730.00|109.50|2008-12-07 02:27:28
128486|147288|31115|828|1780|2163|3|390.00|58.50|2008-12-03 05:16:27
128624|147437|29573|27582|3395|2161|1|225.00|33.75|2008-12-01 08:01:20
128631|147442|37131|27607|2960|2165|4|1844.00|276.60|2008-12-05 08:08:59
129279|148230|42532|20360|2100|2178|1|405.00|60.75|2008-12-18 09:52:35
129379|148373|31966|16262|2836|2163|2|510.00|76.50|2008-12-03 11:45:10
129381|148376|1659|778|5266|2161|1|38.00|5.70|2008-12-01 11:47:51
129488|148498|35414|27279|8049|2181|1|136.00|20.40|2008-12-21 02:13:07
129528|148538|12177|23973|6996|2174|2|164.00|24.60|2008-12-14 03:04:27
129529|148538|12177|34001|6996|2186|1|82.00|12.30|2008-12-26 03:06:26
129657|148701|7187|179|4864|2175|4|1972.00|295.80|2008-12-15 05:36:41
129674|148721|16565|1444|164|2162|2|338.00|50.70|2008-12-02 05:51:38
129689|148744|17289|5849|6537|2176|4|952.00|142.80|2008-12-16 06:17:21
129726|148779|30353|817|2769|2169|4|1304.00|195.60|2008-12-09 07:08:26
130088|149142|19641|43492|7429|2179|1|277.00|41.55|2008-12-19 02:52:41
130089|149142|19641|32278|7429|2165|2|554.00|83.10|2008-12-05 02:52:58
130499|149616|17385|40528|624|2173|2|318.00|47.70|2008-12-13 11:06:40
130500|149616|17385|33873|624|2165|1|159.00|23.85|2008-12-05 11:07:30
130590|149728|37312|13013|7845|2170|3|138.00|20.70|2008-12-10 12:55:59
130591|149728|37312|5777|7845|2161|1|46.00|6.90|2008-12-01 12:56:06
130610|149748|33697|11535|5375|2183|3|825.00|123.75|2008-12-23 01:08:42
130936|150141|48368|1532|6110|2168|2|752.00|112.80|2008-12-08 07:17:45
130957|150171|5627|4128|989|2168|2|870.00|130.50|2008-12-08 07:40:32
131212|150488|23386|38263|6652|2184|1|455.00|68.25|2008-12-24 12:38:46
131553|151916|3524|39119|4256|2183|4|1180.00|177.00|2008-12-23 06:54:21
131554|151916|3524|39715|4256|2184|2|590.00|88.50|2008-12-24 06:55:45
131597|151959|45658|37590|8027|2190|1|172.00|25.80|2008-12-30 07:47:59
132342|152832|38507|30517|7023|2162|1|410.00|61.50|2008-12-02 09:44:59
132551|153088|29693|29914|1647|2177|2|544.00|81.60|2008-12-17 01:54:29
132632|153189|4355|18881|8168|2190|4|1768.00|265.20|2008-12-30 03:36:35
132633|153189|4355|9442|8168|2179|1|442.00|66.30|2008-12-19 03:39:52
132796|153366|13069|15943|7148|2174|1|360.00|54.00|2008-12-14 06:42:25
132915|153522|41474|20637|6509|2169|4|1516.00|227.40|2008-12-09 08:44:44
132916|153522|41474|19040|6509|2167|1|379.00|56.85|2008-12-07 08:44:57
132932|153542|13886|39372|5474|2173|4|1872.00|280.80|2008-12-13 09:09:07
133022|153649|5239|30086|1877|2168|2|190.00|28.50|2008-12-08 10:58:48
133152|153805|20801|10057|7192|2179|1|56.00|8.40|2008-12-19 01:25:44
133154|153808|45568|14307|7874|2169|8|888.00|133.20|2008-12-09 01:30:47
133165|153821|25303|24322|2170|2185|2|164.00|24.60|2008-12-25 01:41:46
133311|153995|25229|14562|5424|2176|1|44.00|6.60|2008-12-16 04:11:58
133373|154063|13567|9049|5251|2166|2|672.00|100.80|2008-12-06 05:36:04
133374|154063|13567|15035|5251|2174|1|336.00|50.40|2008-12-14 05:36:07
133414|154119|44174|2408|2170|2182|2|730.00|109.50|2008-12-22 06:09:41
133754|154571|24402|5299|4773|2165|4|1384.00|207.60|2008-12-05 12:22:45
133755|154571|24402|9786|4773|2170|1|346.00|51.90|2008-12-10 12:23:37
133884|154708|3174|24570|1042|2186|1|113.00|16.95|2008-12-26 03:02:21
133958|154775|29260|24707|1208|2167|2|812.00|121.80|2008-12-07 04:18:19
134188|155065|25227|27211|1521|2166|1|186.00|27.90|2008-12-06 08:15:03
134283|155194|23545|40255|4143|2181|2|340.00|51.00|2008-12-21 10:08:13
134351|155298|9057|34204|1690|2163|1|111.00|16.65|2008-12-03 11:30:51
134535|155494|40778|37724|5818|2180|2|344.00|51.60|2008-12-20 03:11:31
134687|155654|42327|30332|7354|2171|4|1636.00|245.40|2008-12-11 06:17:44
134720|155698|6157|29839|2691|2180|2|988.00|148.20|2008-12-20 06:57:32
134793|155790|38662|41847|6178|2181|4|1100.00|165.00|2008-12-21 07:58:35
134795|155790|38662|29261|6178|2166|2|550.00|82.50|2008-12-06 08:02:38
134796|155790|38662|39436|6178|2178|1|275.00|41.25|2008-12-18 08:03:11
134818|155817|18327|42146|7166|2170|1|465.00|69.75|2008-12-10 08:24:31
135035|156033|11068|4954|4491|2172|1|37.00|5.55|2008-12-12 12:38:47
135526|156570|21128|34441|1249|2170|2|826.00|123.90|2008-12-10 10:02:38
135527|156570|21128|29929|1249|2164|3|1239.00|185.85|2008-12-04 10:04:10
135844|156947|41103|4544|6054|2168|1|127.00|19.05|2008-12-08 03:19:56
136154|157263|4386|25500|4086|2161|2|672.00|100.80|2008-12-01 09:00:02
136481|157633|46304|43641|5699|2170|1|136.00|20.40|2008-12-10 03:20:22
136489|157645|30778|40227|189|2188|2|228.00|34.20|2008-12-28 03:23:55
136661|157846|8084|43958|1499|2171|1|100.00|15.00|2008-12-11 06:27:52
137009|158255|27887|30082|1042|2183|2|214.00|32.10|2008-12-23 12:35:16
137010|158255|27887|22521|1042|2174|1|107.00|16.05|2008-12-14 12:35:43
137136|158405|43718|13215|5284|2186|2|106.00|15.90|2008-12-26 03:03:58
137150|158425|16349|22015|2696|2164|1|481.00|72.15|2008-12-04 03:20:15
137186|158465|9730|6335|305|2162|2|174.00|26.10|2008-12-02 03:59:04
137255|158566|4084|29769|2771|2176|3|348.00|52.20|2008-12-16 05:23:35
137378|158683|22755|12639|6630|2161|1|130.00|19.50|2008-12-01 07:23:31
137677|159014|3210|3637|1521|2170|2|658.00|98.70|2008-12-10 01:36:58
137724|159078|48031|2195|4086|2170|2|768.00|115.20|2008-12-10 02:19:31
138095|159532|40769|38740|1265|2175|2|292.00|43.80|2008-12-15 09:20:15
138226|159685|38414|42397|914|2189|2|714.00|107.10|2008-12-29 11:41:42
139457|161142|35693|547|5728|2164|1|369.00|55.35|2008-12-04 11:52:41
140397|162333|10260|43012|7413|2170|4|160.00|24.00|2008-12-10 06:33:36
140412|162348|36330|7159|1893|2162|1|398.00|59.70|2008-12-02 06:48:55
140443|162382|19942|19746|3768|2169|2|548.00|82.20|2008-12-09 07:18:15
140480|162436|41921|2791|6759|2184|1|324.00|48.60|2008-12-24 07:56:25
140718|162713|34923|39819|3260|2184|1|354.00|53.10|2008-12-24 12:38:51
140719|162713|34923|30637|3260|2173|2|708.00|106.20|2008-12-13 12:39:55
140993|163039|31088|1315|1432|2168|1|289.00|43.35|2008-12-08 05:41:48
141102|163158|1836|11644|5251|2172|4|224.00|33.60|2008-12-12 07:53:46
141163|163223|46180|11816|21|2167|2|46.00|6.90|2008-12-07 09:04:51
141324|163439|14988|34990|2554|2163|4|1932.00|289.80|2008-12-03 12:16:02
141528|163706|21296|26490|865|2167|2|284.00|42.60|2008-12-07 03:42:17
141794|164016|33603|19008|7504|2172|1|99.00|14.85|2008-12-12 08:54:18
141795|164016|33603|15645|7504|2168|2|198.00|29.70|2008-12-08 08:58:04
142031|164290|40923|17264|5181|2179|1|269.00|40.35|2008-12-19 01:44:56
142032|164290|40923|10195|5181|2171|2|538.00|80.70|2008-12-11 01:44:57
142310|164649|10641|43496|5916|2186|1|399.00|59.85|2008-12-26 06:51:18
142311|164649|10641|46238|5916|2189|2|798.00|119.70|2008-12-29 06:52:18
142496|164889|19428|367|4434|2165|4|864.00|129.60|2008-12-05 10:30:31
142619|165042|29486|11219|7840|2169|4|1672.00|250.80|2008-12-09 12:50:38
142715|165169|32919|12318|5917|2171|4|792.00|118.80|2008-12-11 02:59:50
142716|165169|32919|17650|5917|2178|2|396.00|59.40|2008-12-18 03:01:20
142717|165169|32919|8795|5917|2167|1|198.00|29.70|2008-12-07 03:02:18
142743|165193|6925|6076|5400|2188|2|674.00|101.10|2008-12-28 03:33:56
142744|165193|6925|110|5400|2181|4|1348.00|202.20|2008-12-21 03:38:14
143056|165603|10116|11739|8086|2177|1|198.00|29.70|2008-12-17 09:39:15
143194|165753|9149|15151|8059|2163|2|588.00|88.20|2008-12-03 12:00:49
143195|165753|9149|32167|8059|2183|1|294.00|44.10|2008-12-23 12:00:50
143424|166005|38150|21251|74|2163|4|1488.00|223.20|2008-12-03 04:01:21
143713|166370|32008|32238|7213|2167|1|409.00|61.35|2008-12-07 09:25:16
143714|166370|32008|39890|7213|2176|2|818.00|122.70|2008-12-16 09:25:38
144315|167030|48490|26184|3216|2178|2|768.00|115.20|2008-12-18 08:37:18
144455|167217|19577|6339|7989|2178|1|420.00|63.00|2008-12-18 11:22:26
145073|167958|11744|31937|6361|2173|1|447.00|67.05|2008-12-13 11:23:11
145247|168154|15106|18273|2636|2167|1|339.00|50.85|2008-12-07 02:20:45
145343|168252|19384|23854|5280|2162|2|798.00|119.70|2008-12-02 03:56:52
145407|168336|971|16041|1081|2165|1|62.00|9.30|2008-12-05 04:56:42
145538|168504|6102|10566|4333|2164|2|976.00|146.40|2008-12-04 07:43:22
145579|168548|8782|5684|87|2161|4|792.00|118.80|2008-12-01 08:22:44
145654|168649|10216|8761|2158|2179|2|794.00|119.10|2008-12-19 10:15:23
145874|168900|38072|7481|4827|2169|3|474.00|71.10|2008-12-09 02:06:40
145875|168900|38072|4049|4827|2165|2|316.00|47.40|2008-12-05 02:07:24
145912|168943|22813|30521|1024|2162|1|123.00|18.45|2008-12-02 02:58:56
146375|169506|11669|25933|2739|2163|3|753.00|112.95|2008-12-03 12:02:27
146376|169506|11669|32947|2739|2171|4|1004.00|150.60|2008-12-11 12:03:21
146506|169675|23068|28764|1081|2175|1|157.00|23.55|2008-12-15 02:23:54
146680|169869|8851|24461|5728|2178|1|125.00|18.75|2008-12-18 05:36:48
146956|170168|15910|10978|5730|2171|2|704.00|105.60|2008-12-11 10:21:17
147500|170800|4240|30706|1876|2165|2|292.00|43.80|2008-12-05 08:00:03
147566|170853|22035|31975|1817|2170|2|236.00|35.40|2008-12-10 09:20:15
147653|170955|36887|29705|6176|2171|2|352.00|52.80|2008-12-11 10:53:00
148340|171809|26599|40514|5634|2162|2|142.00|21.30|2008-12-02 12:24:26
148345|171815|26702|3690|839|2171|1|434.00|65.10|2008-12-11 12:27:09
149139|172722|42297|9324|1499|2161|2|812.00|121.80|2008-12-01 04:13:30
149260|172841|17243|49719|5569|2177|1|322.00|48.30|2008-12-17 06:46:47
149270|172846|37963|4652|4606|2184|1|205.00|30.75|2008-12-24 06:54:00
149447|173050|21697|15235|479|2187|1|109.00|16.35|2008-12-27 10:27:27
150485|174183|20359|17669|190|2162|2|446.00|66.90|2008-12-02 07:08:47
150561|174273|41142|10015|2747|2181|2|158.00|23.70|2008-12-21 08:19:45
150645|174354|21036|31767|2768|2175|2|742.00|111.30|2008-12-15 09:54:47
150646|174354|21036|24476|2768|2166|1|371.00|55.65|2008-12-06 09:56:09
150707|174419|34476|34548|3292|2168|2|766.00|114.90|2008-12-08 11:17:49
150769|174496|37046|23256|2061|2164|4|880.00|132.00|2008-12-04 12:26:48
150802|174531|35362|31665|6535|2169|2|792.00|118.80|2008-12-09 12:59:53
151086|174881|25864|37321|3624|2165|2|122.00|18.30|2008-12-05 06:35:52
151665|175563|47534|24756|69|2171|3|1395.00|209.25|2008-12-11 06:17:08
151801|175700|20245|30660|2636|2162|1|331.00|49.65|2008-12-02 08:56:00
151961|175885|18675|43261|2104|2169|1|253.00|37.95|2008-12-09 12:06:26
152421|176368|14406|2372|7217|2168|1|444.00|66.60|2008-12-08 09:22:33
152422|176368|14406|8066|7217|2175|2|888.00|133.20|2008-12-15 09:23:12
152446|176395|1972|11756|6652|2168|1|331.00|49.65|2008-12-08 10:04:32
152699|176707|40058|8441|4428|2168|2|716.00|107.40|2008-12-08 02:45:10
152848|176898|26504|7732|365|2161|1|370.00|55.50|2008-12-01 05:26:09
152849|176898|26504|24541|365|2181|2|740.00|111.00|2008-12-21 05:26:19
153023|177109|10978|13392|575|2169|2|188.00|28.20|2008-12-09 08:45:11
153103|177206|30787|20912|4675|2186|4|1016.00|152.40|2008-12-26 10:25:23
153104|177206|30787|3366|4675|2165|2|508.00|76.20|2008-12-05 10:25:52
153215|177346|10176|46542|4773|2175|2|820.00|123.00|2008-12-15 12:41:22
153216|177346|10176|45017|4773|2174|1|410.00|61.50|2008-12-14 12:43:32
153220|177349|32516|12485|6000|2179|2|64.00|9.60|2008-12-19 12:51:14
153257|177396|2491|2372|6813|2167|1|177.00|26.55|2008-12-07 01:36:03
153323|177471|240|42205|2128|2167|2|488.00|73.20|2008-12-07 03:03:14
153362|177515|30725|27212|8766|2163|1|267.00|40.05|2008-12-03 03:41:37
153363|177515|30725|33152|8766|2170|2|534.00|80.10|2008-12-10 03:41:48
153893|178160|46140|25667|5627|2166|1|432.00|64.80|2008-12-06 01:21:48
153926|178207|30601|12231|7442|2166|1|104.00|15.60|2008-12-06 02:02:51
153927|178207|30601|19272|7442|2175|3|312.00|46.80|2008-12-15 02:02:57
154211|178527|46961|18673|5000|2172|4|1444.00|216.60|2008-12-12 06:53:10
154212|178527|46961|13080|5000|2165|1|361.00|54.15|2008-12-05 06:53:45
155258|179708|6649|33297|7195|2175|1|497.00|74.55|2008-12-15 02:05:40
155467|179946|31103|27481|2711|2175|1|254.00|38.10|2008-12-15 05:54:34
155650|180176|41292|11519|52|2161|1|344.00|51.60|2008-12-01 09:42:51
156120|180751|37680|26334|2369|2163|4|124.00|18.60|2008-12-03 06:52:59
156269|180903|32054|27949|4902|2163|4|1616.00|242.40|2008-12-03 09:18:22
156334|180974|30638|36187|7602|2167|2|628.00|94.20|2008-12-07 10:28:18
156335|180974|30638|38134|7602|2169|1|314.00|47.10|2008-12-09 10:29:01
156336|180974|30638|35915|7602|2167|4|1256.00|188.40|2008-12-07 10:29:09
156474|181138|12277|15959|7184|2162|1|256.00|38.40|2008-12-02 12:53:00
156526|181202|43070|9149|6779|2166|3|438.00|65.70|2008-12-06 01:53:45
156678|181397|23697|16135|1780|2179|1|328.00|49.20|2008-12-19 05:03:20
157397|206303|37491|29288|2552|2166|1|563.00|84.45|2008-12-06 06:21:22
157646|206770|2468|14581|8147|2178|1|373.00|55.95|2008-12-18 10:58:34
157806|207107|47553|12920|4870|2179|2|1264.00|189.60|2008-12-19 01:50:55
158182|207912|11619|19949|5297|2166|2|3052.00|457.80|2008-12-06 09:18:05
158351|208221|24633|17834|914|2184|2|4624.00|693.60|2008-12-24 12:36:05
158352|208221|24633|13116|914|2178|1|2312.00|346.80|2008-12-18 12:36:10
158353|208221|24633|1848|914|2165|4|9248.00|1387.20|2008-12-05 12:38:59
158369|208261|18975|45201|272|2170|2|3836.00|575.40|2008-12-10 12:55:21
158370|208261|18975|40963|272|2165|1|1918.00|287.70|2008-12-05 12:55:40
158441|208433|38858|22507|8506|2161|1|788.00|118.20|2008-12-01 02:12:06
158443|208433|38858|30577|8506|2170|4|3152.00|472.80|2008-12-10 02:15:26
158509|208544|7104|35447|1780|2163|1|2043.00|306.45|2008-12-03 03:33:17
159218|209956|12376|32230|1647|2182|2|938.00|140.70|2008-12-22 05:11:36
159258|210533|34481|13342|3331|2176|1|1817.00|272.55|2008-12-16 05:59:47
159273|210553|36093|17458|1009|2168|2|1454.00|218.10|2008-12-08 06:18:09
159341|210674|35537|12373|8287|2167|1|501.00|75.15|2008-12-07 07:31:53
159342|210674|35537|9939|8287|2164|3|1503.00|225.45|2008-12-04 07:32:02
159668|211218|27160|13564|5531|2180|2|1258.00|188.70|2008-12-20 02:25:55
159766|211395|32007|43798|5877|2177|2|3354.00|503.10|2008-12-17 04:16:26
159930|211691|83|22834|6284|2167|2|2246.00|336.90|2008-12-07 07:43:55
160280|212334|5407|1670|8506|2165|2|1284.00|192.60|2008-12-05 02:20:33
160281|212334|5407|9995|8506|2174|1|642.00|96.30|2008-12-14 02:21:49
160536|212826|2129|5021|3566|2164|3|7086.00|1062.90|2008-12-04 07:12:59
160675|213092|9120|1221|4443|2179|1|1172.00|175.80|2008-12-19 09:39:38
160691|213125|16371|29371|7442|2173|1|851.00|127.65|2008-12-13 09:57:52
160755|213256|8742|39933|6110|2164|1|1037.00|155.55|2008-12-04 11:14:35
160882|213474|30240|30046|2947|2189|4|8624.00|1293.60|2008-12-29 01:31:21
161373|214433|17868|13570|362|2163|1|2299.00|344.85|2008-12-03 10:59:53
161538|214751|30724|40423|5638|2167|3|6699.00|1004.85|2008-12-07 02:34:53
161540|214751|30724|44639|5638|2172|1|2233.00|334.95|2008-12-12 02:38:04
161861|215379|36752|13695|1453|2179|2|3124.00|468.60|2008-12-19 08:55:32
161909|215471|7189|13556|2151|2184|1|1658.00|248.70|2008-12-24 09:54:52
161946|215540|18411|34126|3614|2166|1|1652.00|247.80|2008-12-06 10:33:20
162000|215667|45334|40384|7960|2161|1|1273.00|190.95|2008-12-01 11:32:40
162018|215689|20004|20961|1353|2173|1|1010.00|151.50|2008-12-13 11:52:27
162036|215729|24706|25176|5324|2174|4|7872.00|1180.80|2008-12-14 12:10:23
162080|215803|29805|19459|362|2161|4|1848.00|277.20|2008-12-01 12:55:13
162081|215803|29805|19500|362|2161|3|1386.00|207.90|2008-12-01 12:55:31
162507|216578|36542|30564|7602|2162|2|2782.00|417.30|2008-12-02 09:26:42
162852|217172|24998|9707|7452|2175|2|844.00|126.60|2008-12-15 04:07:43
162974|217464|16998|5007|7282|2164|2|990.00|148.50|2008-12-04 06:37:06
163056|217609|1971|30652|7133|2167|1|1233.00|184.95|2008-12-07 07:57:56
163146|217821|47629|10086|6359|2184|1|623.00|93.45|2008-12-24 09:38:37
163398|218213|13307|22553|4606|2185|1|1918.00|287.70|2008-12-25 02:25:43
163431|218278|26144|36828|5638|2171|2|3772.00|565.80|2008-12-11 02:59:13
163681|218743|36937|23339|5478|2184|2|3612.00|541.80|2008-12-24 07:21:28
163700|218780|8355|33401|2030|2167|2|2460.00|369.00|2008-12-07 07:39:20
163730|218835|17248|15734|7121|2176|2|4928.00|739.20|2008-12-16 07:57:02
163832|219025|35994|13553|7848|2178|2|3694.00|554.10|2008-12-18 09:59:47
163933|219209|33839|43257|6046|2176|2|4712.00|706.80|2008-12-16 11:59:57
163972|219292|23870|39945|5556|2170|1|956.00|143.40|2008-12-10 12:38:46
164171|219631|32875|21313|4019|2184|1|2281.00|342.15|2008-12-24 04:19:17
164201|219670|23039|23327|21|2165|2|1612.00|241.80|2008-12-05 04:49:49
164425|220088|3802|15638|8168|2184|2|1894.00|284.10|2008-12-24 09:24:34
164603|220448|17768|27361|6047|2166|2|3438.00|515.70|2008-12-06 12:47:00
164915|221045|302|21835|8599|2161|2|3522.00|528.30|2008-12-01 06:51:52
164916|221045|302|26929|8599|2167|1|1761.00|264.15|2008-12-07 06:51:56
164919|221056|41208|4299|1647|2164|2|3800.00|570.00|2008-12-04 06:53:08
165100|221369|36922|10257|7989|2161|2|2288.00|343.20|2008-12-01 10:09:36
165396|221911|44744|30894|1936|2173|1|921.00|138.15|2008-12-13 03:27:05
165397|221911|44744|24774|1936|2165|2|1842.00|276.30|2008-12-05 03:30:28
165423|221973|20146|8789|6057|2165|2|2802.00|420.30|2008-12-05 04:08:49
165546|222245|15699|355|663|2163|1|458.00|68.70|2008-12-03 06:50:56
165620|222384|32275|40986|5281|2170|2|2696.00|404.40|2008-12-10 08:16:32
165820|222740|18159|29134|2450|2161|1|1037.00|155.55|2008-12-01 11:50:58
166090|223266|1397|47297|1498|2181|3|6372.00|955.80|2008-12-21 04:45:04
166113|223315|10796|872|5621|2180|1|1279.00|191.85|2008-12-20 05:24:10
166442|223950|30304|8397|4400|2181|2|3280.00|492.00|2008-12-21 11:51:06
166550|224124|30726|6771|272|2162|1|2297.00|344.55|2008-12-02 01:53:36
166568|224153|9347|3564|6146|2163|2|3704.00|555.60|2008-12-03 02:09:21
166572|224160|45156|18637|3555|2186|2|2736.00|410.40|2008-12-26 02:14:35
166614|224255|31803|19087|7824|2167|2|4548.00|682.20|2008-12-07 03:08:46
166711|224453|48635|28206|2290|2164|2|2122.00|318.30|2008-12-04 05:09:02
166715|224454|26745|24093|4277|2178|1|1517.00|227.55|2008-12-18 05:18:19
166907|224855|37166|16426|6957|2166|1|963.00|144.45|2008-12-06 08:38:00
167271|225592|9283|30638|4011|2165|1|2235.00|335.25|2008-12-05 03:25:19
167368|225768|17559|45009|2561|2174|1|1310.00|196.50|2008-12-14 05:02:14
167700|226404|32193|28653|2958|2168|1|1843.00|276.45|2008-12-08 11:38:04
167750|226491|11530|12991|5917|2188|2|3980.00|597.00|2008-12-28 12:54:16
167782|226566|6821|35430|8620|2177|2|1130.00|169.50|2008-12-17 01:40:21
167935|226840|40867|8249|3169|2166|1|738.00|110.70|2008-12-06 04:40:39
167936|226840|40867|5716|3169|2163|2|1476.00|221.40|2008-12-03 04:41:13
167982|226940|34311|13634|1440|2166|2|3170.00|475.50|2008-12-06 05:23:43
168165|227279|18559|44798|2951|2177|1|2117.00|317.55|2008-12-17 08:57:58
168166|227279|18559|41723|2951|2174|2|4234.00|635.10|2008-12-14 08:58:00
168197|227330|30034|35056|7681|2177|2|4162.00|624.30|2008-12-17 09:43:23
168222|227363|20006|35197|2170|2171|4|6120.00|918.00|2008-12-11 10:15:35
168223|227363|20006|35064|2170|2171|1|1530.00|229.50|2008-12-11 10:16:32
168259|227438|44182|40715|6558|2171|1|734.00|110.10|2008-12-11 11:05:02
168266|227464|43499|19255|7581|2162|1|884.00|132.60|2008-12-02 11:11:45
168353|227634|158|31066|1265|2172|4|4640.00|696.00|2008-12-12 01:10:13
168495|227967|16882|2012|6995|2172|2|2106.00|315.90|2008-12-12 04:14:03
168557|228072|37418|2016|1028|2184|2|2824.00|423.60|2008-12-24 05:41:27
169082|229057|20645|29756|1024|2174|1|1194.00|179.10|2008-12-14 04:25:11
169485|229806|5834|5821|5145|2174|1|1837.00|275.55|2008-12-14 12:30:57
169954|230732|43953|18706|4210|2164|1|1161.00|174.15|2008-12-04 09:21:04
170040|230933|42836|7603|7406|2171|1|2334.00|350.10|2008-12-11 11:17:04
170251|231305|41340|23740|7104|2173|2|702.00|105.30|2008-12-13 01:05:10
170539|231858|2372|29586|3658|2169|3|7437.00|1115.55|2008-12-09 01:15:17
170946|232623|13644|21616|7485|2169|1|1074.00|161.10|2008-12-09 01:30:52
171421|233561|35576|4477|6430|2172|2|2160.00|324.00|2008-12-12 01:48:50
171517|233778|4042|2462|6034|2190|2|916.00|137.40|2008-12-30 01:52:20
171532|233812|30093|27036|968|2164|3|6414.00|962.10|2008-12-04 01:52:42
171634|234018|49650|19793|1829|2185|1|747.00|112.05|2008-12-25 01:56:31
171635|234018|49650|18975|1829|2184|2|1494.00|224.10|2008-12-24 01:56:33
172188|234968|30219|20945|4746|2172|2|4810.00|721.50|2008-12-12 02:17:01
172375|235338|49813|22802|7429|2169|1|1063.00|159.45|2008-12-09 02:24:18
172423|235435|45848|6580|2793|2182|2|2486.00|372.90|2008-12-22 02:26:02
172424|235435|45848|1282|2793|2176|4|4972.00|745.80|2008-12-16 02:26:05
