53|60|21475|6584|2969|2175|1|108.00|16.20|2008-12-15 12:17:25
503|506|19561|179|8262|2180|1|132.00|19.80|2008-12-20 07:18:59
504|506|19561|1464|8262|2181|4|528.00|79.20|2008-12-21 07:19:36
1187|1238|20540|9062|7274|2174|2|244.00|36.60|2008-12-14 11:57:40
1188|1238|20540|13358|7274|2180|3|366.00|54.90|2008-12-20 11:57:44
1262|1327|34549|22594|2554|2170|2|270.00|40.50|2008-12-10 05:07:07
1264|1330|43686|22594|4322|2177|2|416.00|62.40|2008-12-17 05:16:44
1265|1330|43686|21820|4322|2176|1|208.00|31.20|2008-12-16 05:23:52
1466|1548|1740|18322|1440|2166|2|106.00|15.90|2008-12-06 08:29:37
1510|1597|7662|5946|1440|2173|4|168.00|25.20|2008-12-13 12:07:06
1554|1656|19290|2265|8645|2166|3|78.00|11.70|2008-12-06 03:50:52
1684|1784|30117|14562|8754|2168|2|404.00|60.60|2008-12-08 11:43:45
2174|2334|28287|4949|2696|2163|4|764.00|114.60|2008-12-03 04:44:38
2175|2334|28287|19141|2696|2180|1|191.00|28.65|2008-12-20 04:47:43
2831|3030|42829|32756|1927|2161|2|294.00|44.10|2008-12-01 01:16:14
2947|3150|4512|39995|1578|2165|2|194.00|29.10|2008-12-05 06:52:49
3062|3279|40936|13422|2793|2175|4|940.00|141.00|2008-12-15 12:27:23
3064|3279|40936|7416|2793|2167|1|235.00|35.25|2008-12-07 12:44:34
3126|3342|35769|33530|8487|2170|3|150.00|22.50|2008-12-10 03:52:12
3127|3342|35769|35919|8487|2173|4|200.00|30.00|2008-12-13 03:56:03
3155|3383|47172|873|4025|2164|1|29.00|4.35|2008-12-04 04:47:45
3242|3487|26110|3865|316|2161|4|760.00|114.00|2008-12-01 08:20:49
3243|3487|26110|21923|316|2183|1|190.00|28.50|2008-12-23 08:25:01
3244|3487|26110|13809|316|2173|2|380.00|57.00|2008-12-13 08:26:18
3626|3917|32804|25657|6402|2180|3|747.00|112.05|2008-12-20 11:57:32
3640|3934|5095|42330|2272|2178|2|122.00|18.30|2008-12-18 12:26:55
3646|3941|36634|23447|8667|2162|1|91.00|13.65|2008-12-02 12:45:16
3735|4035|11666|8781|6034|2173|4|604.00|90.60|2008-12-13 04:50:15
3736|4035|11666|5999|6034|2170|1|151.00|22.65|2008-12-10 04:51:46
3737|4035|11666|23692|6034|2191|2|302.00|45.30|2008-12-31 04:53:26
3800|4090|11983|28084|4531|2174|2|442.00|66.30|2008-12-14 07:23:52
3904|4203|13517|17071|839|2166|1|231.00|34.65|2008-12-06 11:22:09
3933|4241|31767|1913|1261|2164|1|176.00|26.40|2008-12-04 12:34:11
3934|4241|31767|7287|1261|2170|2|352.00|52.80|2008-12-10 12:34:12
4078|4375|18507|19456|2866|2181|2|58.00|8.70|2008-12-21 06:03:31
4663|5017|35197|39753|6176|2169|1|234.00|35.10|2008-12-09 04:42:54
4907|5268|15645|12191|2062|2170|2|158.00|23.70|2008-12-10 01:34:20
5001|5355|43962|19126|4362|2164|2|434.00|65.10|2008-12-04 05:04:57
5100|5482|12256|11230|2929|2177|1|189.00|28.35|2008-12-17 08:26:14
5101|5482|12256|9287|2929|2175|2|378.00|56.70|2008-12-15 08:26:32
5115|5496|4165|12840|968|2169|2|206.00|30.90|2008-12-09 08:43:33
5297|5696|42365|17768|6080|2180|2|286.00|42.90|2008-12-20 03:10:31
5963|6488|2873|21100|3941|2189|2|170.00|25.50|2008-12-29 01:46:25
6159|6691|7383|7410|4594|2174|1|198.00|29.70|2008-12-14 08:24:14
6211|6745|22095|25683|8230|2166|4|480.00|72.00|2008-12-06 10:18:21
6478|7045|29240|27631|7532|2166|1|129.00|19.35|2008-12-06 07:18:31
6533|7109|14027|15359|316|2165|3|588.00|88.20|2008-12-05 08:59:21
6661|7239|6442|19246|5834|2178|2|412.00|61.80|2008-12-18 01:56:18
6662|7239|6442|6327|5834|2162|6|1236.00|185.40|2008-12-02 01:56:50
6663|7239|6442|5313|5834|2161|1|206.00|30.90|2008-12-01 01:56:51
6797|7385|9212|30880|8623|2164|2|210.00|31.50|2008-12-04 06:22:50
6798|7385|9212|39005|8623|2173|3|315.00|47.25|2008-12-13 06:23:17
6926|7528|35902|24051|7989|2169|1|30.00|4.50|2008-12-09 10:58:33
6927|7528|35902|31515|7989|2178|4|120.00|18.00|2008-12-18 10:59:11
7054|7653|13913|26345|69|2163|1|99.00|14.85|2008-12-03 03:05:20
7187|7785|1838|5843|6979|2184|2|240.00|36.00|2008-12-24 07:16:39
7380|8005|38864|9638|3537|2168|2|164.00|24.60|2008-12-08 12:39:50
7630|8257|38385|41743|5280|2164|1|65.00|9.75|2008-12-04 08:31:47
7732|8348|42411|24182|3588|2170|1|183.00|27.45|2008-12-10 11:00:33
7990|8601|29249|12825|610|2170|2|394.00|59.10|2008-12-10 07:39:33
8001|8611|49449|38883|2151|2172|1|236.00|35.40|2008-12-12 07:47:38
8003|8611|49449|42390|2151|2176|2|472.00|70.80|2008-12-16 07:53:48
8011|8623|49639|13233|5070|2161|2|108.00|16.20|2008-12-01 08:12:59
8012|8623|49639|23420|5070|2174|4|216.00|32.40|2008-12-14 08:17:42
8112|8720|17200|12193|7213|2173|1|202.00|30.30|2008-12-13 11:21:17
8113|8720|17200|11371|7213|2172|2|404.00|60.60|2008-12-12 11:21:23
8363|8992|20639|25563|4315|2183|2|376.00|56.40|2008-12-23 06:14:04
8364|8992|20639|25641|4315|2183|1|188.00|28.20|2008-12-23 06:15:51
8522|9172|9271|19909|2930|2179|2|210.00|31.50|2008-12-19 10:27:34
8523|9172|9271|6476|2930|2163|1|105.00|15.75|2008-12-03 10:31:18
8578|9258|18788|23178|2369|2163|4|140.00|21.00|2008-12-03 12:26:42
8654|9336|28632|15893|3575|2171|1|159.00|23.85|2008-12-11 02:37:53
8850|9546|31472|10300|1545|2189|1|50.00|7.50|2008-12-29 07:29:37
9015|9739|35343|32526|8147|2180|2|496.00|74.40|2008-12-20 11:41:28
9050|9768|46614|25740|7148|2165|4|940.00|141.00|2008-12-05 12:37:47
9161|9910|48004|2627|5481|2173|2|96.00|14.40|2008-12-13 03:49:50
9358|10145|44867|11135|5834|2165|3|66.00|9.90|2008-12-05 08:49:08
9359|10145|44867|14164|5834|2168|2|44.00|6.60|2008-12-08 08:51:19
9523|10326|29514|16244|5528|2186|2|410.00|61.50|2008-12-26 01:12:27
9540|10339|24923|16872|5109|2183|2|114.00|17.10|2008-12-23 01:40:25
10039|10930|22847|2909|3609|2169|4|108.00|16.20|2008-12-09 01:22:34
10147|11067|27498|5230|349|2164|4|856.00|128.40|2008-12-04 04:07:48
10148|11067|27498|12369|349|2172|1|214.00|32.10|2008-12-12 04:09:19
10178|11106|36269|27214|4406|2176|2|284.00|42.60|2008-12-16 04:53:12
10179|11106|36269|20648|4406|2168|4|568.00|85.20|2008-12-08 04:55:11
10350|11274|27226|30522|6194|2167|2|346.00|51.90|2008-12-07 09:37:54
10351|11274|27226|34357|6194|2172|1|173.00|25.95|2008-12-12 09:38:32
10507|11429|6151|16848|2947|2166|2|198.00|29.70|2008-12-06 01:30:10
10568|11486|12357|10484|4428|2169|4|924.00|138.60|2008-12-09 03:05:34
10569|11486|12357|23663|4428|2185|2|462.00|69.30|2008-12-25 03:06:59
10570|11486|12357|13971|4428|2173|3|693.00|103.95|2008-12-13 03:08:21
10610|11531|10029|36787|5375|2184|3|492.00|73.80|2008-12-24 04:18:12
10611|11531|10029|17929|5375|2161|4|656.00|98.40|2008-12-01 04:19:08
10612|11531|10029|27844|5375|2173|1|164.00|24.60|2008-12-13 04:20:20
10673|11585|28489|41300|1498|2176|2|490.00|73.50|2008-12-16 05:46:40
10674|11585|28489|44027|1498|2179|1|245.00|36.75|2008-12-19 05:49:20
10689|11611|18046|6661|2630|2167|4|444.00|66.60|2008-12-07 06:16:06
10697|11619|43081|14265|7023|2181|1|240.00|36.00|2008-12-21 06:39:58
10883|11809|8942|22109|5241|2167|1|196.00|29.40|2008-12-07 11:44:33
11049|11971|44036|24902|8475|2186|1|155.00|23.25|2008-12-26 04:22:23
11077|12016|45078|13211|8531|2161|2|406.00|60.90|2008-12-01 04:59:16
11078|12018|24682|10573|4056|2177|3|384.00|57.60|2008-12-17 05:00:50
11364|12323|23172|8354|830|2164|1|117.00|17.55|2008-12-04 11:50:53
11488|12437|451|5722|4343|2168|2|70.00|10.50|2008-12-08 03:06:47
11557|12509|42933|39123|3745|2171|1|161.00|24.15|2008-12-11 04:39:40
11582|12532|17872|40|1561|2187|2|228.00|34.20|2008-12-27 05:06:42
11645|12593|14296|39279|2552|2164|2|86.00|12.90|2008-12-04 06:36:11
12201|13183|18049|3569|7547|2182|2|104.00|15.60|2008-12-22 07:36:29
12280|13260|17076|36966|7566|2162|2|444.00|66.60|2008-12-02 09:27:33
12388|13375|23638|278|2463|2179|2|254.00|38.10|2008-12-19 11:45:20
12802|13803|18096|20804|4491|2170|2|52.00|7.80|2008-12-10 09:27:36
12948|13941|4338|19147|5284|2183|1|78.00|11.70|2008-12-23 12:46:23
12949|13941|4338|19353|5284|2184|2|156.00|23.40|2008-12-24 12:46:40
12950|13941|4338|1840|5284|2163|4|312.00|46.80|2008-12-03 12:46:57
13373|14460|48914|10725|3768|2164|2|332.00|49.80|2008-12-04 10:33:42
13374|14460|48914|9751|3768|2163|4|664.00|99.60|2008-12-03 10:36:08
13496|14608|44093|10861|2151|2176|4|912.00|136.80|2008-12-16 01:12:19
13497|14608|44093|9298|2151|2174|1|228.00|34.20|2008-12-14 01:12:58
13498|14608|44093|18436|2151|2185|3|684.00|102.60|2008-12-25 01:13:24
13500|14611|10994|30192|6046|2170|1|174.00|26.10|2008-12-10 01:17:02
13566|14700|17448|20394|8676|2166|1|185.00|27.75|2008-12-06 02:52:08
13670|14806|3861|29505|2128|2161|4|728.00|109.20|2008-12-01 05:05:16
13772|14920|32332|24393|7848|2170|1|108.00|16.20|2008-12-10 07:06:46
13832|14964|8059|28580|1658|2169|2|202.00|30.30|2008-12-09 08:18:25
13919|15083|40890|47882|3989|2172|2|170.00|25.50|2008-12-12 10:04:24
14091|15232|5188|4674|7344|2162|4|740.00|111.00|2008-12-02 01:39:33
14160|15306|20321|37605|7429|2175|4|808.00|121.20|2008-12-15 03:15:13
14320|15492|17223|21734|8645|2161|2|176.00|26.40|2008-12-01 07:04:22
14321|15492|17223|28579|8645|2169|1|88.00|13.20|2008-12-09 07:05:37
14946|16188|21103|42889|5548|2177|1|173.00|25.95|2008-12-17 09:00:35
15043|16301|12278|23359|2935|2179|1|201.00|30.15|2008-12-19 11:10:56
15212|16469|28840|12742|6652|2176|4|640.00|96.00|2008-12-16 02:43:43
15331|16600|15513|38623|7282|2167|3|357.00|53.55|2008-12-07 05:26:03
15354|16622|18401|27383|3104|2161|2|470.00|70.50|2008-12-01 05:50:03
15445|16710|49963|40005|8086|2174|2|126.00|18.90|2008-12-14 07:50:53
15632|16917|17480|19644|362|2162|1|217.00|32.55|2008-12-02 11:27:38
15661|16944|5457|3488|1515|2166|2|60.00|9.00|2008-12-06 12:07:53
15851|17128|41845|15127|3555|2172|1|205.00|30.75|2008-12-12 03:57:23
15959|17250|19374|9773|6194|2170|2|440.00|66.00|2008-12-10 06:27:45
15979|17267|44630|19999|7954|2180|2|218.00|32.70|2008-12-20 06:48:51
15980|17267|44630|13052|7954|2171|1|109.00|16.35|2008-12-11 06:49:57
16348|17692|29639|22656|3803|2180|1|79.00|11.85|2008-12-20 02:49:52
16431|17784|24969|31333|5281|2161|2|82.00|12.30|2008-12-01 04:19:18
16708|18067|47356|43002|7413|2171|1|123.00|18.45|2008-12-11 10:05:13
16929|18297|12596|37355|6693|2179|8|568.00|85.20|2008-12-19 02:59:33
16931|18297|12596|23045|6693|2162|4|284.00|42.60|2008-12-02 03:00:14
16932|18297|12596|25973|6693|2166|2|142.00|21.30|2008-12-06 03:00:16
17162|18561|25325|25868|142|2171|2|128.00|19.20|2008-12-11 07:53:31
17186|18584|38896|12511|8521|2185|4|760.00|114.00|2008-12-25 08:11:56
17370|18831|40953|32801|3551|2162|2|206.00|30.90|2008-12-02 11:53:57
17371|18831|40953|32002|3551|2161|4|412.00|61.80|2008-12-01 11:57:43
17728|19246|8415|26542|1658|2168|1|115.00|17.25|2008-12-08 06:23:29
17729|19246|8415|24112|1658|2165|2|230.00|34.50|2008-12-05 06:26:42
17802|19316|35257|191|7282|2164|3|156.00|23.40|2008-12-04 07:56:09
17930|19423|36866|27836|4904|2161|2|488.00|73.20|2008-12-01 10:30:47
18609|20157|39301|31240|2836|2163|3|228.00|34.20|2008-12-03 11:14:31
18806|20393|17347|3910|713|2165|2|288.00|43.20|2008-12-05 02:45:37
18807|20393|17347|3117|713|2164|3|432.00|64.80|2008-12-04 02:45:42
18853|20437|44654|12610|1042|2179|4|180.00|27.00|2008-12-19 03:57:42
18854|20437|44654|11031|1042|2177|1|45.00|6.75|2008-12-17 04:00:22
19075|20646|32300|21642|6361|2161|2|372.00|55.80|2008-12-01 07:54:38
19105|20682|25212|34269|2793|2179|1|104.00|15.60|2008-12-19 08:32:26
19106|20682|25212|36119|2793|2181|4|416.00|62.40|2008-12-21 08:32:45
19107|20682|25212|40886|2793|2187|2|208.00|31.20|2008-12-27 08:33:03
19272|20864|11415|22658|1253|2165|1|152.00|22.80|2008-12-05 11:41:17
19309|20900|1958|10826|5920|2163|2|290.00|43.50|2008-12-03 12:25:05
19355|20954|23512|45872|3768|2168|2|272.00|40.80|2008-12-08 01:19:17
19426|21034|1922|3413|7547|2168|4|168.00|25.20|2008-12-08 02:44:50
19427|21034|1922|14422|7547|2181|2|84.00|12.60|2008-12-21 02:45:42
19897|21526|19117|6650|2636|2165|2|376.00|56.40|2008-12-05 11:54:24
20064|21721|23182|5768|2141|2189|2|434.00|65.10|2008-12-29 02:40:58
20081|21744|28187|13495|1211|2162|4|668.00|100.20|2008-12-02 02:57:32
20475|22202|36400|27007|7788|2176|3|384.00|57.60|2008-12-16 10:21:56
20524|22272|20099|25701|5834|2180|2|120.00|18.00|2008-12-20 11:13:03
20645|22427|9049|6063|3169|2175|4|700.00|105.00|2008-12-15 01:29:23
20676|22471|27471|3498|4363|2162|1|57.00|8.55|2008-12-02 02:00:15
20677|22471|27471|4036|4363|2162|2|114.00|17.10|2008-12-02 02:01:07
20713|22515|5905|34763|1718|2166|4|972.00|145.80|2008-12-06 02:51:43
20716|22515|5905|31726|1718|2163|3|729.00|109.35|2008-12-03 02:59:29
20808|22633|27920|30945|2206|2162|4|712.00|106.80|2008-12-02 04:34:19
20809|22633|27920|41095|2206|2174|2|356.00|53.40|2008-12-14 04:34:45
20876|22698|13859|3692|6857|2186|2|216.00|32.40|2008-12-26 05:37:28
20904|22725|43690|43305|1578|2168|4|952.00|142.80|2008-12-08 06:04:25
20905|22725|43690|42106|1578|2167|1|238.00|35.70|2008-12-07 06:04:47
21052|22887|33182|41557|8024|2175|1|41.00|6.15|2008-12-15 08:46:42
21652|23561|10044|16061|5742|2178|4|900.00|135.00|2008-12-18 08:24:31
21653|23561|10044|1857|5742|2161|2|450.00|67.50|2008-12-01 08:24:41
21721|23636|21930|29893|7845|2189|4|496.00|74.40|2008-12-29 09:32:01
21766|23678|46984|20329|6356|2167|3|699.00|104.85|2008-12-07 10:24:55
21885|23783|32714|45550|1341|2188|2|490.00|73.50|2008-12-28 12:59:00
21998|23902|47869|30647|1019|2165|4|684.00|102.60|2008-12-05 02:56:53
21999|23902|47869|43628|1019|2181|3|513.00|76.95|2008-12-21 02:57:32
22187|24083|39088|27581|5627|2187|2|376.00|56.40|2008-12-27 06:39:01
22940|24956|34072|47760|4649|2163|2|210.00|31.50|2008-12-03 08:20:10
22978|25004|13261|4679|5277|2163|1|181.00|27.15|2008-12-03 08:51:39
22988|25024|19240|16024|5526|2181|1|91.00|13.65|2008-12-21 09:00:02
23222|25300|2167|13812|7217|2170|3|660.00|99.00|2008-12-10 01:37:05
23223|25300|2167|9694|7217|2165|2|440.00|66.00|2008-12-05 01:37:57
23433|25587|14038|34671|1287|2168|1|154.00|23.10|2008-12-08 05:22:55
23482|25658|41206|35789|4783|2164|1|183.00|27.45|2008-12-04 06:15:51
23483|25658|41206|38454|4783|2168|2|366.00|54.90|2008-12-08 06:16:15
23664|25862|43659|29091|3220|2164|2|442.00|66.30|2008-12-04 09:33:57
23740|25966|40945|18096|7800|2173|1|153.00|22.95|2008-12-13 10:55:45
23741|25966|40945|24227|7800|2181|2|306.00|45.90|2008-12-21 10:56:22
23786|26026|48238|20039|3537|2162|2|358.00|53.70|2008-12-02 11:32:42
23938|26176|35428|24623|2939|2172|2|56.00|8.40|2008-12-12 02:25:48
24355|26675|17429|15046|6883|2163|1|156.00|23.40|2008-12-03 10:28:24
24380|26700|3472|30187|3358|2169|1|116.00|17.40|2008-12-09 10:56:28
24381|26700|3472|25470|3358|2163|4|464.00|69.60|2008-12-03 10:57:19
24579|26928|39107|20696|6010|2172|1|208.00|31.20|2008-12-12 02:46:18
24772|27150|34908|34192|3563|2178|1|142.00|21.30|2008-12-18 06:16:36
24773|27150|34908|34291|3563|2178|2|284.00|42.60|2008-12-18 06:17:58
24908|27289|35905|39374|5553|2188|4|296.00|44.40|2008-12-28 08:54:34
25098|27488|41813|37093|125|2181|1|86.00|12.90|2008-12-21 12:31:07
25099|27488|41813|24555|125|2166|3|258.00|38.70|2008-12-06 12:32:46
25870|28309|48397|43541|2999|2166|4|756.00|113.40|2008-12-06 03:49:38
26586|29014|18446|16346|2691|2166|2|176.00|26.40|2008-12-06 06:06:48
26633|29064|6574|17725|6957|2180|2|226.00|33.90|2008-12-20 07:12:58
26831|29244|44486|17595|7429|2167|1|243.00|36.45|2008-12-07 11:01:43
27020|29466|13677|1332|6759|2188|2|114.00|17.10|2008-12-28 02:37:42
27150|29606|19101|39216|2873|2172|1|120.00|18.00|2008-12-12 04:53:12
27151|29606|19101|34329|2873|2166|2|240.00|36.00|2008-12-06 04:54:00
27347|29814|28443|17525|282|2171|1|177.00|26.55|2008-12-11 08:23:25
27348|29814|28443|23005|282|2177|2|354.00|53.10|2008-12-17 08:24:15
27362|29834|5036|3661|6403|2182|1|245.00|36.75|2008-12-22 08:49:09
27363|29834|5036|188|6403|2178|4|980.00|147.00|2008-12-18 08:49:15
27387|29860|29468|188|2889|2165|4|844.00|126.60|2008-12-05 09:23:38
27399|29872|31736|41835|1824|2185|2|478.00|71.70|2008-12-25 09:30:52
27490|29980|33989|28195|8623|2170|4|968.00|145.20|2008-12-10 11:21:12
27655|30160|11738|33383|8163|2163|2|462.00|69.30|2008-12-03 02:20:02
27656|30166|705|339|5287|2162|1|94.00|14.10|2008-12-02 02:21:58
27657|30166|705|11181|5287|2175|2|188.00|28.20|2008-12-15 02:22:07
28605|31269|32838|8969|6069|2166|2|174.00|26.10|2008-12-06 08:30:38
28728|31427|33398|32564|1521|2178|3|105.00|15.75|2008-12-18 11:02:58
29067|31834|19591|23063|2172|2168|1|88.00|13.20|2008-12-08 05:24:21
29324|32116|40783|6656|8493|2175|2|188.00|28.20|2008-12-15 10:25:24
29523|32355|18335|1791|3745|2171|1|308.00|46.20|2008-12-11 02:28:59
29668|32538|18949|48775|7063|2162|4|880.00|132.00|2008-12-02 05:14:56
29723|32595|44877|22350|8599|2170|2|578.00|86.70|2008-12-10 06:15:27
29811|32712|29024|19719|7195|2161|1|127.00|19.05|2008-12-01 08:04:14
29813|32712|29024|38634|7195|2184|2|254.00|38.10|2008-12-24 08:07:41
30041|32944|15613|30202|969|2161|2|590.00|88.50|2008-12-01 12:12:20
30239|33183|22775|3006|5424|2175|2|430.00|64.50|2008-12-15 03:38:23
30319|33267|20309|38746|177|2162|2|508.00|76.20|2008-12-02 05:09:22
30558|33560|3857|664|3597|2169|2|40.00|6.00|2008-12-09 09:30:10
30565|33574|35422|2219|860|2174|2|408.00|61.20|2008-12-14 09:40:00
30654|33718|9298|2068|2141|2169|2|186.00|27.90|2008-12-09 11:42:07
30655|33718|9298|3734|2141|2171|4|372.00|55.80|2008-12-11 11:45:37
30656|33718|9298|1215|2141|2168|1|93.00|13.95|2008-12-08 11:46:41
30933|34067|20826|46832|2041|2175|4|1116.00|167.40|2008-12-15 04:44:06
31031|34157|13872|3006|5742|2170|2|532.00|79.80|2008-12-10 06:26:50
31258|34438|2255|41366|6284|2163|1|89.00|13.35|2008-12-03 10:51:01
31370|34584|34976|2635|4838|2162|2|312.00|46.80|2008-12-02 01:20:53
31459|34721|36779|10718|2818|2161|1|182.00|27.30|2008-12-01 02:54:12
31460|34721|36779|18361|2818|2171|2|364.00|54.60|2008-12-11 02:54:18
31709|35005|13522|4742|5145|2175|1|105.00|15.75|2008-12-15 07:18:00
32133|35534|24571|5026|4954|2179|4|688.00|103.20|2008-12-19 03:12:03
32134|35534|24571|9752|4954|2184|2|344.00|51.60|2008-12-24 03:12:48
32135|35535|26278|19375|7602|2178|1|72.00|10.80|2008-12-18 03:13:32
32136|35535|26278|9706|7602|2166|2|144.00|21.60|2008-12-06 03:14:30
32155|35555|24767|7185|4984|2166|3|339.00|50.85|2008-12-06 03:32:32
32248|35659|19013|4072|5638|2173|1|249.00|37.35|2008-12-13 05:06:55
32285|35714|38276|32080|1029|2175|1|82.00|12.30|2008-12-15 05:36:46
32734|36174|46885|4223|6010|2169|1|74.00|11.10|2008-12-09 02:46:03
32970|36411|40378|23622|1387|2162|2|116.00|17.40|2008-12-02 07:10:36
32971|36411|40378|27369|1387|2166|1|58.00|8.70|2008-12-06 07:11:12
33031|36492|3299|21123|8049|2163|4|376.00|56.40|2008-12-03 08:14:04
33032|36492|3299|24672|8049|2167|1|94.00|14.10|2008-12-07 08:14:20
33033|36492|3299|30917|8049|2175|2|188.00|28.20|2008-12-15 08:15:45
33144|36620|47184|30322|367|2164|1|172.00|25.80|2008-12-04 10:48:16
33301|36790|45381|8999|7547|2163|2|232.00|34.80|2008-12-03 01:48:42
33608|37144|30557|23966|5885|2185|1|97.00|14.55|2008-12-25 07:25:28
33609|37144|30557|9408|5885|2168|2|194.00|29.10|2008-12-08 07:26:26
33621|37164|27079|28241|8754|2185|1|93.00|13.95|2008-12-25 07:37:19
33736|37323|19853|9668|6331|2174|2|690.00|103.50|2008-12-14 09:32:45
33895|37486|14990|48188|7606|2161|3|594.00|89.10|2008-12-01 12:15:41
33896|37486|14990|47958|7606|2161|2|396.00|59.40|2008-12-01 12:17:25
34338|38017|31218|21642|1418|2179|2|388.00|58.20|2008-12-19 08:03:22
34389|38068|10155|3355|4286|2171|1|342.00|51.30|2008-12-11 09:04:28
35220|39069|28493|4093|1829|2180|2|404.00|60.60|2008-12-20 01:09:49
35223|39075|1710|13530|6976|2186|2|182.00|27.30|2008-12-26 01:11:43
35236|39096|176|17643|3175|2168|2|674.00|101.10|2008-12-08 01:25:20
35303|39178|20580|1618|1578|2161|4|732.00|109.80|2008-12-01 02:51:10
35350|39236|10410|18498|7184|2169|2|514.00|77.10|2008-12-09 03:32:09
35351|39236|10410|15496|7184|2165|1|257.00|38.55|2008-12-05 03:32:10
35369|39257|22793|24121|1353|2162|2|376.00|56.40|2008-12-02 03:55:10
35538|39466|16657|21896|1287|2177|2|302.00|45.30|2008-12-17 07:18:26
35539|39466|16657|13890|1287|2167|1|151.00|22.65|2008-12-07 07:21:35
35544|39470|15314|30782|2612|2169|1|28.00|4.20|2008-12-09 07:21:59
35545|39470|15314|29291|2612|2168|2|56.00|8.40|2008-12-08 07:24:14
35706|39678|42553|13438|2696|2167|2|616.00|92.40|2008-12-07 10:59:54
35707|39678|42553|8902|2696|2161|1|308.00|46.20|2008-12-01 11:00:03
35708|39678|42553|15160|2696|2169|4|1232.00|184.80|2008-12-09 11:01:39
35975|40037|33425|11983|5343|2184|1|151.00|22.65|2008-12-24 04:14:00
36119|40196|5829|17329|3629|2171|4|1380.00|207.00|2008-12-11 07:13:02
36120|40196|5829|15774|3629|2169|2|690.00|103.50|2008-12-09 07:13:23
36196|40303|45703|19047|6142|2167|1|111.00|16.65|2008-12-07 08:40:21
36578|40701|3254|9820|8187|2163|2|408.00|61.20|2008-12-03 04:09:43
36685|40820|42703|36939|4143|2167|2|594.00|89.10|2008-12-07 06:19:49
36686|40820|42703|39182|4143|2170|4|1188.00|178.20|2008-12-10 06:21:58
37201|41441|6642|2690|4840|2174|2|674.00|101.10|2008-12-14 04:44:03
37328|41578|7549|21040|3632|2173|4|636.00|95.40|2008-12-13 07:13:02
37817|42124|24592|26543|6783|2191|4|1300.00|195.00|2008-12-31 04:13:19
37818|42124|24592|8023|6783|2169|2|650.00|97.50|2008-12-09 04:13:28
37870|42168|34651|27423|6533|2173|1|100.00|15.00|2008-12-13 05:26:00
38004|42345|40971|7964|304|2183|1|155.00|23.25|2008-12-23 08:19:02
38007|42352|28023|41525|5885|2186|2|452.00|67.80|2008-12-26 08:25:11
38347|42740|45548|6161|2435|2161|4|988.00|148.20|2008-12-01 03:30:46
38348|42740|45548|13532|2435|2170|1|247.00|37.05|2008-12-10 03:31:01
38349|42740|45548|10788|2435|2166|2|494.00|74.10|2008-12-06 03:34:52
38575|43008|45279|42206|2170|2181|1|336.00|50.40|2008-12-21 07:33:24
38576|43008|45279|42960|2170|2182|2|672.00|100.80|2008-12-22 07:33:38
38596|43024|4677|6421|4847|2182|1|275.00|41.25|2008-12-22 07:58:09
38597|43025|6680|9729|3657|2167|2|570.00|85.50|2008-12-07 08:04:51
38707|43148|21364|9214|5277|2170|2|690.00|103.50|2008-12-10 10:20:20
38716|43159|14799|16746|6435|2169|2|342.00|51.30|2008-12-09 10:29:23
38717|43159|14799|23773|6435|2177|1|171.00|25.65|2008-12-17 10:30:42
38906|43370|26588|22647|6435|2172|2|276.00|41.40|2008-12-12 02:08:43
39048|43518|4118|41746|4400|2181|4|148.00|22.20|2008-12-21 05:09:15
39049|43518|4118|25421|4400|2161|1|37.00|5.55|2008-12-01 05:09:43
39050|43518|4118|25954|4400|2162|2|74.00|11.10|2008-12-02 05:11:28
39582|44175|31870|11840|6401|2161|2|48.00|7.20|2008-12-01 03:43:34
39628|44218|14740|11840|3665|2182|2|578.00|86.70|2008-12-22 04:25:01
39629|44218|14740|6205|3665|2175|1|289.00|43.35|2008-12-15 04:27:17
39833|44485|9476|16655|1256|2177|1|290.00|43.50|2008-12-17 08:10:41
39855|44511|3006|45700|969|2172|4|980.00|147.00|2008-12-12 08:40:36
39856|44511|3006|41007|969|2167|1|245.00|36.75|2008-12-07 08:43:56
40007|44688|8590|5295|5576|2165|1|164.00|24.60|2008-12-05 11:55:01
40008|44688|8590|5908|5576|2166|2|328.00|49.20|2008-12-06 11:56:13
40540|45340|16160|30728|602|2164|2|52.00|7.80|2008-12-04 09:56:10
40812|45658|34286|17563|74|2170|1|230.00|34.50|2008-12-10 02:57:29
40893|45760|28692|25146|316|2175|1|198.00|29.70|2008-12-15 04:17:41
41222|46155|12999|22715|365|2172|2|650.00|97.50|2008-12-12 09:52:07
41444|46427|2837|21590|2648|2161|1|222.00|33.30|2008-12-01 02:22:28
41699|46723|22908|14925|2867|2176|3|516.00|77.40|2008-12-16 07:04:13
41918|46966|8882|40821|8147|2183|1|33.00|4.95|2008-12-23 11:07:39
42208|47300|29060|12412|5578|2175|2|614.00|92.10|2008-12-15 04:01:12
42209|47300|29060|3102|5578|2164|4|1228.00|184.20|2008-12-04 04:01:20
42281|47391|20935|13284|2141|2188|2|650.00|97.50|2008-12-28 05:31:52
42592|47760|27854|31306|2604|2162|4|1360.00|204.00|2008-12-02 11:50:24
42733|47943|48491|40466|4434|2172|2|646.00|96.90|2008-12-12 02:38:00
42734|47943|48491|43243|4434|2175|1|323.00|48.45|2008-12-15 02:38:48
42735|47943|48491|39016|4434|2170|3|969.00|145.35|2008-12-10 02:39:05
42992|48257|33803|1699|2969|2175|2|124.00|18.60|2008-12-15 07:40:07
42993|48257|33803|1464|2969|2174|1|62.00|9.30|2008-12-14 07:40:09
43160|48472|24365|29794|8667|2164|1|163.00|24.45|2008-12-04 10:17:12
43186|48516|20358|33688|7768|2162|4|1020.00|153.00|2008-12-02 10:45:24
43474|48870|26874|5738|74|2175|1|184.00|27.60|2008-12-15 04:23:36
43529|48945|10852|21223|734|2165|2|422.00|63.30|2008-12-05 05:29:50
44147|49639|37752|31090|6930|2162|1|144.00|21.60|2008-12-02 04:31:50
45018|50652|13005|43269|5556|2170|2|652.00|97.80|2008-12-10 09:20:03
45315|50992|14792|35474|2270|2161|1|26.00|3.90|2008-12-01 03:06:10
45824|51581|29476|8090|6109|2163|2|192.00|28.80|2008-12-03 12:41:18
45825|51581|29476|5927|6109|2161|1|96.00|14.40|2008-12-01 12:43:23
45826|51581|29476|6334|6109|2161|3|288.00|43.20|2008-12-01 12:43:39
45900|51649|27433|29550|7429|2162|1|313.00|46.95|2008-12-02 02:04:25
46228|52035|5330|28832|6867|2167|1|179.00|26.85|2008-12-07 08:48:34
46332|52151|39203|28968|5287|2176|4|652.00|97.80|2008-12-16 10:57:53
46333|52151|39203|29010|5287|2176|2|326.00|48.90|2008-12-16 11:02:26
46554|52419|23069|9468|3175|2183|1|65.00|9.75|2008-12-23 03:33:44
46612|52479|9941|7742|2630|2166|2|284.00|42.60|2008-12-06 04:28:13
46667|52535|48270|29258|5699|2162|2|294.00|44.10|2008-12-02 05:30:19
46756|52641|13741|12996|2007|2169|4|372.00|55.80|2008-12-09 07:32:00
46795|52699|39617|21427|8754|2162|2|308.00|46.20|2008-12-02 08:25:07
46934|52895|47392|2922|2078|2171|2|428.00|64.20|2008-12-11 11:07:23
47238|53265|35601|1589|349|2171|2|484.00|72.60|2008-12-11 04:45:29
47379|53442|41613|36160|4449|2187|2|70.00|10.50|2008-12-27 07:21:49
47380|53442|41613|21460|4449|2169|1|35.00|5.25|2008-12-09 07:23:16
47445|53518|11931|53|2612|2177|1|211.00|31.65|2008-12-17 08:24:32
47471|53555|8416|18637|8027|2188|2|376.00|56.40|2008-12-28 08:51:04
47476|53561|17597|29878|316|2180|4|772.00|115.80|2008-12-20 08:57:45
47477|53561|17597|23180|316|2172|1|193.00|28.95|2008-12-12 08:58:40
48052|54282|28951|32862|3576|2183|2|380.00|57.00|2008-12-23 07:58:44
48053|54282|28951|32507|3576|2183|4|760.00|114.00|2008-12-23 08:00:56
48054|54282|28951|37301|3576|2188|1|190.00|28.50|2008-12-28 08:03:32
48100|54346|23009|26234|6034|2188|1|202.00|30.30|2008-12-28 08:51:46
48277|54573|8850|32418|5301|2168|2|328.00|49.20|2008-12-08 12:36:01
48278|54573|8850|29181|5301|2165|4|656.00|98.40|2008-12-05 12:36:14
48279|54573|8850|48094|5301|2187|1|164.00|24.60|2008-12-27 12:36:42
48648|54966|40020|37200|7063|2161|1|328.00|49.20|2008-12-01 08:08:19
48778|55089|49139|23446|2141|2168|1|150.00|22.50|2008-12-08 10:32:18
48867|55207|33709|7262|1249|2169|3|888.00|133.20|2008-12-09 12:05:21
49656|56051|37084|4289|3555|2175|2|276.00|41.40|2008-12-15 03:31:06
49657|56051|37084|1426|3555|2171|4|552.00|82.80|2008-12-11 03:31:39
49923|56369|38351|5080|2141|2163|1|285.00|42.75|2008-12-03 08:31:42
50219|56708|33588|2287|5058|2164|1|104.00|15.60|2008-12-04 02:13:41
50353|56834|26398|5187|7848|2170|1|74.00|11.10|2008-12-10 04:26:27
50415|56904|48994|16323|8487|2173|4|1148.00|172.20|2008-12-13 05:38:06
50416|56904|48994|8023|8487|2163|1|287.00|43.05|2008-12-03 05:40:21
50505|57002|40522|19985|7133|2170|2|498.00|74.70|2008-12-10 07:12:07
50722|57234|26773|44112|7192|2187|2|302.00|45.30|2008-12-27 11:05:47
50813|57335|24033|36512|3417|2176|2|200.00|30.00|2008-12-16 12:42:23
50814|57335|24033|40516|3417|2181|1|100.00|15.00|2008-12-21 12:43:15
50843|57363|36791|28621|4031|2163|1|81.00|12.15|2008-12-03 01:22:27
50853|57370|96|8523|1256|2172|2|550.00|82.50|2008-12-12 01:32:28
51281|57830|33390|11898|245|2185|4|1000.00|150.00|2008-12-25 09:57:31
51367|57946|10551|29026|4773|2178|1|202.00|30.30|2008-12-18 11:27:21
52419|59153|36771|7354|1261|2167|1|486.00|72.90|2008-12-07 07:42:13
52557|59299|9654|38967|6000|2173|2|742.00|111.30|2008-12-13 10:02:40
52768|59553|43800|25569|190|2162|4|820.00|123.00|2008-12-02 01:51:52
52836|59623|18596|43418|6644|2169|2|840.00|126.00|2008-12-09 03:14:12
53152|59976|4806|34512|5145|2182|2|354.00|53.10|2008-12-22 09:28:50
53153|59976|4806|16714|5145|2161|1|177.00|26.55|2008-12-01 09:30:40
53361|60193|38220|45211|5287|2177|2|876.00|131.40|2008-12-17 01:30:14
53519|60358|31263|22010|316|2175|2|444.00|66.60|2008-12-15 04:44:36
53520|60358|31263|17852|316|2170|1|222.00|33.30|2008-12-10 04:44:47
53617|60478|18651|12920|7188|2161|2|408.00|61.20|2008-12-01 06:24:45
53639|60500|8552|33445|4958|2167|2|744.00|111.60|2008-12-07 06:46:26
53644|60507|42941|1426|5916|2162|4|1036.00|155.40|2008-12-02 06:52:16
53709|60602|26778|12440|6533|2170|2|170.00|25.50|2008-12-10 07:55:51
53955|60889|36663|18299|2206|2178|1|464.00|69.60|2008-12-18 12:39:11
54074|61016|8935|39468|1440|2170|1|270.00|40.50|2008-12-10 02:47:45
54528|61473|31602|6859|264|2169|1|446.00|66.90|2008-12-09 11:27:37
54540|61487|28274|5671|5576|2170|4|1296.00|194.40|2008-12-10 11:49:25
54541|61487|28274|876|5576|2165|1|324.00|48.60|2008-12-05 11:49:29
54542|61487|28274|1485|5576|2165|2|648.00|97.20|2008-12-05 11:51:30
54787|61727|23336|426|7581|2162|3|822.00|123.30|2008-12-02 04:57:18
54808|61753|38716|14323|6726|2168|2|756.00|113.40|2008-12-08 05:19:04
55562|62682|18075|26435|233|2164|1|466.00|69.90|2008-12-04 09:23:45
55684|62827|16438|18473|1451|2181|2|164.00|24.60|2008-12-21 11:49:41
55972|63146|35609|24572|6652|2188|2|538.00|80.70|2008-12-28 05:39:02
56104|63283|27290|876|5885|2188|1|419.00|62.85|2008-12-28 08:24:39
56326|63593|40566|3523|3253|2179|4|1496.00|224.40|2008-12-19 12:36:51
56387|63662|3943|27158|2969|2165|1|69.00|10.35|2008-12-05 01:36:39
56732|64112|26727|36502|6430|2170|2|376.00|56.40|2008-12-10 08:27:34
56733|64112|26727|30566|6430|2163|4|752.00|112.80|2008-12-03 08:27:47
56823|64210|46635|11079|5920|2167|1|164.00|24.60|2008-12-07 09:59:13
56985|64431|7666|2724|5481|2166|1|368.00|55.20|2008-12-06 01:01:37
57023|64476|22607|1769|4904|2169|1|359.00|53.85|2008-12-09 01:03:00
57441|64965|14822|13589|6142|2164|1|39.00|5.85|2008-12-04 01:18:04
57563|65131|47979|15604|2947|2189|1|274.00|41.10|2008-12-29 01:23:15
57679|65295|42216|23542|6047|2163|2|276.00|41.40|2008-12-03 01:27:31
57903|65540|1692|29624|6979|2166|1|370.00|55.50|2008-12-06 01:35:38
58197|65885|16070|28088|7217|2173|2|790.00|118.50|2008-12-13 01:46:23
58199|65885|16070|20152|7217|2164|1|395.00|59.25|2008-12-04 01:46:26
58648|66386|5644|39937|860|2171|1|390.00|58.50|2008-12-11 02:03:40
58827|66560|42185|4140|1208|2175|1|295.00|44.25|2008-12-15 02:10:12
58900|66646|2291|14256|6034|2183|2|882.00|132.30|2008-12-23 02:12:45
58990|66742|27799|43686|2446|2165|2|952.00|142.80|2008-12-05 02:15:49
58991|66742|27799|41097|2446|2162|1|476.00|71.40|2008-12-02 02:15:50
59008|66768|34026|14969|2461|2164|4|1244.00|186.60|2008-12-04 02:16:30
59009|66768|34026|13609|2461|2163|1|311.00|46.65|2008-12-03 02:16:34
59133|66909|35816|21056|2867|2173|2|278.00|41.70|2008-12-13 02:20:46
59134|66909|35816|28425|2867|2182|1|139.00|20.85|2008-12-22 02:20:50
59163|66939|32685|21008|1037|2171|4|972.00|145.80|2008-12-11 02:21:54
59237|67048|47925|14458|1515|2163|4|1908.00|286.20|2008-12-03 02:25:15
59394|67255|32034|5446|6217|2164|2|272.00|40.80|2008-12-04 02:31:31
59455|67308|23435|26348|69|2166|2|784.00|117.60|2008-12-06 02:33:31
59811|67721|20112|47259|353|2161|2|780.00|117.00|2008-12-01 02:47:11
60002|67925|1166|19017|4443|2172|4|1940.00|291.00|2008-12-12 02:53:38
60003|67925|1166|22734|4443|2177|1|485.00|72.75|2008-12-17 02:53:40
60135|68077|42406|9732|6194|2166|2|824.00|123.60|2008-12-06 02:59:46
60525|68552|1929|23021|2270|2171|1|133.00|19.95|2008-12-11 03:15:12
61226|69356|24940|27040|4400|2166|3|1152.00|172.80|2008-12-06 03:41:32
61227|69356|24940|33858|4400|2174|2|768.00|115.20|2008-12-14 03:41:33
61228|69356|24940|38093|4400|2179|1|384.00|57.60|2008-12-19 03:41:38
61382|69527|25209|8359|830|2169|3|378.00|56.70|2008-12-09 03:47:31
61477|69644|40206|2073|6779|2161|1|496.00|74.40|2008-12-01 03:51:43
61759|69996|35712|6226|4746|2166|4|828.00|124.20|2008-12-06 04:03:12
62200|70502|39737|16066|6537|2169|1|58.00|8.70|2008-12-09 04:19:53
62407|70776|7947|13864|1561|2162|1|305.00|45.75|2008-12-02 04:27:21
62419|70792|48634|15595|4917|2178|1|143.00|21.45|2008-12-18 04:28:01
62520|70915|41408|17801|7429|2172|1|291.00|43.65|2008-12-12 04:32:16
62649|71045|7959|24253|74|2181|4|416.00|62.40|2008-12-21 04:36:32
62650|71045|7959|21992|74|2178|2|208.00|31.20|2008-12-18 04:36:33
62774|71177|32410|6209|8729|2183|1|158.00|23.70|2008-12-23 04:41:24
62966|71377|43933|21957|142|2178|2|412.00|61.80|2008-12-18 04:48:10
62967|71377|43933|8422|142|2162|4|824.00|123.60|2008-12-02 04:48:13
63163|71601|3239|27036|8027|2171|4|1056.00|158.40|2008-12-11 04:55:43
63164|71601|3239|27860|8027|2172|2|528.00|79.20|2008-12-12 04:55:46
63307|71741|23471|45638|7188|2177|1|372.00|55.80|2008-12-17 05:00:37
63308|71741|23471|47285|7188|2179|3|1116.00|167.40|2008-12-19 05:00:40
63322|71758|46950|24882|7954|2171|4|1160.00|174.00|2008-12-11 05:01:09
63418|71875|26929|14342|4958|2162|1|462.00|69.30|2008-12-02 05:04:46
63439|71894|24818|24032|4210|2161|2|452.00|67.80|2008-12-01 05:05:35
63440|71894|24818|30498|4210|2169|1|226.00|33.90|2008-12-09 05:05:36
63486|71945|5112|6738|7442|2165|2|862.00|129.30|2008-12-05 05:07:11
63529|71991|4800|2273|7768|2164|2|252.00|37.80|2008-12-04 05:08:39
63530|71991|4800|10485|7768|2174|1|126.00|18.90|2008-12-14 05:08:39
63539|72003|3423|2720|8493|2163|2|918.00|137.70|2008-12-03 05:09:03
63661|72126|23310|35088|2960|2163|2|348.00|52.20|2008-12-03 05:13:13
63662|72126|23310|36470|2960|2164|1|174.00|26.10|2008-12-04 05:13:15
63751|72229|18015|20835|3220|2164|2|734.00|110.10|2008-12-04 05:16:38
63947|72460|6529|19177|3417|2170|2|754.00|113.10|2008-12-10 05:24:37
64124|72674|27139|45|3941|2186|1|376.00|56.40|2008-12-26 05:31:16
64519|73124|34796|5676|940|2161|2|342.00|51.30|2008-12-01 05:46:08
64573|73190|41282|38415|5343|2186|2|688.00|103.20|2008-12-26 05:48:12
64707|73346|21167|39986|3616|2167|1|306.00|45.90|2008-12-07 05:53:22
65422|74200|46377|19392|6759|2188|1|322.00|48.30|2008-12-28 06:20:07
65437|74212|40296|12074|1284|2164|1|351.00|52.65|2008-12-04 06:20:37
65438|74212|40296|23701|1284|2178|2|702.00|105.30|2008-12-18 06:20:37
65608|74423|4434|2105|5635|2167|1|237.00|35.55|2008-12-07 06:27:03
65613|74429|14696|46597|4864|2175|2|500.00|75.00|2008-12-15 06:27:17
65800|74636|6106|14922|3417|2168|2|322.00|48.30|2008-12-08 06:34:39
65801|74636|6106|23186|3417|2178|1|161.00|24.15|2008-12-18 06:34:46
65825|74667|27334|31971|3576|2177|1|32.00|4.80|2008-12-17 06:36:05
66076|74941|7123|12756|7660|2171|1|112.00|16.80|2008-12-11 06:45:59
66178|75087|4349|6565|830|2181|2|366.00|54.90|2008-12-21 06:49:41
66403|75322|23411|21002|3609|2165|2|252.00|37.80|2008-12-05 06:57:53
66418|75339|45574|12692|3597|2163|1|76.00|11.40|2008-12-03 06:58:11
66638|75621|16169|39255|3566|2172|2|448.00|67.20|2008-12-12 07:06:25
66882|75914|37073|3177|1712|2166|2|934.00|140.10|2008-12-06 07:14:46
67450|76603|6636|29451|7148|2162|1|252.00|37.80|2008-12-02 07:37:01
67453|76606|3873|7890|2969|2165|4|1600.00|240.00|2008-12-05 07:37:08
67454|76606|3873|4657|2969|2161|3|1200.00|180.00|2008-12-01 07:37:13
67701|76891|1121|39622|5398|2165|2|800.00|120.00|2008-12-05 07:46:15
67842|77048|14498|35617|675|2163|3|987.00|148.05|2008-12-03 07:51:56
68070|77299|43462|25666|8657|2163|4|548.00|82.20|2008-12-03 08:00:13
68159|77424|28100|33863|8147|2172|1|186.00|27.90|2008-12-12 08:03:34
68194|77471|42407|2694|2158|2165|2|240.00|36.00|2008-12-05 08:04:53
68366|77688|40088|30529|6080|2175|3|699.00|104.85|2008-12-15 08:10:41
68367|77688|40088|22388|6080|2165|2|466.00|69.90|2008-12-05 08:10:42
68927|78364|36717|22630|6403|2164|1|427.00|64.05|2008-12-04 08:30:38
68928|78364|36717|28107|6403|2170|4|1708.00|256.20|2008-12-10 08:30:39
68939|78369|36957|18796|189|2188|1|28.00|4.20|2008-12-28 08:30:53
69135|78608|1475|7953|4096|2177|1|219.00|32.85|2008-12-17 08:37:53
69156|78635|18436|25868|74|2168|1|109.00|16.35|2008-12-08 08:39:12
69157|78635|18436|28932|74|2171|4|436.00|65.40|2008-12-11 08:39:13
69860|79448|34632|41311|5160|2161|2|370.00|55.50|2008-12-01 09:05:48
69998|79617|19602|16910|104|2165|4|924.00|138.60|2008-12-05 09:10:39
69999|79617|19602|22494|104|2171|2|462.00|69.30|2008-12-11 09:10:39
70067|79681|23172|25207|189|2168|1|499.00|74.85|2008-12-08 09:13:06
70068|79681|23172|21113|189|2163|2|998.00|149.70|2008-12-03 09:13:06
70769|80469|39608|1752|4746|2169|4|1616.00|242.40|2008-12-09 09:38:53
70995|80763|10626|36888|3944|2166|2|626.00|93.90|2008-12-06 09:46:28
71215|81009|8210|21061|8475|2177|4|1416.00|212.40|2008-12-17 09:55:09
71216|81009|8210|24009|8475|2180|1|354.00|53.10|2008-12-20 09:55:09
71217|81009|8210|24519|8475|2181|2|708.00|106.20|2008-12-21 09:55:13
71323|81147|42389|2138|2181|2162|1|427.00|64.05|2008-12-02 09:59:07
71592|81514|14466|39718|4840|2165|2|156.00|23.40|2008-12-05 10:09:29
71619|81551|34270|28683|1451|2185|1|477.00|71.55|2008-12-25 10:10:16
71758|81723|26553|41235|5920|2164|2|406.00|60.90|2008-12-04 10:15:07
71893|81921|15118|8637|5432|2161|1|71.00|10.65|2008-12-01 10:20:38
71894|81921|15118|10937|5432|2164|2|142.00|21.30|2008-12-04 10:20:41
71953|82004|37992|36027|6724|2171|3|132.00|19.80|2008-12-11 10:23:23
72272|82375|11710|16523|5627|2162|2|58.00|8.70|2008-12-02 10:35:08
72353|82485|1121|49138|7788|2175|4|332.00|49.80|2008-12-15 10:37:26
72501|82671|9546|19833|3419|2163|1|476.00|71.40|2008-12-03 10:43:38
72793|83037|34071|8418|8346|2169|1|259.00|38.85|2008-12-09 10:54:36
73267|83604|42195|27972|2930|2173|1|265.00|39.75|2008-12-13 11:12:00
73268|83604|42195|28797|2930|2174|2|530.00|79.50|2008-12-14 11:12:01
73416|83768|9501|4015|4210|2177|2|356.00|53.40|2008-12-17 11:17:39
74125|84608|1388|33209|4485|2172|2|386.00|57.90|2008-12-12 11:44:21
74240|84727|25131|10695|2696|2179|2|800.00|120.00|2008-12-19 11:48:42
74521|85045|43798|7962|2939|2186|1|66.00|9.90|2008-12-26 12:00:01
74826|85413|33678|37291|2999|2162|2|418.00|62.70|2008-12-02 12:11:55
74905|85503|20825|6632|5480|2161|2|80.00|12.00|2008-12-01 12:15:22
75181|85818|40533|14237|2431|2161|2|232.00|34.80|2008-12-01 12:24:36
75207|85856|41558|44503|6576|2163|2|222.00|33.30|2008-12-03 12:25:38
75441|86142|12009|12858|2442|2170|2|374.00|56.10|2008-12-10 12:34:07
75443|86142|12009|5385|2442|2161|1|187.00|28.05|2008-12-01 12:34:12
75620|86355|35458|29631|2561|2164|2|196.00|29.40|2008-12-04 12:40:51
75737|86486|17415|38751|4838|2168|2|166.00|24.90|2008-12-08 12:45:15
75752|86496|13627|3760|8754|2177|4|1476.00|221.40|2008-12-17 12:45:48
76119|86950|49319|4037|5742|2171|1|499.00|74.85|2008-12-11 12:59:05
76429|87274|34097|9328|7954|2181|1|234.00|35.10|2008-12-21 05:48:48
76433|87279|17132|18731|1418|2175|2|74.00|11.10|2008-12-15 05:52:03
76454|87305|1040|11014|6827|2164|2|816.00|122.40|2008-12-04 06:14:26
76455|87305|1040|13798|6827|2167|3|1224.00|183.60|2008-12-07 06:16:50
76456|87305|1040|8472|6827|2161|1|408.00|61.20|2008-12-01 06:17:24
76471|87322|34554|18872|2960|2167|2|172.00|25.80|2008-12-07 06:36:21
76737|87687|44717|1264|2866|2165|2|78.00|11.70|2008-12-05 11:19:17
76738|87687|44717|16341|2866|2183|4|156.00|23.40|2008-12-23 11:23:36
77054|88048|13711|10895|2041|2172|3|1473.00|220.95|2008-12-12 05:27:00
77156|88141|25791|8144|8667|2162|1|355.00|53.25|2008-12-02 07:48:04
77499|88488|7887|28410|1876|2167|4|1460.00|219.00|2008-12-07 02:11:29
77574|88587|26189|12541|7429|2167|1|314.00|47.10|2008-12-07 03:23:38
77668|88702|26370|10142|7660|2166|1|41.00|6.15|2008-12-06 05:01:43
77871|88925|20783|6982|4675|2167|4|1772.00|265.80|2008-12-07 09:05:40
77872|88925|20783|8478|4675|2169|1|443.00|66.45|2008-12-09 09:06:30
77873|88925|20783|13261|4675|2174|2|886.00|132.90|2008-12-14 09:07:36
77945|89005|43829|13271|3877|2166|2|66.00|9.90|2008-12-06 10:25:05
77946|89005|43829|12158|3877|2165|1|33.00|4.95|2008-12-05 10:25:19
78659|89800|23170|20732|479|2162|1|328.00|49.20|2008-12-02 11:44:07
78698|89841|43606|26262|3569|2165|2|600.00|90.00|2008-12-05 12:21:22
78708|89848|39187|25886|8346|2165|2|930.00|139.50|2008-12-05 12:30:41
79519|90837|42231|25878|830|2180|1|439.00|65.85|2008-12-20 03:49:12
79520|90837|42231|10677|830|2161|4|1756.00|263.40|2008-12-01 03:51:11
79521|90837|42231|18154|830|2170|2|878.00|131.70|2008-12-10 03:51:36
79684|90992|6980|606|3555|2169|2|534.00|80.10|2008-12-09 06:55:09
80156|91534|26936|32142|5917|2169|2|136.00|20.40|2008-12-09 04:15:09
80328|91734|2964|11340|6401|2164|3|1335.00|200.25|2008-12-04 07:30:48
80757|92159|16089|20017|5776|2161|2|772.00|115.80|2008-12-01 04:14:25
80864|92263|6088|18724|6957|2186|1|54.00|8.10|2008-12-26 06:24:08
81304|92720|48908|20279|8735|2161|1|52.00|7.80|2008-12-01 03:36:59
81503|92944|13282|3659|187|2171|2|336.00|50.40|2008-12-11 07:21:22
81564|93017|43702|25198|2206|2174|2|814.00|122.10|2008-12-14 08:33:22
81609|93067|3823|21226|5552|2174|2|418.00|62.70|2008-12-14 09:34:15
81802|93277|13381|29313|7926|2164|1|485.00|72.75|2008-12-04 01:32:07
81831|93315|17713|29559|4751|2164|2|50.00|7.50|2008-12-04 02:05:54
82633|94242|2436|9084|8475|2175|1|201.00|30.15|2008-12-15 05:29:31
82683|94288|24890|10858|1690|2169|1|279.00|41.85|2008-12-09 06:21:45
82793|94382|11845|4978|6356|2172|2|76.00|11.40|2008-12-12 08:23:42
82799|94388|40138|41563|8212|2169|2|790.00|118.50|2008-12-09 08:27:13
82800|94388|40138|38300|8212|2165|1|395.00|59.25|2008-12-05 08:30:22
82931|94539|33095|47209|5481|2184|1|252.00|37.80|2008-12-24 10:53:21
83146|94753|30307|34441|375|2169|1|464.00|69.60|2008-12-09 03:00:27
83264|94901|18427|9713|3175|2179|1|354.00|53.10|2008-12-19 05:06:32
83403|95100|42359|21117|74|2167|2|714.00|107.10|2008-12-07 08:05:37
83508|95239|43198|30299|6395|2161|1|463.00|69.45|2008-12-01 10:15:37
83607|95346|34167|22130|8487|2166|1|119.00|17.85|2008-12-06 12:09:19
83763|95521|23970|11179|5553|2184|1|380.00|57.00|2008-12-24 03:08:19
84283|96155|46766|14611|347|2167|2|298.00|44.70|2008-12-07 01:58:49
84648|96611|17757|2221|8521|2173|1|458.00|68.70|2008-12-13 09:32:47
84890|96880|43360|28550|2429|2184|1|342.00|51.30|2008-12-24 02:18:09
84891|96880|43360|16376|2429|2169|4|1368.00|205.20|2008-12-09 02:20:43
85024|97065|24947|21724|4847|2168|2|916.00|137.40|2008-12-08 05:17:01
85247|97313|35625|28266|5316|2169|2|448.00|67.20|2008-12-09 09:26:56
85248|97313|35625|22335|5316|2162|1|224.00|33.60|2008-12-02 09:29:18
85527|97639|31293|21584|2793|2179|2|156.00|23.40|2008-12-19 02:48:37
85528|97639|31293|12852|2793|2169|4|312.00|46.80|2008-12-09 02:49:55
85529|97639|31293|24307|2793|2183|1|78.00|11.70|2008-12-23 02:53:58
85789|97925|17647|8796|5744|2168|2|58.00|8.70|2008-12-08 08:03:07
85897|98067|2094|30723|2431|2170|1|125.00|18.75|2008-12-10 10:17:40
86119|98311|48558|23461|3424|2171|4|1904.00|285.60|2008-12-11 03:10:40
86120|98311|48558|26445|3424|2174|2|952.00|142.80|2008-12-14 03:12:08
86540|98787|40525|22188|106|2169|2|982.00|147.30|2008-12-09 11:22:50
86566|98837|4756|22076|4870|2171|1|66.00|9.90|2008-12-11 11:48:55
86631|98901|23903|401|1829|2187|2|172.00|25.80|2008-12-27 12:57:52
86887|99201|4913|26603|7274|2170|2|250.00|37.50|2008-12-10 05:42:37
86909|99228|27465|24517|3411|2168|4|392.00|58.80|2008-12-08 06:00:19
86910|99228|27465|20421|3411|2163|2|196.00|29.40|2008-12-03 06:01:04
87398|99807|13817|2158|6957|2175|3|825.00|123.75|2008-12-15 02:57:54
87399|99807|13817|2296|6957|2175|4|1100.00|165.00|2008-12-15 02:58:51
87492|99911|34063|30920|4323|2162|3|234.00|35.10|2008-12-02 05:02:21
88215|100749|41890|6895|2939|2188|1|266.00|39.90|2008-12-28 06:37:28
88216|100749|41890|7089|2939|2188|4|1064.00|159.60|2008-12-28 06:38:05
88438|101019|26200|5946|3131|2183|2|430.00|64.50|2008-12-23 10:35:27
88655|101273|22741|41251|8657|2167|2|340.00|51.00|2008-12-07 02:33:56
88679|101300|15790|25170|1042|2171|1|97.00|14.55|2008-12-11 02:57:34
88680|101300|15790|26925|1042|2173|2|194.00|29.10|2008-12-13 03:00:12
88784|101417|26722|29803|7244|2181|2|572.00|85.80|2008-12-21 04:54:20
88899|101552|4598|11798|4449|2178|3|756.00|113.40|2008-12-18 07:03:07
88900|101552|4598|4436|4449|2169|2|504.00|75.60|2008-12-09 07:04:36
88919|101566|8941|20815|4449|2175|1|279.00|41.85|2008-12-15 07:28:35
89088|101748|42789|47288|857|2166|2|100.00|15.00|2008-12-06 10:52:06
89149|101818|2471|10482|6080|2172|1|195.00|29.25|2008-12-12 12:11:25
89152|101826|35168|47112|1253|2166|1|213.00|31.95|2008-12-06 12:22:36
89446|102146|22875|21614|1403|2168|2|880.00|132.00|2008-12-08 05:51:30
89447|102146|22875|32766|1403|2182|4|1760.00|264.00|2008-12-22 05:52:45
89678|102402|48614|44737|6779|2162|1|280.00|42.00|2008-12-02 09:58:53
90968|103814|15384|960|6395|2171|2|60.00|9.00|2008-12-11 11:22:06
91307|104217|37278|33551|8086|2167|4|1452.00|217.80|2008-12-07 05:41:48
91566|104483|3176|31138|6779|2164|2|76.00|11.40|2008-12-04 10:28:10
91567|104483|3176|32069|6779|2165|1|38.00|5.70|2008-12-05 10:28:46
91674|104602|34484|16877|6194|2171|1|393.00|58.95|2008-12-11 12:23:23
91823|104767|48461|3069|5730|2173|2|864.00|129.60|2008-12-13 03:07:05
92025|105020|20518|30954|1440|2171|2|516.00|77.40|2008-12-11 06:54:11
92101|105096|31481|10433|2867|2178|2|736.00|110.40|2008-12-18 08:13:40
92342|105397|1304|15670|2178|2163|2|268.00|40.20|2008-12-03 01:06:27
92395|105461|31002|16614|7604|2173|1|267.00|40.05|2008-12-13 02:10:31
92396|105461|31002|9992|7604|2165|2|534.00|80.10|2008-12-05 02:11:19
92644|105756|19794|14919|7010|2168|2|158.00|23.70|2008-12-08 06:22:56
92725|105844|3816|15557|5424|2167|2|348.00|52.20|2008-12-07 08:16:31
93317|106556|39657|42096|6976|2182|1|213.00|31.95|2008-12-22 07:48:24
93365|106629|2993|1785|5504|2172|1|285.00|42.75|2008-12-12 08:35:48
93498|106773|44874|39144|4143|2176|1|424.00|63.60|2008-12-16 11:15:45
93582|106862|32463|10880|7581|2181|1|363.00|54.45|2008-12-21 12:49:01
93605|106900|23092|24916|5699|2171|1|107.00|16.05|2008-12-11 01:18:39
93662|106966|28551|27475|661|2162|1|476.00|71.40|2008-12-02 02:27:29
93776|107109|3676|15857|8262|2186|1|267.00|40.05|2008-12-26 04:40:54
93777|107109|3676|7465|8262|2175|4|1068.00|160.20|2008-12-15 04:42:43
93971|107319|43232|25392|5251|2169|1|421.00|63.15|2008-12-09 08:33:32
93972|107319|43232|26155|5251|2170|2|842.00|126.30|2008-12-10 08:33:36
94225|107608|14586|31783|3566|2178|2|732.00|109.80|2008-12-18 01:07:31
94226|107608|14586|24916|3566|2169|1|366.00|54.90|2008-12-09 01:07:44
94644|108063|9794|39144|1028|2181|1|355.00|53.25|2008-12-21 08:48:40
94929|108372|4759|21859|7575|2171|1|265.00|39.75|2008-12-11 02:53:59
95608|109175|37020|23481|3748|2166|1|176.00|26.40|2008-12-06 04:32:53
95836|109407|26554|39844|7840|2168|1|252.00|37.80|2008-12-08 09:19:08
95957|109543|29947|37295|2711|2174|2|236.00|35.40|2008-12-14 11:45:38
95958|109543|29947|30293|2711|2166|1|118.00|17.70|2008-12-06 11:46:51
96077|109697|25383|12346|7429|2178|2|782.00|117.30|2008-12-18 02:20:24
96114|109746|32434|43240|8667|2169|4|184.00|27.60|2008-12-09 03:07:12
96343|109995|41880|22938|2852|2163|1|329.00|49.35|2008-12-03 08:43:10
96506|110172|34325|18116|5348|2177|2|904.00|135.60|2008-12-17 11:41:14
97083|110812|2333|25859|7195|2184|2|472.00|70.80|2008-12-24 12:27:13
97121|110848|48044|45879|5241|2169|1|338.00|50.70|2008-12-09 01:03:33
97195|110940|47391|16348|3601|2183|1|204.00|30.60|2008-12-23 02:30:01
97196|110940|47391|18774|3601|2186|2|408.00|61.20|2008-12-26 02:30:02
97269|111041|24745|41162|865|2176|4|1720.00|258.00|2008-12-16 04:20:41
97270|111041|24745|39610|865|2174|2|860.00|129.00|2008-12-14 04:21:34
97271|111041|24745|33608|865|2167|1|430.00|64.50|2008-12-07 04:25:48
97272|111041|24745|28694|865|2161|3|1290.00|193.50|2008-12-01 04:27:35
97325|111116|45129|25938|2181|2170|1|80.00|12.00|2008-12-10 05:37:05
97365|111156|17927|1639|7581|2166|1|128.00|19.20|2008-12-06 06:27:50
97797|111702|35080|4580|2401|2186|3|366.00|54.90|2008-12-26 03:02:00
98099|112049|15837|9849|4707|2165|2|66.00|9.90|2008-12-05 09:51:50
98164|112147|33271|4155|5375|2180|2|178.00|26.70|2008-12-20 11:01:30
98527|112569|28249|4680|830|2170|4|256.00|38.40|2008-12-10 05:57:18
98606|112670|33861|7573|1969|2161|2|878.00|131.70|2008-12-01 07:41:15
98816|112937|22227|10624|2061|2164|1|245.00|36.75|2008-12-04 12:10:32
98817|112937|22227|8048|2061|2161|2|490.00|73.50|2008-12-01 12:11:56
99052|113206|24242|29253|3131|2182|2|358.00|53.70|2008-12-22 05:20:37
99231|113430|3154|31249|6430|2168|2|604.00|90.60|2008-12-08 09:27:14
99258|113454|3406|2880|914|2189|2|806.00|120.90|2008-12-29 10:12:54
99259|113454|3406|987|914|2187|4|1612.00|241.80|2008-12-27 10:13:36
99735|114005|11609|36591|1387|2173|1|301.00|45.15|2008-12-13 08:27:05
100138|114494|8478|46253|5287|2179|2|446.00|66.90|2008-12-19 06:23:46
100139|114494|8478|42043|5287|2174|4|892.00|133.80|2008-12-14 06:29:55
100452|114857|34466|15977|1712|2171|1|46.00|6.90|2008-12-11 01:20:39
100463|114870|12445|25605|2435|2174|1|226.00|33.90|2008-12-14 01:34:54
100791|115263|18193|43587|1927|2161|1|91.00|13.65|2008-12-01 09:36:59
100855|115345|48015|23210|5145|2177|1|294.00|44.10|2008-12-17 11:05:25
100856|115345|48015|9588|5145|2161|2|588.00|88.20|2008-12-01 11:06:17
101195|115727|45960|27615|766|2164|2|642.00|96.30|2008-12-04 07:53:31
101321|115849|40062|32710|5638|2165|1|332.00|49.80|2008-12-05 10:38:13
101367|115909|32385|47008|7255|2167|2|928.00|139.20|2008-12-07 11:42:25
101513|116078|16135|914|69|2165|4|1476.00|221.40|2008-12-05 03:05:41
101643|116230|8405|4192|7547|2189|2|264.00|39.60|2008-12-29 06:24:47
101719|116330|47433|13318|5297|2165|2|982.00|147.30|2008-12-05 08:19:05
101720|116330|47433|16577|5297|2169|1|491.00|73.65|2008-12-09 08:20:02
101721|116330|47433|16065|5297|2169|3|1473.00|220.95|2008-12-09 08:23:51
101841|116455|26450|38143|7846|2168|1|335.00|50.25|2008-12-08 11:33:53
101898|116535|23744|10365|5877|2167|1|411.00|61.65|2008-12-07 12:48:43
101962|116614|24209|4005|6161|2162|1|125.00|18.75|2008-12-02 02:32:18
101963|116614|24209|5542|6161|2164|2|250.00|37.50|2008-12-04 02:36:13
102177|116852|23732|3772|8305|2170|1|262.00|39.30|2008-12-10 07:33:23
102181|116859|24746|22511|2852|2163|1|414.00|62.10|2008-12-03 07:39:20
102182|116859|24746|23885|2852|2164|2|828.00|124.20|2008-12-04 07:39:38
102219|116916|15655|20484|187|2163|1|298.00|44.70|2008-12-03 08:33:36
102221|116916|15655|24677|187|2168|4|1192.00|178.80|2008-12-08 08:37:33
102373|117133|26190|35491|2141|2191|4|1008.00|151.20|2008-12-31 12:58:19
102430|117189|41643|44824|4864|2172|1|164.00|24.60|2008-12-12 02:35:19
102551|117334|37026|6687|4773|2170|1|41.00|6.15|2008-12-10 05:42:19
102707|117491|13735|33417|7184|2172|3|372.00|55.80|2008-12-12 09:39:51
102713|117501|31629|27140|479|2177|1|213.00|31.95|2008-12-17 09:49:20
102914|117719|38360|2181|2429|2175|1|311.00|46.65|2008-12-15 03:12:14
102960|117776|6777|766|2062|2171|4|1148.00|172.20|2008-12-11 04:16:40
103139|117947|4820|16577|2836|2170|1|316.00|47.40|2008-12-10 08:29:26
103156|117970|46322|38031|6911|2164|2|268.00|40.20|2008-12-04 08:59:10
103157|117970|46322|40619|6911|2167|1|134.00|20.10|2008-12-07 09:01:28
103163|117980|26190|972|6361|2181|2|948.00|142.20|2008-12-21 09:07:04
103319|118160|21662|26219|5297|2174|2|402.00|60.30|2008-12-14 01:35:16
103453|118298|45394|40184|6331|2168|3|1287.00|193.05|2008-12-08 05:03:49
103480|118335|18172|27139|7289|2161|4|304.00|45.60|2008-12-01 05:35:12
103671|118584|514|42497|285|2164|2|490.00|73.50|2008-12-04 10:26:58
103733|118661|15035|6592|6178|2165|2|654.00|98.10|2008-12-05 11:58:43
103734|118661|15035|18350|6178|2180|1|327.00|49.05|2008-12-20 11:58:48
103736|118663|40703|24137|5630|2187|1|424.00|63.60|2008-12-27 11:59:23
103737|118663|40703|17067|5630|2179|4|1696.00|254.40|2008-12-19 11:59:30
103738|118663|40703|9480|5630|2170|2|848.00|127.20|2008-12-10 12:00:40
103786|118729|39128|29444|164|2162|2|506.00|75.90|2008-12-02 01:24:24
104277|119295|20424|38942|5513|2184|2|794.00|119.10|2008-12-24 02:33:09
104278|119295|20424|38131|5513|2183|1|397.00|59.55|2008-12-23 02:35:27
104358|119403|34481|16322|6109|2167|1|316.00|47.40|2008-12-07 05:31:21
104504|119549|46745|6810|2769|2163|1|252.00|37.80|2008-12-03 10:04:27
104521|119572|19718|19881|1829|2172|2|480.00|72.00|2008-12-12 10:36:00
104547|119612|582|10722|1029|2169|2|436.00|65.40|2008-12-09 11:08:59
104606|119683|14447|37211|1249|2173|1|477.00|71.55|2008-12-13 12:50:01
104677|119789|13995|6810|4322|2178|1|111.00|16.65|2008-12-18 02:35:28
104803|119937|15724|3887|3873|2188|2|816.00|122.40|2008-12-28 05:57:56
104891|120028|2994|34655|4594|2167|2|688.00|103.20|2008-12-07 08:26:21
104970|120117|2564|21221|1208|2173|1|319.00|47.85|2008-12-13 11:23:51
104982|120128|43854|1658|1545|2188|1|275.00|41.25|2008-12-28 11:40:40
105061|120212|28706|11547|1253|2164|3|207.00|31.05|2008-12-04 02:42:55
105162|120343|10637|19738|919|2170|1|106.00|15.90|2008-12-10 05:03:57
105202|120380|17096|12261|7610|2177|1|322.00|48.30|2008-12-17 05:59:51
105203|120380|17096|1201|7610|2164|2|644.00|96.60|2008-12-04 06:01:01
105228|120411|11873|9472|5665|2173|1|340.00|51.00|2008-12-13 06:42:42
105496|120737|27079|8218|675|2161|1|202.00|30.30|2008-12-01 01:52:49
105564|120816|46567|10359|8173|2167|1|354.00|53.10|2008-12-07 04:11:37
105565|120816|46567|8959|8173|2165|2|708.00|106.20|2008-12-05 04:12:42
105611|120872|5408|26129|5181|2179|1|168.00|25.20|2008-12-19 05:17:24
106025|121351|40782|49003|4086|2183|2|140.00|21.00|2008-12-23 05:40:39
106027|121351|40782|37744|4086|2170|1|70.00|10.50|2008-12-10 05:41:30
106429|121796|47571|44869|1122|2161|3|1404.00|210.60|2008-12-01 05:38:28
106487|121854|1167|10240|3260|2184|2|940.00|141.00|2008-12-24 07:35:01
106488|121854|1167|499|3260|2172|1|470.00|70.50|2008-12-12 07:36:22
106770|122202|6239|11921|6951|2166|2|950.00|142.50|2008-12-06 04:43:19
106847|122269|35583|25468|106|2180|2|370.00|55.50|2008-12-20 06:56:16
106941|122387|27231|17455|2636|2162|1|136.00|20.40|2008-12-02 09:44:35
106942|122387|27231|18805|2636|2164|4|544.00|81.60|2008-12-04 09:45:36
107240|122730|6203|10408|6537|2171|1|304.00|45.60|2008-12-11 07:40:57
107587|123132|38026|35220|1042|2185|1|241.00|36.15|2008-12-25 08:58:53
107659|123216|8520|42625|4031|2178|1|233.00|34.95|2008-12-18 11:50:26
107761|123333|42961|34674|830|2171|4|1180.00|177.00|2008-12-11 03:07:21
108356|124013|48170|22634|2714|2167|4|592.00|88.80|2008-12-07 02:37:39
108357|124013|48170|25316|2714|2170|2|296.00|44.40|2008-12-10 02:37:50
108390|124062|12800|3029|2061|2163|4|164.00|24.60|2008-12-03 03:40:30
108418|124099|17391|5905|7195|2161|1|92.00|13.80|2008-12-01 04:37:12
108896|124665|17297|27831|2768|2178|1|92.00|13.80|2008-12-18 09:01:57
109275|125134|13806|42172|7456|2168|1|351.00|52.65|2008-12-08 01:14:22
109714|125642|15092|29774|8346|2166|2|604.00|90.60|2008-12-06 08:52:02
109808|125721|1909|38590|1877|2169|2|978.00|146.70|2008-12-09 12:36:25
110015|125993|11246|25813|5818|2183|1|381.00|57.15|2008-12-23 10:26:48
110016|125993|11246|9177|5818|2164|3|1143.00|171.45|2008-12-04 10:27:38
110017|125993|11246|22859|5818|2180|2|762.00|114.30|2008-12-20 10:30:52
110056|126054|22324|31542|3745|2176|1|500.00|75.00|2008-12-16 12:49:40
110305|126321|43146|43636|6356|2171|1|194.00|29.10|2008-12-11 12:13:59
110306|126321|43146|43807|6356|2171|2|388.00|58.20|2008-12-11 12:15:06
110410|126446|10919|20909|6047|2169|1|432.00|64.80|2008-12-09 05:03:03
110419|126454|19258|20499|7354|2170|2|692.00|103.80|2008-12-10 05:25:58
110421|126454|19258|17983|7354|2167|4|1384.00|207.60|2008-12-07 05:31:20
110481|126531|24655|41007|4286|2177|3|543.00|81.45|2008-12-17 08:35:12
110483|126531|24655|29190|4286|2163|2|362.00|54.30|2008-12-03 08:40:17
110812|126937|12177|37649|5689|2162|3|390.00|58.50|2008-12-02 12:51:43
110813|126937|12177|38503|5689|2163|1|130.00|19.50|2008-12-03 12:53:05
110814|126937|12177|42610|5689|2168|2|260.00|39.00|2008-12-08 12:53:09
111676|127905|19646|18908|5424|2162|4|1264.00|189.60|2008-12-02 08:49:23
112192|128535|20620|10303|2929|2169|2|356.00|53.40|2008-12-09 09:37:03
112356|128726|33980|23093|4847|2171|2|280.00|42.00|2008-12-11 12:29:18
112406|128779|36943|15025|353|2161|1|191.00|28.65|2008-12-01 05:12:51
112563|128990|34889|9090|6827|2164|4|1024.00|153.60|2008-12-04 08:45:37
112648|129082|28448|13996|189|2174|1|305.00|45.75|2008-12-14 07:57:47
112649|129082|28448|10002|189|2170|2|610.00|91.50|2008-12-10 07:58:11
112757|129189|37|23876|1750|2167|1|346.00|51.90|2008-12-07 11:45:44
112938|129370|14429|37227|2939|2183|1|358.00|53.70|2008-12-23 02:11:40
112939|129370|14429|32218|2939|2177|2|716.00|107.40|2008-12-17 02:20:58
113164|129638|4636|4815|8475|2175|1|331.00|49.65|2008-12-15 12:04:16
113488|130009|14501|20651|3320|2169|2|208.00|31.20|2008-12-09 09:50:15
113582|130094|2646|2728|5301|2169|1|33.00|4.95|2008-12-09 09:37:11
113583|130094|2646|13324|5301|2181|2|66.00|9.90|2008-12-21 09:42:49
113995|130591|20088|39957|5552|2171|2|314.00|47.10|2008-12-11 05:58:14
114129|130726|30991|11404|8200|2169|3|825.00|123.75|2008-12-09 05:49:30
114401|131032|36348|6368|6057|2172|1|121.00|18.15|2008-12-12 03:35:51
114402|131032|36348|3152|6057|2168|2|242.00|36.30|2008-12-08 03:47:49
114551|131181|13644|2619|2960|2171|2|278.00|41.70|2008-12-11 01:53:11
114812|131479|38323|35520|807|2172|4|1048.00|157.20|2008-12-12 08:51:49
115025|131694|37047|42602|766|2161|2|786.00|117.90|2008-12-01 10:01:16
115146|131822|14600|6725|4171|2172|2|114.00|17.10|2008-12-12 04:54:53
115298|132008|42379|42550|3941|2188|2|164.00|24.60|2008-12-28 02:17:16
115452|132183|24681|10785|5424|2175|4|156.00|23.40|2008-12-15 09:49:00
115453|132183|24681|10681|5424|2175|1|39.00|5.85|2008-12-15 09:49:33
115666|132436|388|24722|3588|2170|1|182.00|27.30|2008-12-10 09:46:00
115678|132448|20614|14289|1750|2165|3|288.00|43.20|2008-12-05 10:19:44
115728|132513|23220|23881|2141|2169|1|124.00|18.60|2008-12-09 12:19:29
115996|132826|44530|15074|3563|2174|2|536.00|80.40|2008-12-14 01:13:58
116011|132845|39697|29032|2714|2165|1|286.00|42.90|2008-12-05 01:54:39
116012|132845|39697|40264|2714|2179|2|572.00|85.80|2008-12-19 01:54:56
116070|132905|8183|25378|3177|2173|2|390.00|58.50|2008-12-13 04:52:13
116801|133746|7206|25946|8645|2189|1|130.00|19.50|2008-12-29 12:15:56
116883|133830|30780|23455|5155|2168|2|756.00|113.40|2008-12-08 04:09:25
116908|133856|24525|20159|5552|2167|1|154.00|23.10|2008-12-07 05:11:18
117050|134018|24525|17723|1432|2167|2|726.00|108.90|2008-12-07 10:39:00
117643|134711|14570|17865|5375|2188|1|213.00|31.95|2008-12-28 10:06:34
118068|135241|27274|32074|6403|2179|1|389.00|58.35|2008-12-19 01:23:34
118070|135241|27274|39269|6403|2188|2|778.00|116.70|2008-12-28 01:29:53
118397|135615|37628|29707|1249|2169|2|290.00|43.50|2008-12-09 12:54:53
118514|135748|18190|13667|1972|2169|2|870.00|130.50|2008-12-09 04:49:35
118515|135748|18190|10886|1972|2166|3|1305.00|195.75|2008-12-06 04:55:46
118516|135748|18190|26970|1972|2185|1|435.00|65.25|2008-12-25 04:56:57
118517|135748|18190|19206|1972|2176|4|1740.00|261.00|2008-12-16 04:58:07
118605|135857|42885|12832|4343|2173|1|76.00|11.40|2008-12-13 08:11:04
118790|136037|5012|24070|6194|2185|2|974.00|146.10|2008-12-25 02:14:56
119011|136301|32181|15065|5552|2164|1|132.00|19.80|2008-12-04 09:45:13
119766|137130|17241|2824|22|2164|2|256.00|38.40|2008-12-04 11:34:34
119846|137223|37764|13277|4322|2170|1|190.00|28.50|2008-12-10 02:35:22
119847|137223|37764|20360|4322|2179|2|380.00|57.00|2008-12-19 02:36:50
120269|137720|33832|20885|8372|2178|1|64.00|9.60|2008-12-18 04:19:31
120527|138001|7614|27404|4870|2164|2|106.00|15.90|2008-12-04 12:08:54
120530|138001|7614|37622|4870|2177|3|159.00|23.85|2008-12-17 12:11:42
120762|138241|26274|30019|816|2183|4|972.00|145.80|2008-12-23 07:34:42
120768|138246|49605|9712|6883|2165|1|67.00|10.05|2008-12-05 07:39:13
120936|138434|25244|37232|520|2165|2|990.00|148.50|2008-12-05 12:20:15
120942|138439|10736|25466|624|2165|2|964.00|144.60|2008-12-05 12:32:31
121052|138554|10937|32122|316|2189|2|62.00|9.30|2008-12-29 04:11:25
121053|138554|10937|9892|316|2162|1|31.00|4.65|2008-12-02 04:15:32
121112|138623|46442|19865|2935|2167|2|314.00|47.10|2008-12-07 06:07:21
121113|138623|46442|20844|2935|2169|1|157.00|23.55|2008-12-09 06:07:22
121173|138687|17351|25152|1489|2186|4|1696.00|254.40|2008-12-26 08:01:20
121174|138687|17351|8384|1489|2166|1|424.00|63.60|2008-12-06 08:01:57
121301|138865|35133|29573|3358|2180|2|450.00|67.50|2008-12-20 11:54:17
121886|139533|25545|4276|5281|2175|2|188.00|28.20|2008-12-15 04:20:23
122136|139822|8463|31155|3566|2179|1|408.00|61.20|2008-12-19 10:36:06
122137|139822|8463|19701|3566|2165|2|816.00|122.40|2008-12-05 10:36:27
122600|140333|23037|27495|6402|2167|1|416.00|62.40|2008-12-07 10:47:07
122698|140462|16875|2676|2429|2173|2|574.00|86.10|2008-12-13 01:31:01
122906|140702|34505|14919|8262|2162|1|87.00|13.05|2008-12-02 06:49:55
122907|140702|34505|31876|8262|2183|4|348.00|52.20|2008-12-23 06:49:58
123590|141492|34511|43635|3372|2184|3|1344.00|201.60|2008-12-24 11:17:43
123592|141492|34511|35298|3372|2174|1|448.00|67.20|2008-12-14 11:21:11
123593|141492|34511|33278|3372|2171|2|896.00|134.40|2008-12-11 11:22:06
123654|141554|44700|18438|1208|2164|2|792.00|118.80|2008-12-04 01:03:39
123754|141689|10119|10011|807|2175|2|608.00|91.20|2008-12-15 03:41:56
123755|141689|10119|10091|807|2175|4|1216.00|182.40|2008-12-15 03:42:09
123787|141720|25565|17375|7547|2176|1|429.00|64.35|2008-12-16 04:30:30
123818|141756|40117|36964|1284|2171|1|453.00|67.95|2008-12-11 05:20:40
124039|142036|36030|22923|1403|2181|2|874.00|131.10|2008-12-21 11:26:35
124096|142137|3450|8265|5885|2184|1|37.00|5.55|2008-12-24 01:05:23
124291|142327|15051|34220|5316|2165|4|208.00|31.20|2008-12-05 05:55:40
124394|142438|48772|31245|1972|2173|3|672.00|100.80|2008-12-13 08:38:37
124571|142664|22051|24812|3615|2180|4|328.00|49.20|2008-12-20 12:59:28
124572|142664|22051|14875|3615|2168|2|164.00|24.60|2008-12-08 12:59:50
124809|142913|39451|30777|104|2164|4|1800.00|270.00|2008-12-04 06:33:04
125230|143414|19250|30374|1730|2167|1|286.00|42.90|2008-12-07 04:31:27
125398|143593|45580|33316|2429|2185|2|978.00|146.70|2008-12-25 08:17:39
125399|143593|45580|26368|2429|2177|3|1467.00|220.05|2008-12-17 08:17:56
125515|143726|42932|27561|7575|2163|2|480.00|72.00|2008-12-03 10:53:44
125516|143726|42932|31151|7575|2167|4|960.00|144.00|2008-12-07 10:53:59
125772|143988|33411|28965|4449|2166|2|406.00|60.90|2008-12-06 05:11:26
126151|144462|9210|27315|5569|2163|1|434.00|65.10|2008-12-03 01:48:47
126317|144672|1935|49365|7670|2180|2|298.00|44.70|2008-12-20 05:24:42
127029|145505|18489|2057|3657|2165|1|291.00|43.65|2008-12-05 08:56:37
127030|145505|18489|337|3657|2163|2|582.00|87.30|2008-12-03 08:57:05
127140|145634|35720|41433|4825|2166|1|151.00|22.65|2008-12-06 11:21:07
127484|146073|13042|2221|4807|2173|2|118.00|17.70|2008-12-13 07:03:06
127721|146360|19603|33119|1028|2170|2|604.00|90.60|2008-12-10 12:29:33
127722|146360|19603|42847|1028|2182|1|302.00|45.30|2008-12-22 12:30:33
128484|147287|46599|4896|6435|2177|2|820.00|123.00|2008-12-17 05:12:40
128485|147287|46599|4842|6435|2177|4|1640.00|246.00|2008-12-17 05:15:42
128637|147449|16844|6534|6403|2172|2|626.00|93.90|2008-12-12 08:21:11
128680|147502|26406|20350|4343|2162|3|99.00|14.85|2008-12-02 09:03:53
128929|147791|39038|17535|6999|2176|1|340.00|51.00|2008-12-16 02:13:23
128942|147807|49049|1108|1432|2170|2|102.00|15.30|2008-12-10 02:27:18
128943|147807|49049|1033|1432|2170|1|51.00|7.65|2008-12-10 02:29:45
129018|147893|47365|1577|1489|2185|4|216.00|32.40|2008-12-25 03:57:48
129265|148212|48618|3132|7188|2167|4|1884.00|282.60|2008-12-07 09:33:32
129298|148265|35254|20349|6779|2164|1|239.00|35.85|2008-12-04 10:12:33
129660|148708|47774|31188|1284|2170|2|278.00|41.70|2008-12-10 05:43:12
129753|148809|5976|23367|1009|2168|2|434.00|65.10|2008-12-08 07:41:39
129767|148822|10428|17765|1019|2183|2|796.00|119.40|2008-12-23 07:51:44
129775|148831|14709|3095|6885|2179|2|214.00|32.10|2008-12-19 08:03:53
129975|149036|45569|33897|5627|2169|4|1312.00|196.80|2008-12-09 12:08:56
130391|149494|36909|5368|5102|2166|1|445.00|66.75|2008-12-06 08:59:17
130402|149516|5179|4566|3358|2181|2|290.00|43.50|2008-12-21 09:16:28
130436|149541|6942|28699|1387|2172|1|83.00|12.45|2008-12-12 09:53:19
130528|149650|23398|37353|3352|2169|1|27.00|4.05|2008-12-09 11:45:04
130615|149757|44700|879|940|2166|1|142.00|21.30|2008-12-06 01:10:30
130662|149803|10261|35495|734|2166|2|624.00|93.60|2008-12-06 01:59:01
130904|150098|34638|26925|8533|2162|2|558.00|83.70|2008-12-02 06:40:48
130905|150098|34638|37353|8533|2174|1|279.00|41.85|2008-12-14 06:43:36
130916|150114|10394|7073|5578|2175|1|451.00|67.65|2008-12-15 06:56:13
130917|150114|10394|15857|5578|2186|2|902.00|135.30|2008-12-26 06:57:31
131052|150288|1790|30393|7874|2161|2|354.00|53.10|2008-12-01 09:32:17
131105|150370|26402|38805|3877|2163|2|328.00|49.20|2008-12-03 10:39:47
131248|151556|26|2098|1780|2172|1|473.00|70.95|2008-12-12 01:14:03
131314|151626|31596|47019|2170|2184|2|494.00|74.10|2008-12-24 02:20:01
131479|151826|41776|38497|2552|2167|1|111.00|16.65|2008-12-07 05:27:01
131615|151987|26781|39622|7788|2169|2|558.00|83.70|2008-12-09 08:10:06
131732|152142|45963|25391|5638|2173|1|226.00|33.90|2008-12-13 10:26:53
131867|152293|19857|16752|2648|2170|2|822.00|123.30|2008-12-10 12:58:02
131868|152293|19857|11638|2648|2163|4|1644.00|246.60|2008-12-03 01:01:18
132019|152454|26853|6408|1440|2163|1|143.00|21.45|2008-12-03 03:57:42
132309|152793|26032|9576|3629|2176|2|398.00|59.70|2008-12-16 09:11:56
132591|153151|4856|19953|4031|2182|1|75.00|11.25|2008-12-22 02:41:16
132601|153162|16655|16535|6999|2164|1|287.00|43.05|2008-12-04 03:00:15
132613|153173|48635|11554|3563|2184|1|55.00|8.25|2008-12-24 03:17:28
132684|153242|2856|45688|3588|2172|1|204.00|30.60|2008-12-12 04:38:38
132962|153579|45693|6694|7289|2171|2|864.00|129.60|2008-12-11 09:39:25
133162|153818|24027|23561|2636|2162|1|367.00|55.05|2008-12-02 01:39:55
133167|153823|31275|18360|5474|2167|4|240.00|36.00|2008-12-07 01:42:09
133286|153962|30518|34846|6361|2179|2|628.00|94.20|2008-12-19 03:45:59
133462|154181|15036|30822|8147|2175|2|724.00|108.60|2008-12-15 06:56:51
133463|154181|15036|31677|8147|2177|4|1448.00|217.20|2008-12-17 06:59:36
133464|154181|15036|28967|8147|2173|1|362.00|54.30|2008-12-13 07:01:38
133535|154278|3672|30258|1009|2167|3|1014.00|152.10|2008-12-07 08:25:17
133567|154307|6029|12914|3424|2181|2|486.00|72.90|2008-12-21 09:10:07
133568|154307|6029|10563|3424|2178|1|243.00|36.45|2008-12-18 09:10:11
133828|154656|3204|42237|285|2166|2|370.00|55.50|2008-12-06 01:40:11
134354|155300|17448|30314|5744|2162|1|101.00|15.15|2008-12-02 11:35:05
134425|155376|35149|1995|6967|2182|3|1086.00|162.90|2008-12-22 01:08:55
134478|155436|25019|23097|125|2175|4|1132.00|169.80|2008-12-15 02:13:02
134479|155436|25019|26425|125|2179|1|283.00|42.45|2008-12-19 02:14:02
134514|155473|37979|11673|560|2175|2|448.00|67.20|2008-12-15 02:50:53
134614|155560|3101|22805|3555|2182|3|1164.00|174.60|2008-12-22 04:39:25
134659|155618|44559|17431|5324|2171|2|426.00|63.90|2008-12-11 05:43:03
135068|156072|21030|26222|6827|2164|4|764.00|114.60|2008-12-04 01:23:49
135073|156078|2911|25530|3331|2181|3|1425.00|213.75|2008-12-21 01:25:22
135702|156784|10433|47293|2268|2162|2|552.00|82.80|2008-12-02 12:35:20
135811|156907|15852|16239|6331|2166|2|906.00|135.90|2008-12-06 02:44:03
135823|156928|39731|8687|6356|2172|2|774.00|116.10|2008-12-12 02:55:08
136078|157198|47820|7375|3215|2172|1|288.00|43.20|2008-12-12 07:45:17
136079|157198|47820|13892|3215|2180|2|576.00|86.40|2008-12-20 07:47:16
136119|157230|30497|41632|6999|2173|3|423.00|63.45|2008-12-13 08:31:34
136360|157476|21713|28041|7121|2178|1|239.00|35.85|2008-12-18 01:00:56
136361|157476|21713|27589|7121|2178|2|478.00|71.70|2008-12-18 01:02:51
136500|157658|9646|10258|4031|2180|1|200.00|30.00|2008-12-20 03:31:54
136705|157887|44144|15062|3615|2166|1|300.00|45.00|2008-12-06 07:06:00
136945|158178|16792|26704|1690|2169|2|876.00|131.40|2008-12-09 11:25:09
136947|158180|6979|1092|1284|2177|1|406.00|60.90|2008-12-17 11:28:40
137431|158744|43050|7015|4210|2163|4|1416.00|212.40|2008-12-03 08:35:41
137544|158858|24721|40261|316|2188|4|1460.00|219.00|2008-12-28 10:55:18
137738|159103|33233|33264|4489|2167|2|346.00|51.90|2008-12-07 02:40:49
138244|159697|8552|14659|2272|2162|2|824.00|123.60|2008-12-02 12:08:51
139073|160701|21580|37660|839|2172|2|772.00|115.80|2008-12-12 04:28:39
139149|160800|30516|28222|5621|2185|2|332.00|49.80|2008-12-25 05:42:38
139150|160800|30516|31257|5621|2189|1|166.00|24.90|2008-12-29 05:43:18
139192|160857|15632|12179|2554|2176|1|175.00|26.25|2008-12-16 06:32:23
139588|161291|14167|19241|5776|2161|1|387.00|58.05|2008-12-01 02:28:56
139621|161345|29770|35740|6537|2169|3|615.00|92.25|2008-12-09 03:09:30
139622|161345|29770|29068|6537|2161|1|205.00|30.75|2008-12-01 03:10:05
139668|161411|7945|25851|2739|2164|1|240.00|36.00|2008-12-04 04:13:31
139713|161471|35476|5948|3131|2180|2|152.00|22.80|2008-12-20 05:10:27
139714|161471|35476|127|3131|2173|1|76.00|11.40|2008-12-13 05:12:16
139820|161610|538|7176|2062|2172|1|292.00|43.80|2008-12-12 07:38:26
139821|161610|538|3010|2062|2167|2|584.00|87.60|2008-12-07 07:39:11
139822|161610|538|9633|2062|2175|3|876.00|131.40|2008-12-15 07:39:16
140109|161993|8829|41394|3681|2175|1|197.00|29.55|2008-12-15 01:12:42
140249|162158|14573|35123|7023|2178|1|464.00|69.60|2008-12-18 03:36:26
140250|162158|14573|34646|7023|2177|2|928.00|139.20|2008-12-17 03:36:56
140304|162215|27062|47922|6999|2176|4|1952.00|292.80|2008-12-16 04:35:12
140503|162467|47871|32623|3537|2162|1|117.00|17.55|2008-12-02 08:16:14
140738|162740|24936|16043|7670|2170|1|173.00|25.95|2008-12-10 01:01:10
141072|163136|41025|937|2308|2165|2|982.00|147.30|2008-12-05 07:11:01
141284|163376|27662|5092|2435|2183|1|236.00|35.40|2008-12-23 11:32:44
141805|164023|40951|7569|8766|2174|2|778.00|116.70|2008-12-14 09:03:18
141806|164023|40951|6236|8766|2172|1|389.00|58.35|2008-12-12 09:06:06
142557|164955|21483|24160|6558|2164|1|437.00|65.55|2008-12-04 11:35:23
142558|164955|21483|22484|6558|2162|2|874.00|131.10|2008-12-02 11:35:33
142892|165401|37819|41264|362|2166|1|399.00|59.85|2008-12-06 06:18:07
143184|165738|14172|32225|2206|2167|4|364.00|54.60|2008-12-07 11:48:00
143198|165755|37668|8786|6957|2163|1|98.00|14.70|2008-12-03 12:04:19
143199|165755|37668|16754|6957|2173|2|196.00|29.40|2008-12-13 12:07:53
143468|166054|43700|16583|2852|2169|1|306.00|45.90|2008-12-09 04:53:40
143541|166134|33482|47775|4491|2172|1|149.00|22.35|2008-12-12 06:12:19
143751|166428|38824|16447|2939|2162|4|1176.00|176.40|2008-12-02 10:10:54
143752|166428|38824|22340|2939|2169|2|588.00|88.20|2008-12-09 10:11:17
143789|166486|31133|23693|1489|2166|1|270.00|40.50|2008-12-06 10:57:20
143790|166486|31133|22723|1489|2165|2|540.00|81.00|2008-12-05 10:58:27
143791|166486|31133|21645|1489|2163|3|810.00|121.50|2008-12-03 10:59:11
144024|166730|6459|47599|1498|2179|2|624.00|93.60|2008-12-19 03:08:07
144025|166730|6459|40582|1498|2170|1|312.00|46.80|2008-12-10 03:08:11
144218|166931|28907|31893|3909|2174|2|508.00|76.20|2008-12-14 06:52:37
144254|166967|45800|29170|8475|2181|2|120.00|18.00|2008-12-21 07:31:33
144255|166967|45800|30751|8475|2182|3|180.00|27.00|2008-12-22 07:33:19
144412|167163|7212|38528|7874|2176|1|170.00|25.50|2008-12-16 10:34:15
144429|167194|23986|20438|4277|2176|1|357.00|53.55|2008-12-16 10:57:27
144430|167194|23986|27557|4277|2185|2|714.00|107.10|2008-12-25 10:59:54
144431|167195|29773|40667|8200|2161|2|264.00|39.60|2008-12-01 11:00:39
144810|167635|34589|38971|2929|2171|4|1792.00|268.80|2008-12-11 06:19:04
144812|167635|34589|43165|2929|2176|1|448.00|67.20|2008-12-16 06:19:58
145262|168169|42717|10516|5917|2174|1|162.00|24.30|2008-12-14 02:37:32
145263|168169|42717|11514|5917|2175|2|324.00|48.60|2008-12-15 02:37:53
145352|168263|49509|2265|2561|2166|1|399.00|59.85|2008-12-06 04:04:44
145392|168310|37665|9604|5633|2168|2|276.00|41.40|2008-12-08 04:45:41
145413|168340|41461|2324|860|2169|2|102.00|15.30|2008-12-09 05:06:14
145505|168463|37138|30521|5109|2170|1|335.00|50.25|2008-12-10 07:00:54
145506|168463|37138|32552|5109|2173|2|670.00|100.50|2008-12-13 07:01:04
145507|168463|37138|32048|5109|2172|4|1340.00|201.00|2008-12-12 07:02:34
145514|168467|3555|7199|2691|2171|2|842.00|126.30|2008-12-11 07:11:09
145515|168467|3555|4245|2691|2168|1|421.00|63.15|2008-12-08 07:11:24
145591|168557|41888|18717|2062|2173|2|656.00|98.40|2008-12-13 08:45:41
145710|168724|502|36411|3658|2164|1|94.00|14.10|2008-12-04 11:13:45
146510|169679|16069|19935|8027|2173|2|742.00|111.30|2008-12-13 02:27:33
146519|169694|6263|1076|2768|2172|4|1728.00|259.20|2008-12-12 02:44:41
146520|169694|6263|4341|2768|2176|2|864.00|129.60|2008-12-16 02:44:48
146657|169849|45725|5469|4286|2167|1|299.00|44.85|2008-12-07 05:08:13
146658|169849|45725|5858|4286|2168|4|1196.00|179.40|2008-12-08 05:09:05
146659|169849|45725|10767|4286|2173|2|598.00|89.70|2008-12-13 05:10:22
146854|170073|38388|11294|6401|2164|1|220.00|33.00|2008-12-04 08:46:44
146855|170073|38388|9622|6401|2162|2|440.00|66.00|2008-12-02 08:48:01
147101|170323|46447|14673|8593|2162|2|284.00|42.60|2008-12-02 12:54:13
147205|170445|38933|2636|1341|2168|1|163.00|24.45|2008-12-08 02:41:53
147508|170809|8023|31642|4838|2171|4|496.00|74.40|2008-12-11 08:05:57
147675|170990|17295|14711|6704|2171|2|394.00|59.10|2008-12-11 11:26:27
147804|171111|36422|21361|5109|2184|1|487.00|73.05|2008-12-24 02:18:27
147805|171111|36422|11394|5109|2172|2|974.00|146.10|2008-12-12 02:18:34
148071|171471|27438|2845|3356|2171|2|966.00|144.90|2008-12-11 07:18:57
148177|171583|26730|22276|6242|2173|2|126.00|18.90|2008-12-13 09:11:14
148178|171583|26730|27722|6242|2180|1|63.00|9.45|2008-12-20 09:13:01
148256|171691|9421|20783|189|2167|1|53.00|7.95|2008-12-07 10:42:16
148362|171834|40752|35907|3609|2164|1|151.00|22.65|2008-12-04 12:44:33
148683|172233|21767|20564|1019|2168|2|134.00|20.10|2008-12-08 06:59:25
149150|172736|29342|25546|1341|2187|2|740.00|111.00|2008-12-27 04:27:02
149211|172793|26173|6845|8049|2171|2|376.00|56.40|2008-12-11 05:37:23
149695|173311|35577|8282|6204|2163|4|1536.00|230.40|2008-12-03 03:24:22
149696|173311|35577|10670|6204|2166|1|384.00|57.60|2008-12-06 03:24:52
149728|173342|20575|32577|7788|2166|2|318.00|47.70|2008-12-06 03:49:39
150218|173878|9247|26647|2452|2162|2|274.00|41.10|2008-12-02 02:09:51
150232|173897|39485|13823|3665|2178|1|228.00|34.20|2008-12-18 02:21:36
150233|173897|39485|9287|3665|2173|4|912.00|136.80|2008-12-13 02:21:53
150234|173897|39485|12986|3665|2177|2|456.00|68.40|2008-12-17 02:22:10
150346|174007|34064|22026|6142|2171|3|1275.00|191.25|2008-12-11 04:27:19
150347|174007|34064|20492|6142|2169|2|850.00|127.50|2008-12-09 04:28:47
150376|174045|15647|29878|739|2177|2|466.00|69.90|2008-12-17 04:55:14
150419|174098|5157|9647|7581|2175|2|838.00|125.70|2008-12-15 05:53:18
150420|174098|5157|1879|7581|2166|4|1676.00|251.40|2008-12-06 05:54:41
150455|174138|32800|9779|1432|2178|1|473.00|70.95|2008-12-18 06:30:05
150602|174317|39584|21062|2435|2177|1|146.00|21.90|2008-12-17 09:03:24
150856|174591|33152|6523|3097|2164|4|1456.00|218.40|2008-12-04 01:51:59
150911|174662|26949|32973|7989|2166|2|140.00|21.00|2008-12-06 02:51:37
150937|174692|11597|9735|5531|2166|1|271.00|40.65|2008-12-06 03:19:41
151032|174815|38392|40338|3563|2186|3|120.00|18.00|2008-12-26 05:20:36
151033|174815|38392|38342|3563|2184|2|80.00|12.00|2008-12-24 05:21:35
151034|174815|38392|30962|3563|2175|4|160.00|24.00|2008-12-15 05:22:15
151128|174922|23236|19188|1859|2163|4|136.00|20.40|2008-12-03 07:27:35
151129|174922|23236|27543|1859|2173|1|34.00|5.10|2008-12-13 07:27:46
151199|175011|29681|28982|860|2174|2|646.00|96.90|2008-12-14 08:53:07
151200|175011|29681|25853|860|2171|4|1292.00|193.80|2008-12-11 08:53:42
151259|175101|16490|22366|7255|2167|2|822.00|123.30|2008-12-07 10:09:05
151355|175227|30237|32175|6664|2166|1|335.00|50.25|2008-12-06 12:13:30
151356|175227|30237|28869|6664|2162|2|670.00|100.50|2008-12-02 12:15:34
151436|175327|28838|15436|6331|2168|4|1080.00|162.00|2008-12-08 02:01:46
151482|175374|30117|2443|2401|2188|2|446.00|66.90|2008-12-28 02:47:50
151594|175494|24701|31095|6967|2188|1|313.00|46.95|2008-12-28 04:56:12
151595|175494|24701|30568|6967|2187|2|626.00|93.90|2008-12-27 04:57:35
151608|175508|6316|28436|3260|2163|1|93.00|13.95|2008-12-03 05:09:49
151609|175508|6316|37504|3260|2174|4|372.00|55.80|2008-12-14 05:09:57
151610|175508|6316|43517|3260|2181|2|186.00|27.90|2008-12-21 05:13:03
151694|175595|1663|38941|2771|2180|2|946.00|141.90|2008-12-20 06:45:42
151993|175917|25978|5073|968|2169|1|424.00|63.60|2008-12-09 12:38:41
152558|176526|28160|33866|8372|2187|1|122.00|18.30|2008-12-27 12:19:42
152559|176526|28160|35293|8372|2189|4|488.00|73.20|2008-12-29 12:20:09
152562|176534|34811|1838|5424|2172|1|177.00|26.55|2008-12-12 12:22:38
152881|176924|27580|29476|5424|2174|1|264.00|39.60|2008-12-14 05:55:55
153173|177294|33888|22987|3424|2173|4|652.00|97.80|2008-12-13 11:55:01
153174|177294|33888|21872|3424|2172|2|326.00|48.90|2008-12-12 11:56:13
153176|177296|5531|45464|4660|2177|2|932.00|139.80|2008-12-17 11:58:53
153456|177636|46812|14861|1261|2177|4|1108.00|166.20|2008-12-17 05:14:20
153457|177636|46812|1960|1261|2162|1|277.00|41.55|2008-12-02 05:14:58
154002|178280|5529|21788|2431|2186|1|262.00|39.30|2008-12-26 03:26:09
154048|178333|35204|26699|5569|2174|4|1224.00|183.60|2008-12-14 04:07:14
154051|178333|35204|29104|5569|2176|3|918.00|137.70|2008-12-16 04:09:38
154121|178432|42544|22239|1265|2169|1|309.00|46.35|2008-12-09 05:26:42
154122|178432|42544|35369|1265|2185|2|618.00|92.70|2008-12-25 05:26:55
154679|179077|32953|14758|3609|2172|1|423.00|63.45|2008-12-12 03:43:18
154680|179077|32953|12532|3609|2170|2|846.00|126.90|2008-12-10 03:43:36
155240|179693|38114|45736|2622|2164|2|526.00|78.90|2008-12-04 01:50:11
155304|179761|597|6245|3576|2168|4|1844.00|276.60|2008-12-08 02:57:40
155318|179779|16792|36936|865|2171|1|95.00|14.25|2008-12-11 03:11:13
155319|179779|16792|30569|865|2163|2|190.00|28.50|2008-12-03 03:12:27
155414|179879|18023|12286|7490|2168|1|196.00|29.40|2008-12-08 04:51:42
155432|179904|17122|26386|4807|2169|1|131.00|19.65|2008-12-09 05:13:42
155433|179904|17122|24560|4807|2167|2|262.00|39.30|2008-12-07 05:14:07
155556|180061|48934|21349|316|2162|1|161.00|24.15|2008-12-02 07:51:40
155716|180285|6833|9959|5599|2162|1|441.00|66.15|2008-12-02 11:02:54
155855|180442|49312|18677|5478|2175|1|455.00|68.25|2008-12-15 01:43:10
155856|180442|49312|12468|5478|2167|2|910.00|136.50|2008-12-07 01:44:12
155883|180475|41638|26505|5553|2175|1|450.00|67.50|2008-12-15 02:17:15
155884|180475|41638|31172|5553|2181|2|900.00|135.00|2008-12-21 02:18:03
155924|180521|30630|39076|5504|2184|2|528.00|79.20|2008-12-24 02:59:53
156106|180741|2259|15227|5550|2178|1|167.00|25.05|2008-12-18 06:31:39
156206|180839|28308|12591|6034|2189|2|150.00|22.50|2008-12-29 08:20:40
156207|180839|28308|7838|6034|2183|4|300.00|45.00|2008-12-23 08:20:42
156315|180952|45631|21213|6057|2178|4|1344.00|201.60|2008-12-18 10:03:05
156656|181377|48712|14038|7344|2177|2|916.00|137.40|2008-12-17 04:36:10
156897|205334|37086|4028|4146|2172|1|1888.00|283.20|2008-12-12 09:15:26
157040|205602|15600|12411|189|2174|2|1496.00|224.40|2008-12-14 11:52:00
157090|205690|7619|6413|4086|2173|2|1160.00|174.00|2008-12-13 12:46:22
157206|205905|42463|4691|5504|2181|2|3424.00|513.60|2008-12-21 02:49:41
157294|206080|5233|11454|2930|2186|1|2465.00|369.75|2008-12-26 04:13:53
157368|206233|22081|21344|5474|2166|2|3354.00|503.10|2008-12-06 05:37:02
157369|206233|22081|20081|5474|2165|1|1677.00|251.55|2008-12-05 05:37:29
157434|206368|16111|20482|4489|2162|4|5192.00|778.80|2008-12-02 07:12:58
158087|207728|23845|31964|5145|2181|2|4914.00|737.10|2008-12-21 07:25:52
158167|207879|37879|8276|2552|2163|1|1543.00|231.45|2008-12-03 08:54:12
158187|207927|14229|12930|367|2171|2|1858.00|278.70|2008-12-11 09:23:35
158445|208439|49864|23954|1829|2188|2|3086.00|462.90|2008-12-28 02:17:55
158446|208439|49864|13132|1829|2175|1|1543.00|231.45|2008-12-15 02:18:29
158773|209092|28173|2620|6759|2166|2|4506.00|675.90|2008-12-06 08:34:29
158774|209092|28173|19870|6759|2186|1|2253.00|337.95|2008-12-26 08:35:34
158787|209114|44254|13895|4406|2188|2|4440.00|666.00|2008-12-28 08:48:38
158788|209114|44254|9293|4406|2183|1|2220.00|333.00|2008-12-23 08:50:48
159274|210558|13051|28271|5885|2183|2|2500.00|375.00|2008-12-23 06:18:54
159348|210682|22116|21337|5552|2164|2|2446.00|366.90|2008-12-04 07:41:56
159377|210720|7608|16327|4807|2174|1|2172.00|325.80|2008-12-14 08:24:01
159378|210720|7608|7872|4807|2164|2|4344.00|651.60|2008-12-04 08:24:25
159399|210764|42880|8530|3372|2178|3|2517.00|377.55|2008-12-18 08:57:44
159469|210879|40835|13273|4343|2171|2|4868.00|730.20|2008-12-11 10:25:52
159470|210879|40835|17562|4343|2177|4|9736.00|1460.40|2008-12-17 10:30:02
159578|211079|8321|4172|4406|2167|4|6644.00|996.60|2008-12-07 12:40:34
159579|211079|8321|13762|4406|2178|1|1661.00|249.15|2008-12-18 12:42:13
159858|211562|37535|38727|5776|2170|1|1365.00|204.75|2008-12-10 05:59:29
160062|211945|28304|17165|3563|2162|2|2654.00|398.10|2008-12-02 10:19:36
160209|212231|44337|14597|2424|2175|2|4002.00|600.30|2008-12-15 01:05:45
160210|212231|44337|12639|2424|2173|1|2001.00|300.15|2008-12-13 01:06:43
160334|212429|8123|2846|4103|2162|1|1852.00|277.80|2008-12-02 03:23:57
160394|212533|35522|22312|3352|2166|1|950.00|142.50|2008-12-06 04:26:36
160509|212782|6713|14694|5634|2162|4|1892.00|283.80|2008-12-02 06:38:15
160817|213366|22518|22792|7192|2179|1|1600.00|240.00|2008-12-19 12:18:52
161027|213758|4774|3339|4056|2167|1|940.00|141.00|2008-12-07 04:36:29
161028|213758|4774|16592|4056|2182|4|3760.00|564.00|2008-12-22 04:37:22
161216|214142|2641|509|1750|2177|1|598.00|89.70|2008-12-17 07:56:43
161514|214695|4386|25552|1829|2163|1|2059.00|308.85|2008-12-03 01:58:20
161515|214695|4386|25774|1829|2163|4|8236.00|1235.40|2008-12-03 01:59:47
161757|215203|16591|31480|5348|2171|2|4174.00|626.10|2008-12-11 07:01:29
161798|215271|49250|964|6023|2164|4|7020.00|1053.00|2008-12-04 07:46:25
162010|215681|21013|19850|6531|2174|1|1834.00|275.10|2008-12-14 11:42:54
162017|215688|20092|17752|5109|2184|4|5244.00|786.60|2008-12-24 11:52:25
162558|216661|49956|4534|112|2177|2|4512.00|676.80|2008-12-17 10:34:10
162849|217169|19847|7825|365|2178|1|2086.00|312.90|2008-12-18 04:03:44
163069|217637|42663|13888|4675|2165|1|379.00|56.85|2008-12-05 08:14:25
163336|218121|44419|46244|6728|2163|2|3026.00|453.90|2008-12-03 01:10:41
163387|218189|27701|8452|5627|2176|1|2429.00|364.35|2008-12-16 02:16:12
163388|218189|27701|13179|5627|2181|2|4858.00|728.70|2008-12-21 02:16:33
163667|218721|24400|3781|2007|2168|1|1543.00|231.45|2008-12-08 07:06:31
163718|218800|7177|424|5550|2183|2|4314.00|647.10|2008-12-23 07:50:01
163873|219082|37751|26969|5528|2166|2|1382.00|207.30|2008-12-06 10:47:16
164341|219912|17977|19663|6146|2166|1|1115.00|167.25|2008-12-06 07:51:21
164591|220411|49662|19662|3632|2161|2|1964.00|294.60|2008-12-01 12:25:44
164956|221144|24111|39683|1019|2184|2|4090.00|613.50|2008-12-24 07:34:26
164957|221144|24111|36724|1019|2181|4|8180.00|1227.00|2008-12-21 07:35:34
165004|221230|21919|40788|8487|2182|1|2184.00|327.60|2008-12-22 08:25:25
165005|221230|21919|29291|8487|2169|2|4368.00|655.20|2008-12-09 08:25:28
165109|221385|29193|24661|7406|2186|2|3128.00|469.20|2008-12-26 10:19:04
165792|222696|27552|32271|2711|2173|1|2255.00|338.25|2008-12-13 11:25:12
166063|223220|20924|32918|8533|2163|1|1396.00|209.40|2008-12-03 04:17:03
166077|223246|5007|43825|7547|2185|1|2324.00|348.60|2008-12-25 04:29:36
166094|223276|12510|6804|7788|2163|3|4455.00|668.25|2008-12-03 04:48:59
166095|223276|12510|14649|7788|2172|1|1485.00|222.75|2008-12-12 04:54:04
166160|223423|46217|1017|3597|2171|2|3322.00|498.30|2008-12-11 06:14:21
166556|224130|42525|38660|6204|2165|4|8220.00|1233.00|2008-12-05 01:57:28
166557|224130|42525|35702|6204|2161|1|2055.00|308.25|2008-12-01 01:57:39
166561|224135|3820|26423|4917|2172|1|1452.00|217.80|2008-12-12 02:02:43
166607|224247|29486|35463|2648|2178|2|1482.00|222.30|2008-12-18 03:04:32
166637|224305|21889|17823|8493|2163|1|2022.00|303.30|2008-12-03 03:40:27
166650|224325|43222|10535|305|2161|1|870.00|130.50|2008-12-01 03:54:15
166668|224359|40899|25771|8571|2165|4|5972.00|895.80|2008-12-05 04:20:17
166706|224444|16674|34175|1893|2164|2|2414.00|362.10|2008-12-04 05:05:03
166807|224610|3405|15448|5627|2185|1|1039.00|155.85|2008-12-25 06:50:21
166903|224841|8315|34316|1824|2187|2|2828.00|424.20|2008-12-27 08:36:23
166904|224841|8315|15257|1824|2164|1|1414.00|212.10|2008-12-04 08:36:35
166963|224990|46461|16126|5526|2169|2|4628.00|694.20|2008-12-09 09:32:37
166964|224990|46461|10355|5526|2162|1|2314.00|347.10|2008-12-02 09:32:43
166971|225005|32194|11359|4954|2171|1|686.00|102.90|2008-12-11 09:41:31
166978|225017|26096|21587|5301|2163|2|3032.00|454.80|2008-12-03 09:52:01
166979|225017|26096|28237|5301|2171|1|1516.00|227.40|2008-12-11 09:54:14
167153|225346|21374|17593|1122|2163|1|468.00|70.20|2008-12-03 01:10:20
167434|225919|36315|10001|8147|2174|1|564.00|84.60|2008-12-14 06:12:20
167602|226236|19515|26928|3616|2162|1|1219.00|182.85|2008-12-02 09:33:54
167690|226385|17350|30757|1499|2162|2|1412.00|211.80|2008-12-02 11:23:54
168114|227190|13818|33421|7429|2169|1|1066.00|159.90|2008-12-09 08:00:23
168241|227402|10069|27965|3555|2180|4|3612.00|541.80|2008-12-20 10:34:50
168242|227402|10069|28569|3555|2181|2|1806.00|270.90|2008-12-21 10:36:37
168357|227645|36731|30932|4025|2175|2|1610.00|241.50|2008-12-15 01:15:43
169124|229125|10683|25062|6957|2180|1|768.00|115.20|2008-12-20 05:20:25
169246|229378|20579|26237|5885|2185|2|3794.00|569.10|2008-12-25 07:52:54
169247|229378|20579|22700|5885|2181|1|1897.00|284.55|2008-12-21 07:53:55
169461|229733|34529|11558|7121|2166|1|2464.00|369.60|2008-12-06 12:02:04
169462|229733|34529|20025|7121|2177|2|4928.00|739.20|2008-12-17 12:03:41
169867|230567|2456|14665|1432|2167|1|637.00|95.55|2008-12-07 07:59:54
169868|230567|2456|20859|1432|2175|2|1274.00|191.10|2008-12-15 08:03:05
169959|230745|41330|14158|7874|2161|2|3932.00|589.80|2008-12-01 09:25:31
169960|230745|41330|22325|7874|2171|1|1966.00|294.90|2008-12-11 09:27:10
169983|230798|39025|28919|3689|2190|2|2984.00|447.60|2008-12-30 09:55:16
169984|230798|39025|25023|3689|2186|1|1492.00|223.80|2008-12-26 09:57:33
170056|230966|34250|16213|663|2164|1|2406.00|360.90|2008-12-04 11:33:20
170296|231386|35667|1051|4277|2166|4|1716.00|257.40|2008-12-06 01:06:48
170297|231386|35667|14476|4277|2182|1|429.00|64.35|2008-12-22 01:06:51
170321|231437|7764|9293|3097|2167|1|2016.00|302.40|2008-12-07 01:07:24
170385|231562|7470|15660|4219|2172|1|1783.00|267.45|2008-12-12 01:09:32
171088|232916|42480|38963|2939|2190|2|3110.00|466.50|2008-12-30 01:36:23
171196|233121|9576|35447|2382|2167|2|930.00|139.50|2008-12-07 01:40:39
171270|233252|32416|31263|3175|2164|3|5715.00|857.25|2008-12-04 01:43:10
171405|233529|18319|353|3331|2171|1|2280.00|342.00|2008-12-11 01:48:21
171589|233931|17821|37390|7282|2161|1|1595.00|239.25|2008-12-01 01:54:46
171607|233970|22718|9252|5548|2175|1|1542.00|231.30|2008-12-15 01:55:28
171608|233970|22718|13429|5548|2180|2|3084.00|462.60|2008-12-20 01:55:28
171666|234075|30871|11377|6924|2165|2|1776.00|266.40|2008-12-05 01:57:59
171706|234156|38828|13677|4443|2171|1|1806.00|270.90|2008-12-11 01:59:23
