85|108|42630|24202|940|2166|3|711.00|106.65|2008-12-06 12:14:25
87|108|42630|22123|940|2163|1|237.00|35.55|2008-12-03 12:32:12
845|861|32683|32821|5481|2185|1|25.00|3.75|2008-12-25 07:16:21
866|879|34261|20081|5742|2161|2|480.00|72.00|2008-12-01 09:23:14
919|927|34417|23066|6533|2166|1|36.00|5.40|2008-12-06 02:08:46
920|927|34417|33913|6533|2179|3|108.00|16.20|2008-12-19 02:17:47
1091|1119|9021|28842|2382|2177|1|223.00|33.45|2008-12-17 05:10:43
1092|1119|9021|25972|2382|2174|2|446.00|66.90|2008-12-14 05:16:53
1096|1124|42603|36862|4363|2184|1|146.00|21.90|2008-12-24 05:45:11
1331|1400|24340|12415|8506|2175|2|348.00|52.20|2008-12-15 10:48:40
1766|1879|45375|33337|8024|2168|2|402.00|60.30|2008-12-08 05:04:23
1888|2021|39301|16187|1817|2169|2|62.00|9.30|2008-12-09 11:40:08
1889|2021|39301|11569|1817|2163|1|31.00|4.65|2008-12-03 11:42:39
2007|2149|1616|26597|3991|2163|4|660.00|99.00|2008-12-03 06:07:29
2079|2228|10459|25316|2636|2163|2|400.00|60.00|2008-12-03 10:35:15
2305|2477|4884|40661|5569|2174|2|310.00|46.50|2008-12-14 10:42:32
2306|2477|4884|32549|5569|2165|1|155.00|23.25|2008-12-05 10:44:31
2455|2632|8178|24127|6535|2163|4|360.00|54.00|2008-12-03 06:54:13
2456|2632|8178|24715|6535|2164|1|90.00|13.50|2008-12-04 06:54:27
2517|2691|35534|26778|190|2162|4|932.00|139.80|2008-12-02 10:30:06
2598|2787|49770|31069|367|2164|2|140.00|21.00|2008-12-04 01:50:29
2926|3123|832|2671|312|2164|1|70.00|10.50|2008-12-04 05:45:49
3140|3363|24584|22601|3665|2163|1|28.00|4.20|2008-12-03 04:26:23
3341|3618|33172|2467|5481|2165|2|432.00|64.80|2008-12-05 12:18:31
3342|3618|33172|694|5481|2163|1|216.00|32.40|2008-12-03 12:20:16
3556|3840|11196|24003|2442|2171|1|250.00|37.50|2008-12-11 09:36:12
3557|3840|11196|29362|2442|2178|4|1000.00|150.00|2008-12-18 09:38:40
4103|4410|27136|13837|4106|2161|4|392.00|58.80|2008-12-01 07:20:26
4164|4480|46767|37477|4838|2163|1|24.00|3.60|2008-12-03 09:56:58
4559|4897|12176|27507|2696|2178|2|192.00|28.80|2008-12-18 12:57:54
5063|5430|30495|2839|3059|2169|4|504.00|75.60|2008-12-09 07:03:48
5064|5430|30495|254|3059|2166|1|126.00|18.90|2008-12-06 07:05:25
5096|5477|44072|6643|3941|2188|2|206.00|30.90|2008-12-28 08:18:44
5161|5542|7981|22441|2170|2177|2|374.00|56.10|2008-12-17 10:19:59
5252|5656|42030|41016|5070|2179|2|260.00|39.00|2008-12-19 01:36:20
5253|5656|42030|44606|5070|2183|1|130.00|19.50|2008-12-23 01:37:13
5519|5968|29959|25645|7532|2166|2|114.00|17.10|2008-12-06 10:46:01
6263|6791|23988|9383|2771|2188|1|37.00|5.55|2008-12-28 12:05:13
6552|7132|7292|20551|3175|2184|2|80.00|12.00|2008-12-24 09:47:07
6553|7132|7292|4821|3175|2165|3|120.00|18.00|2008-12-05 09:48:27
7018|7620|15702|6197|2429|2165|1|210.00|31.50|2008-12-05 02:05:53
7061|7659|12686|12020|7800|2182|2|142.00|21.30|2008-12-22 03:14:47
7259|7852|40582|41482|6911|2173|2|202.00|30.30|2008-12-13 09:12:30
7306|7910|24285|39679|2866|2185|1|195.00|29.25|2008-12-25 10:43:28
7561|8193|24067|38883|5553|2187|1|173.00|25.95|2008-12-27 06:27:33
7804|8421|42961|43064|3253|2179|2|482.00|72.30|2008-12-19 01:42:34
7942|8555|48413|8831|3537|2168|1|227.00|34.05|2008-12-08 06:03:33
8031|8648|13813|7923|5633|2162|2|144.00|21.60|2008-12-02 08:42:21
8554|9229|20366|25261|6535|2167|1|166.00|24.90|2008-12-07 11:30:34
8555|9229|20366|26026|6535|2168|2|332.00|49.80|2008-12-08 11:31:00
8558|9232|30717|10751|4434|2166|1|191.00|28.65|2008-12-06 11:40:18
9060|9780|47069|32869|5689|2165|1|65.00|9.75|2008-12-05 12:52:17
9081|9810|8337|12959|8754|2184|1|199.00|29.85|2008-12-24 01:23:29
9082|9810|8337|10810|8754|2181|3|597.00|89.55|2008-12-21 01:29:14
9102|9835|49812|26952|5189|2180|2|74.00|11.10|2008-12-20 02:05:40
9262|10039|3988|44458|1932|2163|4|568.00|85.20|2008-12-03 06:07:05
9263|10039|3988|46108|1932|2165|2|284.00|42.60|2008-12-05 06:07:19
9941|10813|460|16340|2951|2172|1|123.00|18.45|2008-12-12 11:19:16
10261|11186|30976|40335|3616|2166|2|72.00|10.80|2008-12-06 07:05:53
10580|11504|21395|10925|3615|2165|2|108.00|16.20|2008-12-05 03:31:38
11138|12083|21722|32618|2866|2172|1|93.00|13.95|2008-12-12 06:10:37
11177|12130|38694|39162|7800|2187|1|94.00|14.10|2008-12-27 07:16:02
11178|12130|38694|17987|7800|2161|4|376.00|56.40|2008-12-01 07:16:34
11289|12232|32036|8132|282|2168|4|704.00|105.60|2008-12-08 10:16:35
11290|12232|32036|20935|282|2184|1|176.00|26.40|2008-12-24 10:16:55
11500|12449|20572|14705|7192|2172|2|70.00|10.50|2008-12-12 03:22:29
11918|12888|39509|12600|7274|2166|1|176.00|26.40|2008-12-06 01:17:57
11919|12888|39509|20872|7274|2176|2|352.00|52.80|2008-12-16 01:19:06
12199|13179|4802|22004|6435|2171|2|152.00|22.80|2008-12-11 07:33:31
12877|13866|22670|14895|1445|2170|1|71.00|10.65|2008-12-10 11:00:39
12953|13945|3421|32236|1730|2171|2|272.00|40.80|2008-12-11 12:53:47
13056|14071|35377|24477|713|2177|1|209.00|31.35|2008-12-17 03:33:04
13158|14216|6812|27511|3601|2184|2|170.00|25.50|2008-12-24 05:30:57
13159|14216|6812|10114|3601|2163|1|85.00|12.75|2008-12-03 05:31:58
13282|14341|26448|10780|4333|2169|1|201.00|30.15|2008-12-09 08:22:52
13420|14528|24539|694|2442|2167|1|190.00|28.50|2008-12-07 11:28:00
13532|14663|6919|4962|925|2171|1|37.00|5.55|2008-12-11 02:09:10
13533|14663|6919|14188|925|2183|2|74.00|11.10|2008-12-23 02:10:20
13659|14790|49175|24136|6161|2168|1|186.00|27.90|2008-12-08 04:52:30
14001|15161|27351|30003|5694|2164|2|44.00|6.60|2008-12-04 11:51:23
14133|15271|21144|339|2768|2179|2|346.00|51.90|2008-12-19 02:33:50
14219|15370|44471|24278|5284|2168|2|336.00|50.40|2008-12-08 04:40:38
15068|16319|9920|36221|3059|2175|2|54.00|8.10|2008-12-15 11:39:46
15094|16338|41770|12242|3615|2161|3|291.00|43.65|2008-12-01 12:08:49
15227|16484|39585|9311|4675|2174|2|444.00|66.60|2008-12-14 03:00:33
15481|16757|42851|31828|2030|2161|2|212.00|31.80|2008-12-01 08:37:22
16071|17370|20657|43536|1440|2168|2|166.00|24.90|2008-12-08 08:57:56
16072|17370|20657|38899|1440|2162|1|83.00|12.45|2008-12-02 08:59:29
16180|17478|46019|20135|8533|2164|2|274.00|41.10|2008-12-04 11:03:58
16243|17564|15773|2548|3576|2182|1|50.00|7.50|2008-12-22 12:35:51
16493|17841|13649|34425|919|2174|2|244.00|36.60|2008-12-14 05:38:05
16610|17944|4022|6541|2181|2183|1|186.00|27.90|2008-12-23 08:04:07
17278|18732|48181|4046|3395|2167|2|156.00|23.40|2008-12-07 10:00:55
17445|18926|9191|32471|7575|2175|4|632.00|94.80|2008-12-15 01:09:03
17447|18926|9191|32169|7575|2175|2|316.00|47.40|2008-12-15 01:09:17
17635|19152|5681|21923|5424|2175|2|244.00|36.60|2008-12-15 04:13:11
17636|19152|5681|31207|5424|2186|3|366.00|54.90|2008-12-26 04:14:21
17637|19152|5681|16491|5424|2168|1|122.00|18.30|2008-12-08 04:14:36
17943|19435|15619|1341|6957|2177|4|164.00|24.60|2008-12-17 10:46:38
18130|19627|21224|34873|1545|2182|1|35.00|5.25|2008-12-22 01:57:05
18580|20133|17521|12044|6010|2166|2|136.00|20.40|2008-12-06 10:46:11
18589|20140|28014|24793|5630|2172|1|32.00|4.80|2008-12-12 10:53:36
18697|20269|37871|49071|8440|2173|1|104.00|15.60|2008-12-13 12:52:58
19442|21058|48812|6001|5552|2172|3|699.00|104.85|2008-12-12 03:12:21
19443|21058|48812|4220|5552|2170|4|932.00|139.80|2008-12-10 03:12:48
19444|21058|48812|4082|5552|2169|1|233.00|34.95|2008-12-09 03:13:47
19490|21118|15934|15554|4531|2169|1|220.00|33.00|2008-12-09 04:08:02
19491|21118|15934|20152|4531|2175|2|440.00|66.00|2008-12-15 04:10:45
19492|21118|15934|9536|4531|2162|3|660.00|99.00|2008-12-02 04:11:10
19806|21434|25499|31329|74|2169|2|66.00|9.90|2008-12-09 09:52:45
20375|22085|20582|36800|3950|2190|1|141.00|21.15|2008-12-30 08:32:05
20376|22085|20582|34874|3950|2187|4|564.00|84.60|2008-12-27 08:36:13
20500|22243|34830|22843|8187|2161|1|186.00|27.90|2008-12-01 10:50:01
20501|22243|34830|23249|8187|2161|2|372.00|55.80|2008-12-01 10:50:05
20603|22379|39239|11395|5621|2181|1|35.00|5.25|2008-12-21 12:37:54
20604|22379|39239|14047|5621|2184|2|70.00|10.50|2008-12-24 12:39:16
20605|22379|39239|7687|5621|2177|4|140.00|21.00|2008-12-17 12:39:24
20606|22380|31377|21604|3260|2173|2|332.00|49.80|2008-12-13 12:39:57
20639|22421|25728|4062|7109|2165|2|212.00|31.80|2008-12-05 01:22:12
21161|23055|43847|429|4363|2181|1|57.00|8.55|2008-12-21 11:05:25
21229|23149|36039|16491|8305|2173|1|174.00|26.10|2008-12-13 12:29:42
21256|23188|14335|35891|4277|2186|2|464.00|69.60|2008-12-26 01:04:16
21263|23196|29196|20143|2768|2168|2|302.00|45.30|2008-12-08 01:12:01
21338|23263|16850|19595|2554|2161|2|194.00|29.10|2008-12-01 02:36:02
21339|23263|16850|31079|2554|2175|1|97.00|14.55|2008-12-15 02:37:21
21340|23263|16850|20939|2554|2163|4|388.00|58.20|2008-12-03 02:37:41
21363|23289|33998|29581|5481|2167|4|144.00|21.60|2008-12-07 03:03:37
21407|23330|38827|24835|1499|2175|1|32.00|4.80|2008-12-15 03:53:44
21416|23341|22118|3587|7504|2168|3|123.00|18.45|2008-12-08 04:03:02
21417|23341|22118|10886|7504|2177|2|82.00|12.30|2008-12-17 04:04:04
21418|23341|22118|5441|7504|2170|1|41.00|6.15|2008-12-10 04:04:32
21423|23347|12679|2532|1353|2171|3|570.00|85.50|2008-12-11 04:11:31
21487|23413|45899|2332|4146|2162|2|320.00|48.00|2008-12-02 05:36:23
21494|23423|34812|3692|6693|2164|2|168.00|25.20|2008-12-04 05:44:06
21840|23754|44823|2865|365|2164|1|113.00|16.95|2008-12-04 12:01:01
21841|23754|44823|15199|365|2179|2|226.00|33.90|2008-12-19 12:03:14
22050|23952|11362|34532|5552|2166|1|114.00|17.10|2008-12-06 04:00:56
22053|23953|12182|26036|3302|2162|1|216.00|32.40|2008-12-02 04:04:36
22060|23967|1600|6070|1690|2161|2|94.00|14.10|2008-12-01 04:11:52
22343|24238|17509|32808|7575|2169|3|612.00|91.80|2008-12-09 09:39:06
22345|24238|17509|41095|7575|2179|2|408.00|61.20|2008-12-19 09:41:08
22463|24367|20232|44109|2575|2163|2|314.00|47.10|2008-12-03 11:38:22
22465|24367|20232|47407|2575|2167|4|628.00|94.20|2008-12-07 11:38:53
22820|24806|35115|48|106|2174|1|230.00|34.50|2008-12-14 06:02:59
22972|25002|12832|24073|663|2162|1|208.00|31.20|2008-12-02 08:49:16
22973|25002|12832|26908|663|2166|2|416.00|62.40|2008-12-06 08:50:25
23094|25157|36718|11345|5613|2161|1|201.00|30.15|2008-12-01 11:11:17
23344|25474|37722|21297|6562|2163|4|240.00|36.00|2008-12-03 03:47:23
23473|25646|16462|1218|1287|2171|4|524.00|78.60|2008-12-11 06:06:04
23734|25959|40009|8852|1081|2168|2|154.00|23.10|2008-12-08 10:48:54
24289|26615|36898|26327|365|2181|2|258.00|38.70|2008-12-21 09:07:59
24425|26751|9845|11301|467|2169|1|167.00|25.05|2008-12-09 11:53:23
24743|27127|7853|8802|6178|2162|3|519.00|77.85|2008-12-02 05:44:31
24770|27148|14291|11524|189|2178|2|250.00|37.50|2008-12-18 06:14:21
24771|27148|14291|8705|189|2175|1|125.00|18.75|2008-12-15 06:15:42
24815|27193|34179|19017|8766|2173|4|860.00|129.00|2008-12-13 06:54:10
24937|27310|44695|14487|2929|2176|3|144.00|21.60|2008-12-16 09:26:34
24938|27310|44695|18153|2929|2180|2|96.00|14.40|2008-12-20 09:27:13
24999|27389|653|28228|2969|2167|2|82.00|12.30|2008-12-07 10:33:27
25000|27389|653|33487|2969|2174|1|41.00|6.15|2008-12-14 10:36:21
25268|27649|21510|39399|6290|2164|4|456.00|68.40|2008-12-04 03:58:58
25859|28294|41229|26508|6034|2173|2|266.00|39.90|2008-12-13 03:37:51
26155|28565|21492|23578|1594|2184|3|693.00|103.95|2008-12-24 09:25:01
26156|28565|21492|7811|1594|2165|4|924.00|138.60|2008-12-05 09:25:06
26274|28683|6205|38635|2958|2162|1|107.00|16.05|2008-12-02 11:37:25
26491|28902|26720|27912|6957|2164|1|220.00|33.00|2008-12-04 03:59:53
26564|28988|30659|11738|2034|2163|1|109.00|16.35|2008-12-03 05:25:39
26581|29012|4850|31729|1767|2167|1|140.00|21.00|2008-12-07 05:56:09
27278|29746|27587|28188|4864|2167|1|243.00|36.45|2008-12-07 07:20:05
27279|29746|27587|33260|4864|2173|2|486.00|72.90|2008-12-13 07:20:24
27411|29894|21967|16331|6494|2163|4|340.00|51.00|2008-12-03 09:39:00
27413|29894|21967|18825|6494|2166|2|170.00|25.50|2008-12-06 09:41:42
27765|30296|17630|27927|6493|2173|1|49.00|7.35|2008-12-13 04:18:40
28024|30581|33031|40731|7010|2167|2|206.00|30.90|2008-12-07 09:33:56
28025|30581|33031|40942|7010|2168|4|412.00|61.80|2008-12-08 09:34:22
28146|30706|20686|24503|6537|2163|1|252.00|37.80|2008-12-03 12:07:53
28246|30817|19394|10655|7213|2168|2|252.00|37.80|2008-12-08 02:00:41
28442|31051|9090|12538|5569|2169|1|163.00|24.45|2008-12-09 05:04:58
28579|31232|45681|33311|2125|2167|1|55.00|8.25|2008-12-07 07:55:31
28625|31302|32887|8760|5400|2183|1|118.00|17.70|2008-12-23 08:50:12
28735|31430|40184|31223|2100|2176|1|277.00|41.55|2008-12-16 11:11:22
28737|31430|40184|30373|2100|2175|4|1108.00|166.20|2008-12-15 11:12:06
28907|31640|819|4119|8049|2184|1|285.00|42.75|2008-12-24 02:26:04
29120|31885|18673|28392|1009|2168|2|132.00|19.80|2008-12-08 06:28:36
29122|31885|18673|22555|1009|2161|1|66.00|9.90|2008-12-01 06:30:14
29671|32540|23387|14857|3175|2182|2|668.00|100.20|2008-12-22 05:18:45
29738|32611|19247|7410|7887|2178|1|329.00|49.35|2008-12-18 06:29:43
29739|32611|19247|6788|7887|2178|2|658.00|98.70|2008-12-18 06:30:21
30842|33957|44624|14802|6034|2189|2|246.00|36.90|2008-12-29 02:56:27
31102|34254|31003|1325|2206|2171|1|310.00|46.50|2008-12-11 07:50:09
31303|34494|33872|19478|3331|2178|2|86.00|12.90|2008-12-18 11:46:35
31304|34494|33872|16317|3331|2174|1|43.00|6.45|2008-12-14 11:50:40
31386|34609|27936|10585|5916|2190|2|604.00|90.60|2008-12-30 01:32:24
31426|34667|9292|11378|7148|2171|2|404.00|60.60|2008-12-11 02:09:35
31444|34690|27168|31113|5109|2167|1|328.00|49.20|2008-12-07 02:25:17
31445|34690|27168|36587|5109|2173|4|1312.00|196.80|2008-12-13 02:28:29
31446|34690|27168|26605|5109|2161|2|656.00|98.40|2008-12-01 02:29:56
31475|34745|39770|25437|1037|2172|2|166.00|24.90|2008-12-12 03:22:48
31626|34899|5628|36260|591|2164|2|338.00|50.70|2008-12-04 06:06:14
31758|35077|11676|29965|2041|2165|1|336.00|50.40|2008-12-05 08:24:38
31951|35299|7534|32097|6924|2168|4|904.00|135.60|2008-12-08 12:01:41
32046|35405|38851|9626|663|2164|1|76.00|11.40|2008-12-04 01:44:48
32122|35509|21811|721|7121|2163|2|482.00|72.30|2008-12-03 02:58:03
32194|35597|18382|3443|5531|2180|2|652.00|97.80|2008-12-20 04:12:33
32242|35653|45597|26812|1037|2164|2|166.00|24.90|2008-12-04 05:00:01
32252|35670|38091|12160|6054|2180|4|548.00|82.20|2008-12-20 05:08:29
32404|35855|2731|20744|8593|2162|2|636.00|95.40|2008-12-02 08:14:18
32423|35872|23178|33252|7148|2164|2|676.00|101.40|2008-12-04 08:44:24
33161|36634|44647|30637|8147|2180|2|360.00|54.00|2008-12-20 11:08:17
34174|37793|18644|33822|1658|2163|2|642.00|96.30|2008-12-03 04:52:26
34361|38033|35412|36371|807|2173|4|1328.00|199.20|2008-12-13 08:25:12
34362|38033|35412|34276|807|2171|1|332.00|49.80|2008-12-11 08:28:56
34363|38033|35412|30797|807|2166|3|996.00|149.40|2008-12-06 08:30:43
34710|38456|32907|3601|5553|2163|2|228.00|34.20|2008-12-03 03:40:34
34711|38456|32907|24726|5553|2188|1|114.00|17.10|2008-12-28 03:41:59
34712|38456|32907|16256|5553|2178|4|456.00|68.40|2008-12-18 03:43:30
34799|38579|28144|4247|5917|2162|1|98.00|14.70|2008-12-02 05:03:54
35216|39066|16419|41935|739|2173|2|460.00|69.00|2008-12-13 01:06:50
35217|39066|16419|34362|739|2164|1|230.00|34.50|2008-12-04 01:07:20
35421|39322|807|25655|3352|2176|1|177.00|26.55|2008-12-16 05:00:47
35594|39543|37180|1862|7109|2163|4|272.00|40.80|2008-12-03 08:26:16
35595|39543|37180|5447|7109|2167|2|136.00|20.40|2008-12-07 08:26:38
35596|39543|37180|4235|7109|2166|1|68.00|10.20|2008-12-06 08:27:12
35917|39947|20991|27588|2771|2168|1|34.00|5.10|2008-12-08 03:13:41
36145|40226|48860|387|2158|2189|2|220.00|33.00|2008-12-29 07:43:04
36242|40347|12827|13796|2463|2164|2|514.00|77.10|2008-12-04 09:37:11
36384|40483|20906|3161|7788|2173|2|692.00|103.80|2008-12-13 12:40:49
36412|40520|11732|15708|5099|2166|3|687.00|103.05|2008-12-06 01:12:40
36414|40520|11732|26468|5099|2179|1|229.00|34.35|2008-12-19 01:13:38
36608|40726|18109|6692|7406|2162|4|704.00|105.60|2008-12-02 04:41:23
36700|40838|15099|45514|8027|2191|4|1400.00|210.00|2008-12-31 06:39:45
36701|40838|15099|37228|8027|2181|1|350.00|52.50|2008-12-21 06:40:32
36702|40838|15099|23174|8027|2164|2|700.00|105.00|2008-12-04 06:40:51
36745|40893|48307|2638|6309|2162|4|828.00|124.20|2008-12-02 07:30:23
36746|40893|48307|1924|6309|2161|2|414.00|62.10|2008-12-01 07:30:46
36826|40988|38022|38595|1211|2161|1|339.00|50.85|2008-12-01 09:35:38
37110|41325|22906|35705|624|2163|3|483.00|72.45|2008-12-03 03:12:14
37607|41894|13273|49239|7845|2189|1|75.00|11.25|2008-12-29 12:30:06
37767|42077|29348|40033|6146|2178|3|273.00|40.95|2008-12-18 03:16:16
37769|42077|29348|29535|6146|2165|1|91.00|13.65|2008-12-05 03:17:31
38076|42441|13632|5441|3597|2170|1|123.00|18.45|2008-12-10 09:55:07
38077|42441|13632|5785|3597|2170|4|492.00|73.80|2008-12-10 09:55:24
38213|42599|34145|11274|7456|2165|1|338.00|50.70|2008-12-05 12:52:19
38262|42644|23020|44711|6401|2161|3|195.00|29.25|2008-12-01 01:52:50
38425|42817|10268|43492|6194|2187|2|414.00|62.10|2008-12-27 04:53:14
38428|42823|43037|18340|4286|2162|2|488.00|73.20|2008-12-02 04:56:12
38435|42833|38307|33083|6109|2166|4|688.00|103.20|2008-12-06 05:03:19
39077|43555|22144|23537|1526|2161|2|166.00|24.90|2008-12-01 05:55:36
39892|44548|38528|42819|4606|2188|4|444.00|66.60|2008-12-28 09:27:14
39894|44548|38528|31757|4606|2175|3|333.00|49.95|2008-12-15 09:29:47
40020|44708|8747|26439|8440|2171|2|276.00|41.40|2008-12-11 12:06:44
40308|45075|23102|4714|4400|2182|2|286.00|42.90|2008-12-22 05:36:52
40309|45075|23102|1209|4400|2178|1|143.00|21.45|2008-12-18 05:37:02
40426|45220|48140|17237|1647|2166|2|114.00|17.10|2008-12-06 07:44:32
40427|45220|48140|19968|1647|2169|1|57.00|8.55|2008-12-09 07:44:49
40925|45801|20658|14686|4864|2175|2|622.00|93.30|2008-12-15 04:55:48
40926|45801|20658|6828|4864|2166|4|1244.00|186.60|2008-12-06 04:57:05
40933|45814|19704|12970|3331|2189|1|97.00|14.55|2008-12-29 05:03:19
40969|45853|6555|4423|8487|2179|2|622.00|93.30|2008-12-19 05:37:00
41024|45909|6972|10393|4363|2180|3|843.00|126.45|2008-12-20 06:26:33
41073|45976|35788|23127|925|2170|2|246.00|36.90|2008-12-10 07:21:21
41145|46067|38818|3562|5099|2177|4|520.00|78.00|2008-12-17 08:30:57
41187|46114|48444|40599|4707|2166|3|219.00|32.85|2008-12-06 09:15:18
42120|47179|6047|9525|807|2173|1|158.00|23.70|2008-12-13 02:32:50
42378|47508|2799|1911|5301|2163|1|52.00|7.80|2008-12-03 07:40:38
42551|47712|25045|19363|8212|2163|1|24.00|3.60|2008-12-03 11:03:59
42561|47722|38335|32192|8049|2174|3|402.00|60.30|2008-12-14 11:14:37
42562|47722|38335|39483|8049|2183|4|536.00|80.40|2008-12-23 11:17:00
42563|47722|38335|32012|8049|2174|2|268.00|40.20|2008-12-14 11:19:28
42928|48186|1277|22866|3615|2167|2|394.00|59.10|2008-12-07 06:20:19
42929|48186|1277|28898|3615|2174|3|591.00|88.65|2008-12-14 06:20:31
42930|48186|1277|34739|3615|2181|1|197.00|29.55|2008-12-21 06:20:33
43108|48398|37261|15709|1829|2178|1|123.00|18.45|2008-12-18 09:19:19
43272|48609|6323|9389|2866|2184|2|654.00|98.10|2008-12-24 12:15:45
43369|48725|27873|26449|4086|2176|2|64.00|9.60|2008-12-16 02:08:33
43476|48872|47602|30144|5528|2188|4|272.00|40.80|2008-12-28 04:27:57
43787|49209|8440|3198|4434|2167|4|296.00|44.40|2008-12-07 10:26:26
44083|49558|43455|25900|6537|2172|3|171.00|25.65|2008-12-12 03:27:11
44084|49558|43455|20583|6537|2165|4|228.00|34.20|2008-12-05 03:27:40
44359|49866|6714|9726|8354|2165|4|956.00|143.40|2008-12-05 08:52:55
44453|49982|25365|1941|4315|2177|2|326.00|48.90|2008-12-17 10:32:33
44724|50318|34399|11276|2158|2180|2|108.00|16.20|2008-12-20 03:30:14
45090|50724|12276|27252|1780|2175|2|380.00|57.00|2008-12-15 10:44:37
45091|50724|12276|25335|1780|2173|1|190.00|28.50|2008-12-13 10:44:43
45156|50816|15845|2154|8059|2171|1|61.00|9.15|2008-12-11 11:59:02
45367|51060|33911|3233|5432|2174|4|80.00|12.00|2008-12-14 04:07:52
45368|51060|33911|3028|5432|2174|2|40.00|6.00|2008-12-14 04:09:46
45497|51192|48235|9076|7010|2164|2|438.00|65.70|2008-12-04 06:38:51
45498|51192|48235|13849|7010|2170|3|657.00|98.55|2008-12-10 06:39:33
45547|51252|26666|22128|5834|2166|4|832.00|124.80|2008-12-06 07:22:36
45551|51261|3096|17|4143|2181|3|843.00|126.45|2008-12-21 07:24:29
45769|51520|18839|39095|2657|2166|2|622.00|93.30|2008-12-06 11:49:09
45848|51603|26847|42820|2918|2173|2|466.00|69.90|2008-12-13 01:00:50
45880|51631|8222|34393|4143|2180|2|496.00|74.40|2008-12-20 01:37:47
46012|51796|4941|31203|2500|2166|1|318.00|47.70|2008-12-06 04:18:59
46062|51858|7443|14553|3632|2162|1|255.00|38.25|2008-12-02 05:20:37
46297|52101|35356|6657|2308|2183|2|226.00|33.90|2008-12-23 10:16:53
46312|52125|33086|5646|6361|2173|1|132.00|19.80|2008-12-13 10:36:13
46687|52557|10424|11655|5621|2167|2|444.00|66.60|2008-12-07 05:54:50
46996|52972|46737|27729|4807|2176|1|207.00|31.05|2008-12-16 12:17:41
47449|53524|31423|18621|2431|2181|2|292.00|43.80|2008-12-21 08:32:34
47450|53524|31423|19741|2431|2182|4|584.00|87.60|2008-12-22 08:33:09
47522|53630|33794|26173|7490|2167|4|1392.00|208.80|2008-12-07 09:55:50
47680|53821|7985|9499|7452|2167|1|214.00|32.10|2008-12-07 12:48:02
48169|54427|11946|2235|8158|2167|1|102.00|15.30|2008-12-07 10:20:24
48170|54428|45572|19517|7989|2181|1|95.00|14.25|2008-12-21 10:20:56
48218|54498|16749|23962|5634|2162|4|1120.00|168.00|2008-12-02 11:20:21
48447|54756|23179|28801|1387|2175|1|272.00|40.80|2008-12-15 04:14:37
48716|55032|33886|6099|3575|2174|2|276.00|41.40|2008-12-14 09:25:54
48717|55033|39816|26158|816|2175|1|63.00|9.45|2008-12-15 09:26:56
49125|55494|28016|19471|3989|2170|1|62.00|9.30|2008-12-10 04:58:50
49452|55816|18803|43532|2375|2169|4|860.00|129.00|2008-12-09 11:43:39
49547|55902|47507|21215|8173|2163|2|172.00|25.80|2008-12-03 01:29:57
49653|56044|24432|17909|6509|2164|1|111.00|16.65|2008-12-04 03:29:10
49851|56294|11194|14013|2657|2167|4|580.00|87.00|2008-12-07 07:18:55
49980|56434|7564|43125|3614|2169|1|116.00|17.40|2008-12-09 09:38:37
49981|56434|7564|40415|3614|2166|3|348.00|52.20|2008-12-06 09:39:08
50388|56878|3511|5932|5513|2184|2|564.00|84.60|2008-12-24 04:58:51
50558|57081|16249|19405|925|2169|1|301.00|45.15|2008-12-09 07:54:22
50972|57488|1913|39514|6644|2175|4|192.00|28.80|2008-12-15 03:40:15
51014|57531|38096|28830|3511|2161|1|337.00|50.55|2008-12-01 04:30:59
51110|57630|3370|41200|1295|2180|2|106.00|15.90|2008-12-20 06:32:36
51391|57973|10964|14458|6284|2165|2|382.00|57.30|2008-12-05 11:48:37
51509|58116|26789|25380|7485|2173|1|166.00|24.90|2008-12-13 02:13:37
51889|58565|368|38427|7800|2179|4|1564.00|234.60|2008-12-19 09:18:02
51890|58565|368|30079|7800|2169|1|391.00|58.65|2008-12-09 09:18:07
51912|58592|44914|4009|4660|2171|1|228.00|34.20|2008-12-11 09:39:42
51959|58643|40290|11131|5102|2167|4|1984.00|297.60|2008-12-07 10:37:02
52071|58766|13042|47684|5694|2187|1|235.00|35.25|2008-12-27 12:29:58
52072|58766|13042|48226|5694|2187|2|470.00|70.50|2008-12-27 12:30:32
52073|58766|13042|44045|5694|2182|4|940.00|141.00|2008-12-22 12:30:37
52164|58863|36721|267|6361|2182|1|214.00|32.10|2008-12-22 02:08:46
52175|58876|34962|3037|4061|2161|1|97.00|14.55|2008-12-01 02:19:19
52292|59020|9247|16280|5965|2176|2|350.00|52.50|2008-12-16 05:02:19
52671|59457|18645|40018|5730|2187|2|662.00|99.30|2008-12-27 12:11:19
53120|59930|31278|44322|1082|2164|1|233.00|34.95|2008-12-04 08:57:12
53249|60068|25294|27376|3358|2172|2|550.00|82.50|2008-12-12 11:24:25
53294|60140|17883|160|4491|2167|2|316.00|47.40|2008-12-07 12:20:20
53581|60441|46306|29388|7413|2164|2|242.00|36.30|2008-12-04 06:02:49
53629|60494|182|2082|4019|2177|1|396.00|59.40|2008-12-17 06:32:48
53630|60494|182|4818|4019|2180|2|792.00|118.80|2008-12-20 06:34:14
53767|60676|46798|22080|8623|2170|1|68.00|10.20|2008-12-10 09:02:27
54142|61093|5192|19401|1037|2163|2|652.00|97.80|2008-12-03 04:04:31
54186|61127|36331|20500|2151|2162|4|1800.00|270.00|2008-12-02 04:46:36
54285|61232|1052|13447|2691|2163|1|324.00|48.60|2008-12-03 06:41:17
54718|61653|8331|9738|1009|2161|1|59.00|8.85|2008-12-01 03:41:38
54752|61687|32331|17816|4847|2175|4|1228.00|184.20|2008-12-15 04:24:33
54753|61687|32331|25336|4847|2184|2|614.00|92.10|2008-12-24 04:24:54
54823|61775|26626|8956|3352|2161|4|828.00|124.20|2008-12-01 05:30:42
55043|62050|21524|8523|1829|2169|2|304.00|45.60|2008-12-09 10:00:03
55335|62432|1103|32575|4146|2161|1|272.00|40.80|2008-12-01 04:20:45
55530|62647|39676|19314|5280|2166|1|489.00|73.35|2008-12-06 08:24:40
55772|62921|22816|23588|6924|2174|2|608.00|91.20|2008-12-14 01:28:31
55923|63080|24199|12958|5556|2163|1|494.00|74.10|2008-12-03 04:35:33
56080|63249|46972|4152|5155|2163|2|428.00|64.20|2008-12-03 07:52:54
56404|63698|34836|17437|2852|2162|4|1008.00|151.20|2008-12-02 01:48:19
56436|63744|5500|42786|8230|2173|1|488.00|73.20|2008-12-13 02:26:54
56437|63744|5500|43278|8230|2173|4|1952.00|292.80|2008-12-13 02:29:35
56438|63745|49179|1391|7887|2168|2|674.00|101.10|2008-12-08 02:29:48
57101|64571|13142|27376|5478|2172|2|460.00|69.00|2008-12-12 01:05:43
57102|64571|13142|25380|5478|2170|1|230.00|34.50|2008-12-10 01:05:43
57120|64590|26651|42241|7442|2173|2|206.00|30.90|2008-12-13 01:06:24
57121|64590|26651|41048|7442|2172|1|103.00|15.45|2008-12-12 01:06:26
57122|64590|26651|41246|7442|2172|3|309.00|46.35|2008-12-12 01:06:27
57152|64624|30907|19013|4449|2178|2|484.00|72.60|2008-12-18 01:07:20
57153|64624|30907|24796|4449|2185|1|242.00|36.30|2008-12-25 01:07:22
57164|64637|48281|32411|6242|2169|2|970.00|145.50|2008-12-09 01:07:51
57347|64860|6554|6948|3745|2170|1|320.00|48.00|2008-12-10 01:14:25
57348|64860|6554|11607|3745|2175|4|1280.00|192.00|2008-12-15 01:14:26
57570|65136|37564|23520|5478|2178|1|465.00|69.75|2008-12-18 01:23:30
57613|65198|24455|14070|4323|2169|1|143.00|21.45|2008-12-09 01:25:02
57636|65243|6831|23814|6630|2163|2|594.00|89.10|2008-12-03 01:25:58
57762|65392|29495|37767|6693|2169|1|63.00|9.45|2008-12-09 01:30:22
57922|65558|23918|21450|5682|2161|2|324.00|48.60|2008-12-01 01:36:23
57923|65558|23918|20861|5682|2161|1|162.00|24.30|2008-12-01 01:36:24
57939|65576|29948|38552|5649|2168|1|45.00|6.75|2008-12-08 01:36:49
58196|65882|2923|21346|4343|2165|2|498.00|74.70|2008-12-05 01:46:16
58226|65917|46460|15378|816|2163|2|682.00|102.30|2008-12-03 01:47:49
58517|66266|42583|26266|5548|2164|1|320.00|48.00|2008-12-04 01:58:34
58518|66266|42583|40777|5548|2181|2|640.00|96.00|2008-12-21 01:58:35
58622|66361|11361|24572|2308|2176|1|435.00|65.25|2008-12-16 02:02:58
58623|66361|11361|17301|2308|2167|2|870.00|130.50|2008-12-07 02:03:02
58891|66630|6413|16139|5694|2178|2|834.00|125.10|2008-12-18 02:12:30
59003|66758|31669|24525|6290|2167|3|531.00|79.65|2008-12-07 02:16:24
59042|66797|21787|35513|5834|2178|1|321.00|48.15|2008-12-18 02:17:38
59462|67317|5948|18255|4096|2188|2|868.00|130.20|2008-12-28 02:33:46
59463|67317|5948|5406|4096|2173|4|1736.00|260.40|2008-12-13 02:33:48
59684|67567|46864|9009|245|2186|1|414.00|62.10|2008-12-26 02:42:34
59800|67710|28611|35656|6250|2166|1|152.00|22.80|2008-12-06 02:46:44
59854|67773|6737|7432|5635|2172|4|1592.00|238.80|2008-12-12 02:49:01
60438|68448|39108|40965|5481|2183|2|730.00|109.50|2008-12-23 03:10:57
60718|68775|9409|42811|2918|2167|1|129.00|19.35|2008-12-07 03:23:19
60772|68835|17107|10020|7121|2169|4|1704.00|255.60|2008-12-09 03:25:00
61983|70256|8036|6842|3356|2162|4|1708.00|256.20|2008-12-02 04:11:38
62189|70489|30236|3145|5776|2175|1|262.00|39.30|2008-12-15 04:19:28
62387|70752|22853|29341|3216|2177|3|708.00|106.20|2008-12-17 04:26:34
62388|70752|22853|33239|3216|2181|2|472.00|70.80|2008-12-21 04:26:38
62552|70946|2393|4523|1730|2178|2|834.00|125.10|2008-12-18 04:33:31
62553|70946|2393|979|1730|2174|4|1668.00|250.20|2008-12-14 04:33:34
62738|71134|44632|43963|2667|2185|2|44.00|6.60|2008-12-25 04:40:00
62744|71141|4089|36184|5155|2161|1|201.00|30.15|2008-12-01 04:40:16
62876|71283|26976|15481|3372|2172|3|477.00|71.55|2008-12-12 04:45:05
62877|71283|26976|6090|3372|2161|1|159.00|23.85|2008-12-01 04:45:05
63135|71563|2907|12750|4954|2178|2|554.00|83.10|2008-12-18 04:55:02
63136|71563|2907|7744|4954|2172|1|277.00|41.55|2008-12-12 04:55:02
63137|71563|2907|21901|4954|2189|3|831.00|124.65|2008-12-29 04:55:03
63567|72037|49075|20712|164|2162|4|1420.00|213.00|2008-12-02 05:10:17
63718|72200|9787|41912|1028|2175|2|324.00|48.60|2008-12-15 05:15:25
63727|72211|2924|14737|3302|2170|1|160.00|24.00|2008-12-10 05:15:50
63860|72363|38088|10689|6883|2164|3|402.00|60.30|2008-12-04 05:21:19
64112|72659|26884|12671|2958|2172|1|314.00|47.10|2008-12-12 05:30:59
64383|72964|4849|26639|3354|2172|4|1216.00|182.40|2008-12-12 05:41:07
64455|73051|7636|23510|7845|2179|3|909.00|136.35|2008-12-19 05:43:44
64624|73253|36261|6466|2463|2167|1|153.00|22.95|2008-12-07 05:50:13
64625|73253|36261|4335|2463|2165|3|459.00|68.85|2008-12-05 05:50:21
64767|73412|4932|40327|8521|2183|2|332.00|49.80|2008-12-23 05:55:24
64862|73515|20277|1507|231|2171|3|201.00|30.15|2008-12-11 05:59:10
64901|73562|10319|32409|5474|2162|1|394.00|59.10|2008-12-02 06:00:34
64902|73562|10319|40782|5474|2172|2|788.00|118.20|2008-12-12 06:00:34
65142|73878|15367|30471|7109|2168|2|610.00|91.50|2008-12-08 06:08:51
65188|73934|29808|16267|4400|2172|1|345.00|51.75|2008-12-12 06:11:13
65463|74249|719|1375|7452|2166|4|1272.00|190.80|2008-12-06 06:21:35
65582|74395|39439|25581|6693|2162|3|471.00|70.65|2008-12-02 06:25:40
65655|74468|48939|6842|142|2180|4|1052.00|157.80|2008-12-20 06:29:00
65941|74792|42380|18075|2375|2166|1|241.00|36.15|2008-12-06 06:40:27
65999|74853|14014|28265|4031|2166|1|362.00|54.30|2008-12-06 06:42:58
66284|75204|34102|29705|6976|2175|2|58.00|8.70|2008-12-15 06:53:46
66311|75227|41288|17302|2206|2161|4|1228.00|184.20|2008-12-01 06:54:38
66702|75673|8635|23135|6034|2187|1|247.00|37.05|2008-12-27 07:08:51
66721|75708|29433|10949|8372|2178|4|1588.00|238.20|2008-12-18 07:09:29
66885|75917|43474|4267|3358|2168|3|369.00|55.35|2008-12-08 07:14:56
66886|75917|43474|15769|3358|2181|2|246.00|36.90|2008-12-21 07:14:57
67254|76350|26798|36431|5621|2183|1|396.00|59.40|2008-12-23 07:29:05
67640|76829|48914|26313|1029|2178|2|496.00|74.40|2008-12-18 07:43:45
68840|78256|33607|20869|6123|2161|2|642.00|96.30|2008-12-01 08:27:54
68842|78260|48107|25819|2141|2162|4|1596.00|239.40|2008-12-02 08:28:02
68843|78260|48107|47435|2141|2188|1|399.00|59.85|2008-12-28 08:28:06
68854|78274|44999|12260|3131|2180|2|706.00|105.90|2008-12-20 08:28:20
68944|78383|41364|29831|2030|2164|1|179.00|26.85|2008-12-04 08:31:03
69220|78726|17229|8281|5284|2182|2|50.00|7.50|2008-12-22 08:41:28
69243|78757|12710|42936|1009|2172|2|196.00|29.40|2008-12-12 08:42:39
69567|79141|43254|7151|5917|2167|2|438.00|65.70|2008-12-07 08:54:37
69568|79141|43254|4230|5917|2164|4|876.00|131.40|2008-12-04 08:54:40
69906|79506|48016|11369|1019|2173|1|119.00|17.85|2008-12-13 09:07:20
70057|79672|46392|5641|69|2161|1|73.00|10.95|2008-12-01 09:12:53
70276|79900|19525|24096|6046|2170|1|274.00|41.10|2008-12-10 09:21:02
70308|79944|26074|31691|6991|2162|1|336.00|50.40|2008-12-02 09:22:22
70309|79944|26074|32481|6991|2162|2|672.00|100.80|2008-12-02 09:22:22
70310|79944|26074|43171|6991|2175|3|1008.00|151.20|2008-12-15 09:22:25
70342|79973|796|17005|1594|2163|2|644.00|96.60|2008-12-03 09:23:42
70599|80277|46974|31989|4864|2167|2|934.00|140.10|2008-12-07 09:33:03
70922|80647|30400|35401|5690|2161|2|632.00|94.80|2008-12-01 09:43:55
70990|80757|30976|11284|2270|2174|2|982.00|147.30|2008-12-14 09:46:23
70991|80757|30976|10523|2270|2173|1|491.00|73.65|2008-12-13 09:46:24
71091|80883|20947|43700|5099|2187|2|896.00|134.40|2008-12-27 09:50:16
71092|80883|20947|31723|5099|2173|1|448.00|67.20|2008-12-13 09:50:23
71770|81736|26253|25377|2312|2167|1|67.00|10.05|2008-12-07 10:15:32
71804|81777|24900|7267|6110|2165|2|370.00|55.50|2008-12-05 10:17:01
71862|81878|1608|752|4362|2177|2|492.00|73.80|2008-12-17 10:19:35
71887|81913|37481|11107|6178|2180|1|432.00|64.80|2008-12-20 10:20:31
71935|81979|25035|8487|3253|2167|1|303.00|45.45|2008-12-07 10:22:24
71962|82014|30658|31229|4870|2165|1|39.00|5.85|2008-12-05 10:23:43
72426|82577|43157|14366|8606|2162|2|200.00|30.00|2008-12-02 10:40:31
72791|83035|24679|23648|2185|2165|4|708.00|106.20|2008-12-05 10:54:30
73061|83323|25762|43769|7022|2161|1|300.00|45.00|2008-12-01 11:04:09
73276|83611|41274|18420|4675|2181|1|74.00|11.10|2008-12-21 11:12:13
73277|83611|41274|12530|4675|2174|2|148.00|22.20|2008-12-14 11:12:13
73374|83708|40265|45764|4838|2168|2|192.00|28.80|2008-12-08 11:15:46
73400|83748|47104|3982|2452|2161|3|855.00|128.25|2008-12-01 11:16:56
73541|83916|12770|19764|1824|2170|1|177.00|26.55|2008-12-10 11:22:18
74205|84691|19139|37275|7413|2164|2|456.00|68.40|2008-12-04 11:47:33
74398|84903|2232|10683|5432|2178|4|1244.00|186.60|2008-12-18 11:55:17
74399|84903|2232|1032|5432|2167|2|622.00|93.30|2008-12-07 11:55:19
74571|85102|43345|3245|375|2165|1|260.00|39.00|2008-12-05 12:02:11
74581|85112|3978|16811|3417|2187|2|286.00|42.90|2008-12-27 12:02:47
74902|85497|45049|2318|7547|2190|2|554.00|83.10|2008-12-30 12:15:19
75228|85886|23008|40025|2545|2173|1|263.00|39.45|2008-12-13 12:26:13
75362|86059|46509|17079|1932|2164|2|344.00|51.60|2008-12-04 12:31:12
75599|86337|30576|7604|1287|2174|1|405.00|60.75|2008-12-14 12:39:56
75600|86337|30576|7731|1287|2174|4|1620.00|243.00|2008-12-14 12:39:58
75741|86489|37238|38094|2424|2172|2|784.00|117.60|2008-12-12 12:45:23
75775|86533|27465|8972|8623|2172|4|568.00|85.20|2008-12-12 12:46:33
76078|86888|1122|171|766|2161|2|596.00|89.40|2008-12-01 12:57:38
76235|87070|12324|9816|4106|2162|2|584.00|87.60|2008-12-02 02:39:59
76395|87224|12666|45610|3411|2175|2|636.00|95.40|2008-12-15 05:10:52
76739|87688|36528|17177|6999|2176|2|654.00|98.10|2008-12-16 11:24:39
77072|88069|16062|7731|3909|2189|4|820.00|123.00|2008-12-29 05:46:18
77199|88186|40917|8800|2007|2182|4|388.00|58.20|2008-12-22 08:44:13
77244|88231|21456|34942|2079|2165|4|1172.00|175.80|2008-12-05 09:35:33
77325|88313|49364|10558|8493|2162|2|662.00|99.30|2008-12-02 11:15:15
77326|88313|49364|17082|8493|2170|3|993.00|148.95|2008-12-10 11:15:30
77415|88401|8177|9734|3260|2177|3|1488.00|223.20|2008-12-17 12:50:12
77814|88848|18089|47982|7456|2167|4|1968.00|295.20|2008-12-07 07:57:27
78022|89103|42299|14062|2290|2188|2|888.00|133.20|2008-12-28 12:05:39
78023|89103|42299|12229|2290|2186|1|444.00|66.60|2008-12-26 12:07:04
78025|89105|1033|3805|4954|2180|3|1422.00|213.30|2008-12-20 12:09:14
78648|89790|39568|18349|6813|2169|1|52.00|7.80|2008-12-09 11:27:00
78649|89790|39568|22019|6813|2173|4|208.00|31.20|2008-12-13 11:28:11
78672|89812|31550|27103|914|2182|1|171.00|25.65|2008-12-22 11:55:07
78673|89812|31550|21552|914|2175|4|684.00|102.60|2008-12-15 11:55:39
78706|89846|41545|12376|6242|2181|2|772.00|115.80|2008-12-21 12:29:08
78790|89956|29290|29777|7456|2165|1|47.00|7.05|2008-12-05 02:14:50
78925|90107|10165|25803|5145|2167|1|437.00|65.55|2008-12-07 05:02:53
79192|90412|45815|21233|6493|2167|1|168.00|25.20|2008-12-07 10:16:14
79313|90574|33073|5919|2667|2180|4|596.00|89.40|2008-12-20 12:15:18
79314|90574|33073|4747|2667|2178|1|149.00|22.35|2008-12-18 12:17:58
79438|90726|21833|14340|2696|2174|4|820.00|123.00|2008-12-14 02:19:53
79439|90726|21833|13326|2696|2172|1|205.00|30.75|2008-12-12 02:22:47
79664|90964|21949|34323|3419|2172|1|321.00|48.15|2008-12-12 06:38:41
79665|90964|21949|32760|3419|2170|2|642.00|96.30|2008-12-10 06:39:12
79710|91030|38801|42397|8287|2184|1|84.00|12.60|2008-12-24 07:22:43
79735|91058|32005|18995|7413|2175|1|370.00|55.50|2008-12-15 07:51:39
79760|91095|29182|38629|7824|2162|2|138.00|20.70|2008-12-02 08:14:34
79888|91240|30817|24148|3039|2162|2|972.00|145.80|2008-12-02 11:05:18
80035|91403|16722|20471|5665|2166|1|479.00|71.85|2008-12-06 01:48:09
80277|91670|14776|6417|4746|2167|3|969.00|145.35|2008-12-07 06:34:29
80278|91670|14776|1377|4746|2161|1|323.00|48.45|2008-12-01 06:35:48
80324|91731|45789|5475|4086|2172|4|1884.00|282.60|2008-12-12 07:22:58
80431|91839|37204|42826|4210|2176|2|986.00|147.90|2008-12-16 09:44:44
80525|91944|8184|36733|1690|2169|2|982.00|147.30|2008-12-09 11:27:53
80569|91979|29351|26555|8287|2172|2|166.00|24.90|2008-12-12 12:13:05
80604|92015|14068|32495|8645|2183|2|656.00|98.40|2008-12-23 12:58:19
80606|92015|14068|16286|8645|2163|4|1312.00|196.80|2008-12-03 12:59:28
80617|92031|29407|2283|6110|2172|2|582.00|87.30|2008-12-12 01:12:49
80967|92363|7547|3919|6161|2182|1|33.00|4.95|2008-12-22 08:35:18
80968|92363|7547|842|6161|2179|2|66.00|9.90|2008-12-19 08:35:34
81337|92759|17852|35693|5109|2174|1|215.00|32.25|2008-12-14 04:14:04
81391|92817|6497|24699|1451|2172|1|122.00|18.30|2008-12-12 05:16:31
81401|92824|43016|7331|675|2163|2|92.00|13.80|2008-12-03 05:31:20
81581|93033|48137|14345|4086|2171|1|125.00|18.75|2008-12-11 08:58:46
81700|93165|48306|39261|1052|2162|1|277.00|41.55|2008-12-02 11:38:05
81954|93447|44125|23438|8521|2181|1|214.00|32.10|2008-12-21 04:23:59
82195|93734|23597|22792|624|2170|1|186.00|27.90|2008-12-10 09:03:59
82196|93734|23597|30263|624|2179|2|372.00|55.80|2008-12-19 09:04:10
82285|93829|9647|38850|1029|2179|1|359.00|53.85|2008-12-19 10:47:59
82554|94161|17241|39248|8766|2166|2|282.00|42.30|2008-12-06 03:48:51
82555|94161|17241|36041|8766|2162|4|564.00|84.60|2008-12-02 03:49:23
82640|94248|6043|29795|8049|2165|2|140.00|21.00|2008-12-05 05:33:19
82792|94381|24645|27191|8168|2170|1|489.00|73.35|2008-12-10 08:23:22
83092|94697|21304|338|367|2171|2|802.00|120.30|2008-12-11 01:36:37
83113|94719|46115|48029|7442|2175|1|31.00|4.65|2008-12-15 02:07:57
83246|94877|605|27881|2969|2177|1|398.00|59.70|2008-12-17 04:40:10
83247|94877|605|28266|2969|2177|2|796.00|119.40|2008-12-17 04:42:34
83810|95571|20703|26731|3420|2167|4|1924.00|288.60|2008-12-07 04:08:50
83820|95582|40139|13080|4277|2184|2|752.00|112.80|2008-12-24 04:20:24
84098|95940|15587|40048|7184|2168|1|163.00|24.45|2008-12-08 10:17:46
84099|95940|15587|35178|7184|2162|4|652.00|97.80|2008-12-02 10:18:12
84250|96125|25877|45379|5834|2179|3|1326.00|198.90|2008-12-19 01:21:35
84253|96125|25877|30117|5834|2161|2|884.00|132.60|2008-12-01 01:26:46
84994|97028|33684|6765|6054|2163|2|848.00|127.20|2008-12-03 04:37:46
85673|97806|24841|98|5649|2162|1|290.00|43.50|2008-12-02 05:29:10
86278|98496|19228|35649|5316|2167|1|296.00|44.40|2008-12-07 06:08:56
86462|98723|45607|15481|919|2170|1|315.00|47.25|2008-12-10 09:42:33
86481|98739|44333|39271|5187|2161|2|962.00|144.30|2008-12-01 10:05:56
86624|98896|30739|44812|4406|2185|4|1644.00|246.60|2008-12-25 12:50:28
86625|98896|30739|47269|4406|2188|2|822.00|123.30|2008-12-28 12:52:22
86626|98896|30739|38317|4406|2177|1|411.00|61.65|2008-12-17 12:53:00
86718|99001|24608|35153|3331|2174|2|984.00|147.60|2008-12-14 02:33:23
87368|99766|32953|33935|5241|2165|2|974.00|146.10|2008-12-05 02:15:24
87559|99983|12901|6891|5280|2164|2|702.00|105.30|2008-12-04 06:11:34
87716|100189|36446|14430|104|2165|2|324.00|48.60|2008-12-05 09:01:38
88041|100557|6591|39399|3104|2162|1|420.00|63.00|2008-12-02 03:21:28
88385|100943|17514|7787|5965|2173|1|391.00|58.65|2008-12-13 09:41:38
88411|100969|3469|32861|2575|2163|4|224.00|33.60|2008-12-03 10:11:36
88456|101053|5929|402|5690|2162|1|29.00|4.35|2008-12-02 10:52:12
88857|101509|5375|19119|4096|2166|1|35.00|5.25|2008-12-06 06:18:22
88858|101509|5375|14943|4096|2161|3|105.00|15.75|2008-12-01 06:19:15
89108|101779|14665|200|6951|2177|1|422.00|63.30|2008-12-17 11:24:59
89109|101779|14665|3352|6951|2181|2|844.00|126.60|2008-12-21 11:25:36
89193|101868|48238|22000|606|2163|2|682.00|102.30|2008-12-03 01:02:55
89316|101979|3251|11876|6069|2163|2|388.00|58.20|2008-12-03 03:15:05
89374|102050|37663|4601|2061|2161|2|208.00|31.20|2008-12-01 04:13:21
89568|102281|26684|45041|7109|2168|2|104.00|15.60|2008-12-08 07:50:58
89631|102359|36242|40778|3417|2178|4|1060.00|159.00|2008-12-18 09:01:16
90034|102772|37984|23307|1131|2170|4|1876.00|281.40|2008-12-10 04:39:23
90035|102772|37984|15175|1131|2161|1|469.00|70.35|2008-12-01 04:39:45
90335|103135|10761|17765|3358|2179|2|378.00|56.70|2008-12-19 10:37:16
90346|103151|23553|7172|4374|2161|4|420.00|63.00|2008-12-01 10:45:03
90430|103231|2690|19362|6883|2164|2|574.00|86.10|2008-12-04 12:28:05
90685|103523|48351|30461|6704|2162|2|418.00|62.70|2008-12-02 05:44:29
90695|103534|25783|2885|8305|2179|2|188.00|28.20|2008-12-19 05:53:37
90712|103551|42733|1178|316|2164|1|262.00|39.30|2008-12-04 06:17:51
90921|103770|39112|18377|74|2173|4|684.00|102.60|2008-12-13 10:21:32
90922|103770|39112|29384|74|2186|2|342.00|51.30|2008-12-26 10:22:35
90934|103777|47235|35549|272|2162|1|20.00|3.00|2008-12-02 10:41:57
90997|103846|39726|3781|2181|2161|2|726.00|108.90|2008-12-01 11:49:44
90998|103846|39726|20194|2181|2181|1|363.00|54.45|2008-12-21 11:49:47
91198|104073|25165|29554|8593|2161|3|618.00|92.70|2008-12-01 03:34:53
91415|104325|37531|11462|7188|2177|2|604.00|90.60|2008-12-17 07:40:17
91484|104400|14521|18229|5481|2165|2|608.00|91.20|2008-12-05 08:53:38
91485|104400|14521|15118|5481|2162|1|304.00|45.60|2008-12-02 08:57:52
91531|104447|38270|652|4096|2186|1|291.00|43.65|2008-12-26 09:53:31
91777|104721|19968|33583|6630|2164|1|431.00|64.65|2008-12-04 02:16:24
92212|105233|17677|1949|5375|2185|1|436.00|65.40|2008-12-25 10:15:02
92936|106067|38232|14581|1578|2169|1|264.00|39.60|2008-12-09 12:29:20
93711|107026|10938|16794|4751|2179|4|156.00|23.40|2008-12-19 03:19:36
94013|107376|42585|47769|3575|2173|2|808.00|121.20|2008-12-13 09:25:25
94079|107443|29238|4485|6724|2165|1|239.00|35.85|2008-12-05 10:23:19
94124|107491|41520|28151|3215|2174|1|277.00|41.55|2008-12-14 11:06:39
94262|107648|43696|48926|4834|2161|1|299.00|44.85|2008-12-01 01:47:29
94308|107681|30772|21223|7874|2177|2|62.00|9.30|2008-12-17 02:34:49
94365|107743|36017|14030|8187|2165|4|1324.00|198.60|2008-12-05 03:42:41
94367|107743|36017|10490|8187|2161|1|331.00|49.65|2008-12-01 03:45:08
94565|107968|46210|17819|5375|2185|1|90.00|13.50|2008-12-25 07:32:40
94638|108054|22499|6136|4675|2182|4|1368.00|205.20|2008-12-22 08:42:14
94757|108176|22162|34469|2867|2172|2|56.00|8.40|2008-12-12 11:19:47
94880|108311|49909|1713|5277|2169|2|644.00|96.60|2008-12-09 01:55:48
94881|108311|49909|12152|5277|2181|3|966.00|144.90|2008-12-21 01:59:16
95043|108487|14513|15793|7670|2166|2|386.00|57.90|2008-12-06 05:07:22
95044|108487|14513|15365|7670|2166|1|193.00|28.95|2008-12-06 05:08:04
95065|108517|16317|30213|7485|2165|2|402.00|60.30|2008-12-05 05:34:28
95445|108953|35116|29440|4479|2164|3|417.00|62.55|2008-12-04 01:17:49
95446|108953|35116|30655|4479|2165|1|139.00|20.85|2008-12-05 01:17:54
95509|109042|44268|17471|5513|2161|2|534.00|80.10|2008-12-01 02:34:58
95880|109457|39706|31379|2141|2176|2|236.00|35.40|2008-12-16 10:15:31
95881|109457|39706|36557|2141|2182|1|118.00|17.70|2008-12-22 10:17:02
96397|110051|44383|19010|1451|2163|1|363.00|54.45|2008-12-03 09:39:11
96398|110051|44383|25265|1451|2171|4|1452.00|217.80|2008-12-11 09:39:56
96399|110051|44383|25306|1451|2171|2|726.00|108.90|2008-12-11 09:39:59
96573|110235|14874|34399|1387|2163|1|121.00|18.15|2008-12-03 01:07:04
96579|110241|40027|31619|5776|2169|2|270.00|40.50|2008-12-09 01:20:31
96670|110332|8835|46705|87|2179|1|375.00|56.25|2008-12-19 03:33:25
96732|110418|38777|17530|6996|2166|2|144.00|21.60|2008-12-06 05:01:26
97648|111505|41470|41774|7581|2181|2|268.00|40.20|2008-12-21 12:06:29
98405|112439|43951|35553|3917|2162|2|150.00|22.50|2008-12-02 03:35:20
98524|112567|37320|10354|2061|2162|3|804.00|120.60|2008-12-02 05:53:14
98955|113101|30796|20472|285|2164|1|101.00|15.15|2008-12-04 03:16:37
99229|113427|809|27175|3989|2163|1|284.00|42.60|2008-12-03 09:25:02
99395|113635|42175|38841|5189|2180|2|332.00|49.80|2008-12-20 01:04:04
99828|114094|42031|23006|125|2179|4|1624.00|243.60|2008-12-19 10:51:58
99829|114094|42031|14948|125|2169|1|406.00|60.90|2008-12-09 10:52:12
99830|114094|42031|11329|125|2165|2|812.00|121.80|2008-12-05 10:52:24
99840|114110|16514|15369|1658|2167|2|400.00|60.00|2008-12-07 11:02:20
99950|114247|22829|18128|7344|2183|1|26.00|3.90|2008-12-23 01:40:14
99951|114247|22829|13821|7344|2178|2|52.00|7.80|2008-12-18 01:41:22
100391|114794|9055|2424|8735|2164|1|351.00|52.65|2008-12-04 12:05:14
100905|115390|10078|13562|6885|2182|1|399.00|59.85|2008-12-22 12:07:32
100998|115490|43109|14541|7109|2165|1|479.00|71.85|2008-12-05 02:36:05
101485|116038|3160|150|3222|2167|4|1748.00|262.20|2008-12-07 02:32:42
101571|116145|42199|7943|4707|2164|1|402.00|60.30|2008-12-04 04:43:35
101868|116496|16103|22909|575|2162|3|522.00|78.30|2008-12-02 12:13:27
101869|116496|16103|30481|575|2171|2|348.00|52.20|2008-12-11 12:14:15
102364|117121|19413|167|2270|2176|1|295.00|44.25|2008-12-16 12:44:15
102626|117412|24408|26370|2696|2180|1|285.00|42.75|2008-12-20 07:47:42
102688|117468|29803|29462|2930|2182|2|740.00|111.00|2008-12-22 09:18:17
102800|117584|2135|32036|1468|2173|2|634.00|95.10|2008-12-13 11:58:19
102817|117604|13822|9755|1658|2164|2|808.00|121.20|2008-12-04 12:25:31
102826|117619|3456|30423|6146|2170|1|251.00|37.65|2008-12-10 12:43:29
102827|117619|3456|33579|6146|2174|2|502.00|75.30|2008-12-14 12:45:15
103022|117826|19687|10681|2554|2173|1|390.00|58.50|2008-12-13 05:50:39
103071|117871|30878|8889|6430|2164|3|969.00|145.35|2008-12-04 06:54:49
103072|117871|30878|6953|6430|2162|1|323.00|48.45|2008-12-02 06:58:41
103233|118054|26495|32564|3665|2175|4|272.00|40.80|2008-12-15 10:54:50
103266|118088|4263|5671|655|2167|4|1492.00|223.80|2008-12-07 11:54:37
103287|118117|23670|8337|7010|2167|4|208.00|31.20|2008-12-07 12:27:55
103288|118119|2880|24967|2657|2166|2|984.00|147.60|2008-12-06 12:33:30
103501|118353|23858|13775|2100|2183|2|834.00|125.10|2008-12-23 06:12:01
103657|118567|446|23192|1295|2167|3|570.00|85.50|2008-12-07 10:05:44
103740|118673|46185|23885|2170|2175|2|380.00|57.00|2008-12-15 12:04:04
103741|118673|46185|24637|2170|2176|1|190.00|28.50|2008-12-16 12:05:59
104198|119195|44487|33630|6435|2169|1|491.00|73.65|2008-12-09 12:52:31
104326|119356|39333|19452|2947|2181|4|1828.00|274.20|2008-12-21 04:13:49
104327|119356|39333|8227|2947|2167|1|457.00|68.55|2008-12-07 04:15:32
105244|120429|4489|41431|7184|2169|2|960.00|144.00|2008-12-09 07:12:58
105502|120747|47829|1042|8168|2187|1|224.00|33.60|2008-12-27 02:06:29
105779|121076|29345|42329|264|2177|2|632.00|94.80|2008-12-17 10:05:09
105780|121076|29345|39453|264|2174|1|316.00|47.40|2008-12-14 10:06:26
106077|121406|16685|9359|3059|2175|2|824.00|123.60|2008-12-15 07:11:50
106078|121406|16685|3335|3059|2168|1|412.00|61.80|2008-12-08 07:11:56
106079|121406|16685|10507|3059|2176|4|1648.00|247.20|2008-12-16 07:13:08
106578|121952|6269|26512|4660|2176|1|419.00|62.85|2008-12-16 10:30:06
106605|121987|25773|3511|4322|2184|2|64.00|9.60|2008-12-24 11:28:36
106860|122280|28283|17962|4086|2182|4|332.00|49.80|2008-12-22 07:14:39
107031|122473|12081|22815|316|2187|1|214.00|32.10|2008-12-27 12:19:07
107104|122541|16735|28117|5251|2171|1|232.00|34.80|2008-12-11 03:07:00
107105|122541|16735|23840|5251|2166|4|928.00|139.20|2008-12-06 03:09:06
107212|122700|431|23794|245|2176|1|250.00|37.50|2008-12-16 06:42:02
108036|123619|40731|22962|7413|2166|1|196.00|29.40|2008-12-06 01:32:03
108153|123757|32255|33571|7581|2173|1|178.00|26.70|2008-12-13 06:32:19
108222|123846|41460|24597|7846|2170|4|1816.00|272.40|2008-12-10 09:25:01
108245|123876|39939|29801|164|2163|1|100.00|15.00|2008-12-03 10:06:17
109192|125036|34753|46635|7859|2162|4|1300.00|195.00|2008-12-02 09:52:58
109435|125323|9459|17601|4485|2167|1|449.00|67.35|2008-12-07 08:26:45
109544|125445|30305|12780|2382|2177|1|67.00|10.05|2008-12-17 01:19:18
110013|125989|45500|17387|2151|2183|1|104.00|15.60|2008-12-23 10:19:18
110356|126375|26248|27749|4063|2164|1|433.00|64.95|2008-12-04 02:18:28
110357|126375|26248|29648|4063|2166|2|866.00|129.90|2008-12-06 02:21:51
110373|126400|8414|7670|3944|2173|1|345.00|51.75|2008-12-13 03:21:10
110494|126556|32392|8719|4322|2162|2|540.00|81.00|2008-12-02 09:12:43
110850|126970|32188|17847|3305|2163|2|894.00|134.10|2008-12-03 03:17:48
110852|126970|32188|23918|3305|2170|4|1788.00|268.20|2008-12-10 03:24:36
110912|127046|39851|14105|6652|2173|3|1221.00|183.15|2008-12-13 06:48:09
110913|127046|39851|6217|6652|2164|1|407.00|61.05|2008-12-04 06:59:06
111108|127265|7505|12625|5070|2165|2|750.00|112.50|2008-12-05 06:42:29
111109|127265|7505|12935|5070|2165|4|1500.00|225.00|2008-12-05 06:43:02
111218|127383|4316|11513|4009|2173|2|194.00|29.10|2008-12-13 02:04:27
111319|127502|46475|21232|1387|2165|2|878.00|131.70|2008-12-05 09:56:30
111719|127953|5136|42263|2619|2163|2|924.00|138.60|2008-12-03 11:29:42
111935|128218|30116|34449|1019|2168|1|84.00|12.60|2008-12-08 01:46:03
112024|128319|6630|42167|1545|2183|4|2000.00|300.00|2008-12-23 09:18:52
112025|128319|6630|28252|1545|2166|2|1000.00|150.00|2008-12-06 09:20:08
112055|128349|34922|38005|5287|2174|4|204.00|30.60|2008-12-14 10:39:39
112056|128349|34922|40574|5287|2177|2|102.00|15.30|2008-12-17 10:41:48
112139|128474|44534|17645|4485|2168|2|822.00|123.30|2008-12-08 06:03:50
112140|128474|44534|20586|4485|2171|1|411.00|61.65|2008-12-11 06:05:16
112162|128501|42894|33415|7289|2179|1|26.00|3.90|2008-12-19 07:18:29
112400|128771|46227|30477|7063|2162|4|480.00|72.00|2008-12-02 04:32:12
112459|128852|22182|11070|860|2168|2|418.00|62.70|2008-12-08 09:30:48
112625|129060|16360|42200|74|2179|2|302.00|45.30|2008-12-19 04:36:05
112627|129060|16360|48395|74|2187|4|604.00|90.60|2008-12-27 04:42:32
112708|129130|31677|43600|2104|2166|1|372.00|55.80|2008-12-06 05:45:13
112737|129163|40877|17702|8493|2164|6|2538.00|380.70|2008-12-04 09:14:21
113293|129790|28931|15692|5491|2165|2|466.00|69.90|2008-12-05 11:17:36
113479|130002|49375|29681|3748|2167|1|23.00|3.45|2008-12-07 08:05:58
113480|130002|49375|25852|3748|2163|3|69.00|10.35|2008-12-03 08:07:59
113577|130090|15571|36302|3059|2181|2|864.00|129.60|2008-12-21 09:05:10
113767|130301|37643|32490|2935|2177|4|1292.00|193.80|2008-12-17 06:19:43
114102|130702|12872|32907|4606|2190|4|912.00|136.80|2008-12-30 03:39:10
114103|130702|12872|19161|4606|2173|1|228.00|34.20|2008-12-13 03:40:52
114235|130848|35921|674|7188|2171|2|226.00|33.90|2008-12-11 02:57:11
114346|130977|32231|10640|3424|2179|1|336.00|50.40|2008-12-19 11:23:17
114995|131657|24867|27368|2061|2164|1|407.00|61.05|2008-12-04 08:30:58
114996|131657|24867|25860|2061|2163|2|814.00|122.10|2008-12-03 08:35:09
115368|132094|29587|22518|6509|2165|1|30.00|4.50|2008-12-05 05:44:30
115517|132259|46018|45135|3689|2186|2|772.00|115.80|2008-12-26 01:06:14
115639|132395|41303|12242|5474|2162|2|774.00|116.10|2008-12-02 08:00:49
115807|132594|45030|37507|4594|2177|2|636.00|95.40|2008-12-17 03:36:59
115808|132594|45030|31038|4594|2169|1|318.00|47.70|2008-12-09 03:39:26
115816|132602|12733|21514|1859|2177|1|258.00|38.70|2008-12-17 04:05:33
116085|132924|31407|10860|4256|2176|4|1716.00|257.40|2008-12-16 05:27:24
116086|132924|31407|4800|4256|2168|2|858.00|128.70|2008-12-08 05:31:24
116214|133078|2829|42974|2739|2174|1|368.00|55.20|2008-12-14 11:13:44
116665|133596|30875|9605|5528|2174|1|141.00|21.15|2008-12-14 06:50:39
116821|133762|17079|592|807|2164|4|1340.00|201.00|2008-12-04 01:10:19
117469|134507|21316|19939|3169|2162|1|73.00|10.95|2008-12-02 03:37:50
117586|134644|49041|21192|3484|2165|1|262.00|39.30|2008-12-05 07:49:35
117610|134672|5960|2503|1545|2167|1|185.00|27.75|2008-12-07 08:49:02
117661|134737|26381|5556|312|2169|2|82.00|12.30|2008-12-09 10:36:34
117732|134817|34371|34080|1052|2163|3|918.00|137.70|2008-12-03 01:07:56
117910|135038|4647|30565|5099|2173|4|208.00|31.20|2008-12-13 07:53:46
117911|135038|4647|36265|5099|2180|1|52.00|7.80|2008-12-20 07:56:07
117934|135062|8863|6407|989|2166|2|398.00|59.70|2008-12-06 08:28:33
117935|135062|8863|13838|989|2175|1|199.00|29.85|2008-12-15 08:28:35
118400|135619|5105|26908|8493|2172|4|1736.00|260.40|2008-12-12 01:02:18
118501|135732|26313|31479|316|2180|2|780.00|117.00|2008-12-20 04:25:33
118662|135917|17304|6960|830|2178|1|480.00|72.00|2008-12-18 10:05:01
118669|135923|10755|2262|5917|2166|2|980.00|147.00|2008-12-06 10:13:56
118890|136158|25602|2447|4807|2176|2|696.00|104.40|2008-12-16 05:48:34
119046|136340|41819|23533|4807|2168|4|608.00|91.20|2008-12-08 11:29:02
119047|136340|41819|20543|4807|2164|1|152.00|22.80|2008-12-04 11:29:03
119168|136480|43834|4413|7859|2164|2|756.00|113.40|2008-12-04 02:56:22
119247|136554|2708|17287|2768|2162|1|21.00|3.15|2008-12-02 05:43:04
119248|136554|2708|22429|2768|2168|4|84.00|12.60|2008-12-08 05:46:54
119249|136554|2708|19932|2768|2165|2|42.00|6.30|2008-12-05 05:47:01
119979|137369|32495|28770|8645|2172|2|306.00|45.90|2008-12-12 07:03:53
119980|137369|32495|32982|8645|2177|1|153.00|22.95|2008-12-17 07:05:41
120012|137407|33195|9886|7490|2171|1|360.00|54.00|2008-12-11 08:11:07
120051|137475|5623|35049|6531|2179|2|776.00|116.40|2008-12-19 09:18:04
120344|137812|11116|20464|3511|2161|2|820.00|123.00|2008-12-01 06:49:06
120541|138011|42638|4124|1545|2175|4|1996.00|299.40|2008-12-15 12:31:31
120542|138011|42638|7159|1545|2179|2|998.00|149.70|2008-12-19 12:35:42
120543|138011|42638|11842|1545|2185|1|499.00|74.85|2008-12-25 12:37:02
120544|138012|10963|38572|663|2163|1|385.00|57.75|2008-12-03 12:37:27
120913|138408|39525|35130|2793|2174|2|688.00|103.20|2008-12-14 11:28:14
120914|138408|39525|26811|2793|2164|1|344.00|51.60|2008-12-04 11:28:23
120929|138427|10631|38387|6250|2166|1|317.00|47.55|2008-12-06 12:14:55
120950|138447|33415|42354|112|2182|2|526.00|78.90|2008-12-22 12:58:25
121116|138628|6317|4413|2041|2163|2|842.00|126.30|2008-12-03 06:11:54
121296|138859|26442|10785|365|2168|4|1368.00|205.20|2008-12-08 11:41:57
121333|138910|47872|37696|3417|2173|1|436.00|65.40|2008-12-13 12:50:51
121654|139280|13020|7093|5424|2170|7|567.00|85.05|2008-12-10 09:25:09
121655|139280|13020|16126|5424|2181|1|81.00|12.15|2008-12-21 09:29:07
121763|139410|35718|38080|7456|2163|2|722.00|108.30|2008-12-03 12:59:27
121874|139517|32624|10668|2034|2161|2|152.00|22.80|2008-12-01 03:58:45
122144|139833|45184|21937|5635|2169|1|447.00|67.05|2008-12-09 10:44:31
122404|140129|19057|10638|2172|2182|1|259.00|38.85|2008-12-22 05:46:09
122405|140129|19057|10830|2172|2182|2|518.00|77.70|2008-12-22 05:47:32
122664|140413|15482|586|4019|2168|2|820.00|123.00|2008-12-08 12:29:09
122898|140689|8247|24450|989|2186|1|178.00|26.70|2008-12-26 06:38:22
123087|140926|27993|27388|2554|2177|4|1400.00|210.00|2008-12-17 10:57:11
123198|141050|13361|29500|3484|2178|2|830.00|124.50|2008-12-18 01:13:25
123200|141050|13361|20585|3484|2167|4|1660.00|249.00|2008-12-07 01:14:57
123307|141155|41166|10957|2062|2164|2|104.00|15.60|2008-12-04 03:58:44
123361|141215|43449|23341|7344|2175|2|140.00|21.00|2008-12-15 05:20:33
123638|141545|2039|10487|2100|2166|3|1032.00|154.80|2008-12-06 12:41:40
123802|141739|28650|34727|3177|2169|2|836.00|125.40|2008-12-09 04:52:51
123812|141754|31331|6761|4210|2163|2|420.00|63.00|2008-12-03 05:12:02
123813|141754|31331|9625|4210|2166|4|840.00|126.00|2008-12-06 05:14:19
124038|142035|9101|5952|6204|2161|1|42.00|6.30|2008-12-01 11:22:18
124220|142253|2288|22676|5348|2173|2|118.00|17.70|2008-12-13 04:26:01
124251|142277|38318|17013|2545|2171|2|298.00|44.70|2008-12-11 05:13:01
124254|142280|28725|21052|5553|2178|1|268.00|40.20|2008-12-18 05:14:44
124545|142632|19829|9951|4838|2164|3|1077.00|161.55|2008-12-04 12:16:38
124550|142638|2750|17626|3177|2167|1|232.00|34.80|2008-12-07 12:24:18
124628|142730|3024|18107|8729|2173|2|624.00|93.60|2008-12-13 02:26:40
124650|142742|4365|30709|830|2162|1|360.00|54.00|2008-12-02 03:01:54
124651|142742|4365|41706|830|2176|2|720.00|108.00|2008-12-16 03:05:54
124873|142982|29863|8973|32|2162|1|161.00|24.15|2008-12-02 08:10:32
124964|143107|4241|19459|6652|2178|1|416.00|62.40|2008-12-18 10:25:27
125369|143558|16225|33890|2170|2168|3|669.00|100.35|2008-12-08 07:38:14
125370|143558|16225|45382|2170|2182|1|223.00|33.45|2008-12-22 07:40:58
125550|143759|26396|20559|6991|2177|1|296.00|44.40|2008-12-17 11:39:36
125638|143854|7637|7571|2771|2163|1|217.00|32.55|2008-12-03 01:54:01
125639|143854|7637|21321|2771|2179|2|434.00|65.10|2008-12-19 01:55:20
125640|143854|7637|8981|2771|2164|4|868.00|130.20|2008-12-04 01:55:52
125818|144049|35974|14050|8163|2170|2|878.00|131.70|2008-12-10 06:05:14
125918|144162|36601|1545|2158|2188|4|1528.00|229.20|2008-12-28 08:24:08
126114|144417|43825|15229|1341|2175|2|732.00|109.80|2008-12-15 12:46:23
126172|144495|21201|3979|4366|2171|1|35.00|5.25|2008-12-11 02:18:28
126182|144517|10929|39718|4773|2166|2|132.00|19.80|2008-12-06 02:31:05
126439|144839|47675|10200|4197|2165|1|214.00|32.10|2008-12-05 08:04:48
126629|145038|20998|32768|7989|2177|2|908.00|136.20|2008-12-17 12:21:13
126823|145276|15373|23542|6350|2163|1|295.00|44.25|2008-12-03 04:48:50
127003|145474|22130|21548|479|2174|2|902.00|135.30|2008-12-14 08:28:49
127057|145541|28631|1968|1578|2161|1|108.00|16.20|2008-12-01 09:29:26
127426|145993|35401|17613|189|2167|1|413.00|61.95|2008-12-07 05:35:25
127772|146416|48793|1336|1042|2173|3|1425.00|213.75|2008-12-13 01:33:00
127773|146416|48793|7228|1042|2180|1|475.00|71.25|2008-12-20 01:33:01
127934|146587|7756|33028|5287|2167|2|512.00|76.80|2008-12-07 04:51:24
128090|146800|35684|8138|4086|2175|2|528.00|79.20|2008-12-15 08:27:10
128091|146800|35684|6326|4086|2173|1|264.00|39.60|2008-12-13 08:28:38
128332|147092|36515|778|4333|2168|1|362.00|54.30|2008-12-08 01:46:44
128377|147154|44294|22976|1249|2170|1|334.00|50.10|2008-12-10 02:42:54
128416|147200|19128|32453|4286|2167|1|27.00|4.05|2008-12-07 03:43:13
128417|147200|19128|41049|4286|2178|2|54.00|8.10|2008-12-18 03:48:33
128590|147397|21891|20665|4723|2166|1|84.00|12.60|2008-12-06 07:29:47
128723|147556|10769|30959|4917|2177|1|321.00|48.15|2008-12-17 10:03:08
129296|148264|16037|8479|2867|2179|1|119.00|17.85|2008-12-19 10:07:57
129297|148264|16037|10424|2867|2181|3|357.00|53.55|2008-12-21 10:10:52
129454|148457|32834|19042|3873|2180|1|203.00|30.45|2008-12-20 01:29:00
129584|148599|17600|8261|6693|2166|2|368.00|55.20|2008-12-06 04:05:23
130337|149429|16592|280|3305|2184|1|349.00|52.35|2008-12-24 08:02:13
130355|149450|35370|280|5181|2173|1|423.00|63.45|2008-12-13 08:13:07
131341|151656|41579|5811|2429|2161|4|672.00|100.80|2008-12-01 02:48:33
131352|151670|30782|18881|7010|2170|4|612.00|91.80|2008-12-10 03:00:09
131360|151680|21954|15326|3216|2178|2|278.00|41.70|2008-12-18 03:07:06
131472|151813|9875|26885|3705|2162|1|355.00|53.25|2008-12-02 05:19:11
131598|151960|47922|36843|3615|2179|4|1684.00|252.60|2008-12-19 07:48:45
132062|152500|39125|41184|8681|2165|2|742.00|111.30|2008-12-05 05:01:35
132064|152500|39125|40176|8681|2164|3|1113.00|166.95|2008-12-04 05:02:13
132264|152744|20893|38015|5581|2162|4|1732.00|259.80|2008-12-02 08:17:36
132277|152755|10109|15657|5744|2170|2|582.00|87.30|2008-12-10 08:37:58
132494|153015|33064|38111|8059|2178|2|806.00|120.90|2008-12-18 12:43:34
132495|153015|33064|32588|8059|2172|4|1612.00|241.80|2008-12-12 12:45:56
132813|153390|42136|45952|2604|2165|3|657.00|98.55|2008-12-05 06:56:14
132872|153464|41066|33862|6999|2170|1|191.00|28.65|2008-12-10 08:01:53
132873|153464|41066|38867|6999|2176|2|382.00|57.30|2008-12-16 08:02:14
132945|153552|44501|29536|4009|2172|4|368.00|55.20|2008-12-12 09:18:43
132969|153588|3316|35136|3097|2174|2|174.00|26.10|2008-12-14 09:46:22
133193|153853|14467|41714|8667|2161|4|1560.00|234.00|2008-12-01 02:07:24
134153|155023|694|25890|7610|2176|4|1580.00|237.00|2008-12-16 07:32:38
134155|155023|694|16117|7610|2164|2|790.00|118.50|2008-12-04 07:38:41
134550|155503|34383|11785|4025|2170|1|447.00|67.05|2008-12-10 03:22:29
134551|155503|34383|7598|4025|2165|2|894.00|134.10|2008-12-05 03:22:31
134835|155834|25634|22108|3615|2179|2|590.00|88.50|2008-12-19 08:43:46
134860|155862|33622|11343|6242|2164|1|474.00|71.10|2008-12-04 09:06:57
134921|155927|28537|31249|3601|2172|1|252.00|37.80|2008-12-12 10:18:28
134923|155927|28537|29959|3601|2170|4|1008.00|151.20|2008-12-10 10:18:49
135309|156329|49843|35483|7406|2173|1|68.00|10.20|2008-12-13 05:44:41
135311|156329|49843|26932|7406|2163|2|136.00|20.40|2008-12-03 05:48:23
135384|156403|2441|7375|969|2176|1|276.00|41.40|2008-12-16 07:26:02
135396|156427|9627|18796|5920|2162|2|422.00|63.30|2008-12-02 07:37:31
135397|156427|9627|25422|5920|2170|4|844.00|126.60|2008-12-10 07:38:01
135514|156557|2047|48918|5058|2167|1|319.00|47.85|2008-12-07 09:42:48
135592|156641|21503|9320|5003|2163|2|162.00|24.30|2008-12-03 11:05:57
135603|156658|45125|828|2172|2185|2|526.00|78.90|2008-12-25 11:15:36
135656|156738|18733|31264|6080|2164|4|832.00|124.80|2008-12-04 12:01:48
135657|156738|18733|32290|6080|2165|2|416.00|62.40|2008-12-05 12:03:03
135685|156775|46159|40078|87|2175|1|267.00|40.05|2008-12-15 12:22:02
135761|156855|20222|23033|5526|2166|6|1128.00|169.20|2008-12-06 01:46:53
135762|156855|20222|24846|5526|2168|1|188.00|28.20|2008-12-08 01:49:10
135838|156942|6639|45762|3302|2174|1|224.00|33.60|2008-12-14 03:10:10
135839|156942|6639|37146|3302|2164|2|448.00|67.20|2008-12-04 03:13:11
135956|157075|23151|7555|6178|2176|1|178.00|26.70|2008-12-16 05:29:20
136062|157184|46938|8525|4479|2170|3|963.00|144.45|2008-12-10 07:32:45
136236|157352|32404|10649|7845|2181|1|452.00|67.80|2008-12-21 10:43:24
136237|157352|32404|5510|7845|2175|2|904.00|135.60|2008-12-15 10:44:07
136280|157398|7674|19166|4675|2161|2|668.00|100.20|2008-12-01 11:33:05
136281|157398|7674|19581|4675|2161|4|1336.00|200.40|2008-12-01 11:33:54
136292|157414|6868|22117|2836|2169|1|331.00|49.65|2008-12-09 11:39:51
136293|157414|6868|18281|2836|2164|4|1324.00|198.60|2008-12-04 11:40:56
136307|157437|20099|17653|189|2189|4|148.00|22.20|2008-12-29 11:56:04
136308|157437|20099|14045|189|2184|2|74.00|11.10|2008-12-24 11:57:41
136452|157606|46411|39965|5552|2178|2|546.00|81.90|2008-12-18 02:52:03
136453|157606|46411|33147|5552|2170|3|819.00|122.85|2008-12-10 02:52:22
136641|157815|16364|14100|1876|2161|1|223.00|33.45|2008-12-01 06:08:15
136787|157996|11323|5684|632|2170|4|840.00|126.00|2008-12-10 08:51:28
136958|158197|5740|15682|3229|2167|1|268.00|40.20|2008-12-07 11:39:53
136959|158197|5740|16617|3229|2168|4|1072.00|160.80|2008-12-08 11:41:31
137014|158259|4660|28012|8676|2167|4|128.00|19.20|2008-12-07 12:39:48
137049|158295|49744|3391|8521|2176|2|386.00|57.90|2008-12-16 01:29:30
137223|158515|28725|34788|6054|2172|2|288.00|43.20|2008-12-12 04:47:46
137325|158628|20115|8110|3768|2163|2|358.00|53.70|2008-12-03 06:24:50
137326|158628|20115|13964|3768|2170|3|537.00|80.55|2008-12-10 06:25:00
137628|158977|20650|36532|739|2172|2|476.00|71.40|2008-12-12 12:43:30
137899|159300|21300|13127|6728|2162|1|495.00|74.25|2008-12-02 05:32:31
137905|159311|32977|33218|5728|2169|1|495.00|74.25|2008-12-09 05:40:00
138070|159500|37618|29959|216|2164|1|149.00|22.35|2008-12-04 08:50:13
138127|159578|29959|30559|7532|2165|2|160.00|24.00|2008-12-05 09:45:03
138174|159634|10230|38374|7406|2180|1|499.00|74.85|2008-12-20 10:47:11
138432|159916|28197|31753|4277|2183|2|620.00|93.00|2008-12-23 03:57:38
138433|159916|28197|24426|4277|2174|1|310.00|46.50|2008-12-14 03:57:55
138434|159916|28197|20748|4277|2169|5|1550.00|232.50|2008-12-09 03:58:58
138658|160194|23358|29686|6623|2165|2|282.00|42.30|2008-12-05 08:01:37
138731|160310|22495|18832|5061|2169|2|808.00|121.20|2008-12-09 09:37:30
138881|160483|329|37990|5061|2170|2|916.00|137.40|2008-12-10 12:57:23
139039|160656|19884|9902|2381|2170|2|472.00|70.80|2008-12-10 03:54:32
139140|160792|17408|4529|6493|2163|1|285.00|42.75|2008-12-03 05:37:56
139286|160970|9624|3547|104|2177|1|338.00|50.70|2008-12-17 08:28:17
139401|161081|31805|27112|3601|2179|4|368.00|55.20|2008-12-19 10:56:51
139813|161600|29784|6388|1253|2165|1|321.00|48.15|2008-12-05 07:35:11
139967|161794|7381|6314|3601|2178|2|576.00|86.40|2008-12-18 10:17:22
140175|162074|16428|29254|3043|2169|2|916.00|137.40|2008-12-09 02:21:56
140176|162074|16428|30451|3043|2170|4|1832.00|274.80|2008-12-10 02:23:34
140256|162162|12233|19707|7442|2163|1|364.00|54.60|2008-12-03 03:42:01
140526|162495|1716|26841|661|2168|1|190.00|28.50|2008-12-08 08:47:26
140560|162537|15636|10331|3216|2163|1|450.00|67.50|2008-12-03 09:29:34
140694|162687|33728|27807|7274|2168|4|1124.00|168.60|2008-12-08 12:08:28
141054|163119|47140|11861|7800|2178|1|242.00|36.30|2008-12-18 06:49:11
141099|163154|4455|12423|1009|2170|2|98.00|14.70|2008-12-10 07:50:28
141213|163289|48912|9713|5728|2181|2|918.00|137.70|2008-12-21 09:57:13
141519|163688|9132|9576|1712|2167|1|213.00|31.95|2008-12-07 03:36:14
141545|163727|5317|24516|4428|2161|2|56.00|8.40|2008-12-01 03:59:54
141568|163758|28570|42848|7485|2172|1|409.00|61.35|2008-12-12 04:26:05
141600|163793|23321|22363|5289|2163|4|420.00|63.00|2008-12-03 05:00:07
141846|164078|13436|9063|8173|2167|1|315.00|47.25|2008-12-07 09:55:11
142023|164285|30253|35674|3601|2176|1|395.00|59.25|2008-12-16 01:32:19
142055|164328|39271|15751|4751|2184|1|111.00|16.65|2008-12-24 02:07:29
142107|164392|37860|32527|6494|2172|1|340.00|51.00|2008-12-12 03:04:25
142400|164775|23693|991|2939|2173|2|76.00|11.40|2008-12-13 08:43:05
142409|164799|9170|8107|7195|2163|1|145.00|21.75|2008-12-03 08:52:49
142410|164799|9170|15360|7195|2172|2|290.00|43.50|2008-12-12 08:55:02
142411|164799|9170|15685|7195|2172|3|435.00|65.25|2008-12-12 08:56:50
142579|164980|44559|5690|5375|2168|2|300.00|45.00|2008-12-08 12:01:48
142580|164980|44559|781|5375|2162|1|150.00|22.50|2008-12-02 12:02:55
142666|165109|22489|14948|5109|2173|2|690.00|103.50|2008-12-13 01:54:33
142734|165184|36091|16744|3555|2173|1|181.00|27.15|2008-12-13 03:22:35
142735|165184|36091|20808|3555|2177|2|362.00|54.30|2008-12-17 03:25:40
142836|165328|5472|2450|6493|2165|2|702.00|105.30|2008-12-05 05:18:15
142837|165328|5472|17378|6493|2183|4|1404.00|210.60|2008-12-23 05:18:45
142891|165400|48013|6589|6194|2181|4|496.00|74.40|2008-12-21 06:16:20
142945|165465|22233|19277|4319|2162|2|526.00|78.90|2008-12-02 07:22:34
143104|165646|24397|20646|2575|2166|1|188.00|28.20|2008-12-06 10:32:37
143846|166532|22616|9034|3424|2178|1|267.00|40.05|2008-12-18 12:05:13
143847|166532|22616|8921|3424|2178|3|801.00|120.15|2008-12-18 12:06:29
143982|166691|11869|27013|5759|2164|2|400.00|60.00|2008-12-04 02:33:15
144011|166721|44691|40082|7109|2163|4|636.00|95.40|2008-12-03 02:57:23
144170|166883|14760|45763|4917|2177|4|1124.00|168.60|2008-12-17 06:01:54
144172|166883|14760|40660|4917|2171|1|281.00|42.15|2008-12-11 06:03:38
144356|167082|49660|6207|7681|2173|4|1716.00|257.40|2008-12-13 09:25:07
144357|167082|49660|5786|7681|2172|2|858.00|128.70|2008-12-12 09:25:31
144471|167248|13327|15479|1261|2168|4|84.00|12.60|2008-12-08 11:52:55
144535|167321|39910|10080|3551|2168|4|84.00|12.60|2008-12-08 01:20:42
145005|167843|47695|24410|8354|2162|2|312.00|46.80|2008-12-02 10:06:03
145060|167939|43482|28696|7490|2172|3|1239.00|185.85|2008-12-12 11:11:42
145068|167948|48044|4936|7429|2176|4|1140.00|171.00|2008-12-16 11:17:09
145084|167970|8634|25224|74|2166|3|867.00|130.05|2008-12-06 11:33:08
145129|168026|42058|14673|467|2162|2|514.00|77.10|2008-12-02 12:15:15
145208|168118|29379|29275|6047|2168|1|217.00|32.55|2008-12-08 01:42:12
145309|168216|5901|15517|2041|2162|4|156.00|23.40|2008-12-02 03:19:20
145310|168216|5901|20332|2041|2168|2|78.00|11.70|2008-12-08 03:21:32
145311|168216|5901|22696|2041|2171|3|117.00|17.55|2008-12-11 03:21:32
145333|168244|37267|48284|6000|2179|4|400.00|60.00|2008-12-19 03:48:27
145468|168416|16235|20131|7192|2173|1|119.00|17.85|2008-12-13 06:10:49
145613|168591|32148|5259|3859|2166|1|398.00|59.70|2008-12-06 09:18:43
145766|168786|11027|434|3216|2177|1|344.00|51.60|2008-12-17 12:12:55
145924|168958|37768|19005|4011|2165|2|902.00|135.30|2008-12-05 03:25:33
145950|168993|4059|9565|4406|2164|2|474.00|71.10|2008-12-04 03:49:30
145951|168993|4059|26951|4406|2185|1|237.00|35.55|2008-12-25 03:52:56
146143|169221|19991|23784|2747|2172|2|300.00|45.00|2008-12-12 07:14:13
146144|169221|19991|28696|2747|2178|3|450.00|67.50|2008-12-18 07:15:12
146145|169221|19991|14933|2747|2161|1|150.00|22.50|2008-12-01 07:16:37
146385|169521|17045|37402|1208|2170|2|592.00|88.80|2008-12-10 12:10:54
147037|170257|17014|17665|2766|2161|2|284.00|42.60|2008-12-01 11:44:24
147644|170949|38017|30633|5627|2178|1|268.00|40.20|2008-12-18 10:45:05
147671|170974|37381|17726|5578|2182|2|570.00|85.50|2008-12-22 11:20:49
147760|171072|45852|31128|2873|2165|2|234.00|35.10|2008-12-05 01:28:56
147763|171074|33533|25080|362|2164|2|266.00|39.90|2008-12-04 01:31:49
147870|171210|16259|14773|1824|2187|4|1872.00|280.80|2008-12-27 03:33:45
148027|171418|37991|14673|5917|2184|2|842.00|126.30|2008-12-24 06:18:19
148028|171418|37991|8064|5917|2176|4|1684.00|252.60|2008-12-16 06:19:11
148301|171759|3179|26765|8059|2163|1|439.00|65.85|2008-12-03 11:35:15
148390|171863|2320|14458|5638|2173|4|1676.00|251.40|2008-12-13 01:13:21
148899|172478|24485|42396|1284|2175|4|1660.00|249.00|2008-12-15 11:33:32
148900|172478|24485|37321|1284|2169|2|830.00|124.50|2008-12-09 11:40:33
148931|172518|33107|282|2793|2174|1|409.00|61.35|2008-12-14 12:14:33
148932|172518|33107|3626|2793|2178|3|1227.00|184.05|2008-12-18 12:15:53
149074|172661|7749|28295|624|2168|2|782.00|117.30|2008-12-08 02:57:39
149167|172750|855|33288|5478|2182|4|348.00|52.20|2008-12-22 04:49:18
149168|172750|855|23276|5478|2170|2|174.00|26.10|2008-12-10 04:51:05
149262|172842|21042|33281|5699|2163|4|1908.00|286.20|2008-12-03 06:49:19
149264|172842|21042|33858|5699|2164|2|954.00|143.10|2008-12-04 06:49:31
149362|172959|22498|10860|968|2168|2|296.00|44.40|2008-12-08 08:40:21
149441|173045|23412|34402|6693|2172|2|98.00|14.70|2008-12-12 10:19:19
149456|173057|18787|20492|4366|2164|2|500.00|75.00|2008-12-04 10:39:12
149574|173186|8985|24336|6359|2182|2|620.00|93.00|2008-12-22 01:05:41
149692|173305|10661|14355|6142|2166|4|1500.00|225.00|2008-12-06 03:20:07
149982|173617|14843|2389|8506|2181|1|392.00|58.80|2008-12-21 09:18:10
150026|173663|31511|32683|6704|2182|1|268.00|40.20|2008-12-22 10:20:03
150047|173682|27585|12616|6979|2180|1|200.00|30.00|2008-12-20 10:47:22
150205|173860|10738|8843|781|2161|4|1908.00|286.20|2008-12-01 01:52:02
150391|174064|47616|24389|3411|2169|2|60.00|9.00|2008-12-09 05:10:01
150392|174064|47616|20627|3411|2164|3|90.00|13.50|2008-12-04 05:11:38
150690|174404|49423|4578|560|2173|1|370.00|55.50|2008-12-13 10:54:53
150691|174404|49423|7827|560|2177|2|740.00|111.00|2008-12-17 10:54:57
151249|175074|30315|33493|7660|2170|4|1500.00|225.00|2008-12-10 10:00:32
151413|175303|49067|40284|5744|2177|3|744.00|111.60|2008-12-17 01:40:55
151414|175303|49067|30596|5744|2165|1|248.00|37.20|2008-12-05 01:41:24
151649|175547|36647|28191|3588|2171|2|736.00|110.40|2008-12-11 05:55:30
151650|175547|36647|31217|3588|2175|3|1104.00|165.60|2008-12-15 05:55:59
151949|175868|9951|37314|6034|2189|2|896.00|134.40|2008-12-29 11:50:28
152360|176305|8639|49845|3657|2186|1|20.00|3.00|2008-12-26 08:24:22
152525|176485|7706|8538|4197|2163|2|784.00|117.60|2008-12-03 11:39:43
152526|176486|26842|18601|245|2183|1|364.00|54.60|2008-12-23 11:39:52
152702|176711|1006|6152|7846|2174|4|460.00|69.00|2008-12-14 02:46:46
152703|176711|1006|6556|7846|2174|1|115.00|17.25|2008-12-14 02:48:04
152906|176956|34856|5829|8623|2171|1|58.00|8.70|2008-12-11 06:20:13
152981|177052|46959|27337|1042|2185|1|276.00|41.40|2008-12-25 07:55:20
153354|177508|43908|31616|4840|2173|1|492.00|73.80|2008-12-13 03:34:37
153489|177685|2563|5236|142|2170|2|378.00|56.70|2008-12-10 05:52:30
153956|178248|18572|45523|7442|2173|2|862.00|129.30|2008-12-13 02:39:15
154088|178379|36234|23832|233|2163|1|378.00|56.70|2008-12-03 04:55:04
154238|178572|5631|14745|5287|2180|1|477.00|71.55|2008-12-20 07:20:27
154534|178942|15233|28587|1440|2167|2|440.00|66.00|2008-12-07 12:39:23
154535|178942|15233|29696|1440|2168|4|880.00|132.00|2008-12-08 12:39:37
154536|178942|15233|31339|1440|2170|1|220.00|33.00|2008-12-10 12:40:13
154999|179435|13585|40699|264|2182|2|580.00|87.00|2008-12-22 09:43:56
155000|179435|13585|24041|264|2162|1|290.00|43.50|2008-12-02 09:44:18
155156|179600|32720|19729|2771|2161|3|360.00|54.00|2008-12-01 12:23:17
155291|179751|37166|12398|2929|2161|1|110.00|16.50|2008-12-01 02:37:52
155292|179752|15829|25756|112|2178|1|270.00|40.50|2008-12-18 02:40:39
155293|179752|15829|24242|112|2177|2|540.00|81.00|2008-12-17 02:41:13
155294|179752|15829|27809|112|2181|3|810.00|121.50|2008-12-21 02:42:29
155403|179871|24424|41022|6957|2188|2|220.00|33.00|2008-12-28 04:37:43
155404|179871|24424|32991|6957|2178|4|440.00|66.00|2008-12-18 04:38:59
155419|179888|34346|27553|3175|2172|2|144.00|21.60|2008-12-12 05:01:18
155515|180008|15697|30992|5818|2187|1|181.00|27.15|2008-12-27 06:52:27
155516|180008|15697|15407|5818|2168|2|362.00|54.30|2008-12-08 06:53:54
156085|180715|42345|11900|1029|2177|2|708.00|106.20|2008-12-17 06:11:54
156086|180715|42345|18436|1029|2185|6|2124.00|318.60|2008-12-25 06:12:21
156171|180792|30199|40100|1122|2163|2|898.00|134.70|2008-12-03 07:52:56
156290|180926|1073|42214|3873|2182|4|1124.00|168.60|2008-12-22 09:38:33
156395|181044|7161|19733|4096|2189|2|586.00|87.90|2008-12-29 11:25:37
156396|181044|7161|1806|4096|2168|1|293.00|43.95|2008-12-08 11:26:11
156940|205421|38808|37331|6813|2173|2|1862.00|279.30|2008-12-13 10:14:14
157193|205879|26952|36672|5491|2165|1|883.00|132.45|2008-12-05 02:39:48
157386|206277|8769|26193|5818|2169|1|1876.00|281.40|2008-12-09 06:03:25
157464|206426|37874|11843|2667|2171|1|1560.00|234.00|2008-12-11 07:47:22
157465|206426|37874|27991|2667|2190|2|3120.00|468.00|2008-12-30 07:48:14
157481|206448|41170|17108|632|2163|4|6072.00|910.80|2008-12-03 07:59:53
157491|206472|30490|19527|7788|2175|1|945.00|141.75|2008-12-15 08:18:00
157500|206491|21829|20383|7292|2167|1|1499.00|224.85|2008-12-07 08:28:53
157536|206564|10535|14386|6857|2161|1|824.00|123.60|2008-12-01 09:03:13
157537|206564|10535|24895|6857|2173|2|1648.00|247.20|2008-12-13 09:04:08
157566|206610|11316|16676|6331|2170|1|1123.00|168.45|2008-12-10 09:40:44
157650|206774|34931|15022|6057|2170|1|1733.00|259.95|2008-12-10 11:02:36
157651|206774|34931|19710|6057|2175|2|3466.00|519.90|2008-12-15 11:03:57
157654|206778|2834|36901|6123|2166|2|2146.00|321.90|2008-12-06 11:06:24
157856|207209|19149|19496|8173|2161|2|2862.00|429.30|2008-12-01 02:50:25
157909|207320|40491|32175|7452|2171|1|1847.00|277.05|2008-12-11 03:53:08
157913|207330|27808|3902|2935|2172|1|1109.00|166.35|2008-12-12 03:55:38
157914|207330|27808|4985|2935|2173|2|2218.00|332.70|2008-12-13 03:55:54
157975|207451|10444|32931|4063|2161|1|2406.00|360.90|2008-12-01 05:10:31
158009|207536|26795|27406|2100|2178|1|634.00|95.10|2008-12-18 05:58:43
158184|207917|11501|8210|2290|2162|4|3236.00|485.40|2008-12-02 09:20:03
158185|207917|11501|17989|2290|2174|2|1618.00|242.70|2008-12-14 09:21:10
158198|207943|43099|1239|3216|2174|2|780.00|117.00|2008-12-14 09:36:39
159604|211116|14289|31202|8623|2164|4|7832.00|1174.80|2008-12-04 01:16:20
159758|211383|34527|27625|4277|2166|3|1296.00|194.40|2008-12-06 04:11:06
159926|211687|35656|30325|2442|2170|1|415.00|62.25|2008-12-10 07:36:13
160190|212186|37502|711|1750|2177|2|1874.00|281.10|2008-12-17 12:44:57
160313|212391|28927|32548|7023|2166|1|647.00|97.05|2008-12-06 02:59:02
160314|212391|28927|36905|7023|2171|2|1294.00|194.10|2008-12-11 02:59:23
160549|212851|30662|38576|3615|2168|4|2300.00|345.00|2008-12-08 07:25:22
160625|213001|45357|23227|104|2166|2|3178.00|476.70|2008-12-06 08:36:56
161151|214028|38036|30043|1521|2166|4|6536.00|980.40|2008-12-06 06:48:45
161153|214028|38036|27776|1521|2163|1|1634.00|245.10|2008-12-03 06:50:21
161209|214134|6389|34414|347|2165|1|1756.00|263.40|2008-12-05 07:48:45
161403|214490|40763|34239|5638|2162|1|1158.00|173.70|2008-12-02 11:43:15
161501|214672|39348|19111|1032|2163|2|3080.00|462.00|2008-12-03 01:46:44
161637|214950|45542|20694|6535|2170|2|4496.00|674.40|2008-12-10 04:41:43
161638|214950|45542|15247|6535|2164|1|2248.00|337.20|2008-12-04 04:43:23
161702|215099|10735|28607|6562|2164|4|4980.00|747.00|2008-12-04 05:57:32
161904|215465|32647|33259|4286|2179|1|2167.00|325.05|2008-12-19 09:49:00
161905|215465|32647|20676|4286|2164|2|4334.00|650.10|2008-12-04 09:50:47
162324|216287|27121|12160|4491|2170|4|6080.00|912.00|2008-12-10 05:28:55
162332|216296|28513|19174|2270|2161|1|2383.00|357.45|2008-12-01 05:40:52
162333|216296|28513|31377|2270|2175|2|4766.00|714.90|2008-12-15 05:41:46
162411|216431|32479|6971|4491|2163|4|3668.00|550.20|2008-12-03 07:14:59
162649|216820|22459|23328|2873|2168|1|1175.00|176.25|2008-12-08 12:21:04
163066|217629|41766|20378|4449|2162|1|2299.00|344.85|2008-12-02 08:10:55
163390|218193|1882|38276|4323|2166|2|1718.00|257.70|2008-12-06 02:18:19
163496|218397|46029|12687|3657|2161|1|1524.00|228.60|2008-12-01 04:08:12
163497|218397|46029|13553|3657|2162|2|3048.00|457.20|2008-12-02 04:09:04
163772|218920|48996|13330|4219|2163|1|1520.00|228.00|2008-12-03 08:36:36
163790|218957|4395|8425|5145|2185|1|607.00|91.05|2008-12-25 09:11:49
163892|219122|4137|7398|2575|2162|2|3472.00|520.80|2008-12-02 11:10:11
164064|219435|21346|1655|3950|2187|1|1565.00|234.75|2008-12-27 02:19:26
164452|220137|21329|19988|1028|2165|2|3742.00|561.30|2008-12-05 10:01:48
164453|220137|21329|19670|1028|2165|1|1871.00|280.65|2008-12-05 10:03:33
164606|220454|41339|16391|1526|2165|4|2880.00|432.00|2008-12-05 12:49:14
164924|221070|19803|1968|3576|2186|1|924.00|138.60|2008-12-26 06:56:33
165089|221353|28094|13566|8187|2168|2|1770.00|265.50|2008-12-08 09:55:26
165090|221353|28094|11796|8187|2166|1|885.00|132.75|2008-12-06 09:57:41
165240|221631|31461|38030|6046|2180|2|714.00|107.10|2008-12-20 12:30:45
165587|222330|2733|37430|2381|2165|2|4688.00|703.20|2008-12-05 07:42:32
165588|222330|2733|34298|2381|2162|1|2344.00|351.60|2008-12-02 07:43:42
165990|223041|23415|12528|6395|2174|1|2368.00|355.20|2008-12-14 02:58:49
166389|223837|3275|19290|8086|2178|1|883.00|132.45|2008-12-18 10:53:27
166439|223947|36156|7901|6403|2183|1|782.00|117.30|2008-12-23 11:50:14
166856|224732|29311|2001|4531|2172|1|2471.00|370.65|2008-12-12 07:38:52
167117|225284|26950|19255|3253|2177|1|1075.00|161.25|2008-12-17 12:35:34
167365|225761|36836|18087|2747|2181|2|2006.00|300.90|2008-12-21 04:59:12
167696|226397|15181|12637|8667|2167|1|1226.00|183.90|2008-12-07 11:36:14
168271|227469|24594|5665|5552|2176|1|2224.00|333.60|2008-12-16 11:14:50
168272|227469|24594|3930|5552|2174|2|4448.00|667.20|2008-12-14 11:14:57
168301|227538|42037|8698|5474|2161|2|4946.00|741.90|2008-12-01 11:50:50
168313|227563|32797|9072|4363|2180|1|2403.00|360.45|2008-12-20 12:06:51
168375|227693|14516|25373|189|2188|2|1030.00|154.50|2008-12-28 01:38:14
168376|227693|14516|8875|189|2168|4|2060.00|309.00|2008-12-08 01:38:31
168546|228056|25559|28350|3292|2173|1|1890.00|283.50|2008-12-13 05:25:35
168787|228489|5820|27065|5550|2166|2|4196.00|629.40|2008-12-06 10:36:52
168788|228489|5820|28981|5550|2168|1|2098.00|314.70|2008-12-08 10:37:09
168968|228823|15454|5923|989|2182|2|2912.00|436.80|2008-12-22 02:09:03
169252|229383|15987|30180|7874|2171|2|774.00|116.10|2008-12-11 07:59:25
169308|229485|44284|20467|3320|2162|1|1141.00|171.15|2008-12-02 09:13:23
169421|229636|15633|34129|1750|2179|1|963.00|144.45|2008-12-19 11:12:42
169690|230256|2763|38963|7800|2183|2|3564.00|534.60|2008-12-23 04:00:48
169804|230467|47145|27196|467|2167|1|1184.00|177.60|2008-12-07 06:40:09
169899|230618|47419|25003|4840|2170|1|1656.00|248.40|2008-12-10 08:27:47
170239|231283|40006|45494|6123|2166|2|1372.00|205.80|2008-12-06 01:04:26
170247|231295|1614|12054|5576|2166|2|3402.00|510.30|2008-12-06 01:05:04
170248|231295|1614|8378|5576|2162|1|1701.00|255.15|2008-12-02 01:05:06
170307|231408|16329|46127|74|2187|2|1256.00|188.40|2008-12-27 01:07:03
170426|231625|2427|760|7878|2163|1|1084.00|162.60|2008-12-03 01:11:09
170564|231907|23658|18229|6057|2170|1|1072.00|160.80|2008-12-10 01:16:29
170565|231907|23658|13035|6057|2164|2|2144.00|321.60|2008-12-04 01:16:36
170737|232241|31368|37559|2696|2182|1|1308.00|196.20|2008-12-22 01:23:31
170771|232308|35842|24941|304|2175|1|1210.00|181.50|2008-12-15 01:24:41
170843|232424|15813|32867|3537|2166|1|1035.00|155.25|2008-12-06 01:27:29
171169|233072|22117|7114|1545|2163|1|428.00|64.20|2008-12-03 01:39:41
171744|234210|1027|30730|3601|2170|2|1378.00|206.70|2008-12-10 02:01:11
171745|234210|1027|31571|3601|2171|1|689.00|103.35|2008-12-11 02:01:12
171897|234461|24292|7051|5348|2165|2|1886.00|282.90|2008-12-05 02:06:29
172015|234649|43854|23319|2771|2185|1|2334.00|350.10|2008-12-25 02:11:06
172016|234649|43854|21854|2771|2184|3|7002.00|1050.30|2008-12-24 02:11:10
172024|234671|18029|1974|7255|2165|1|1019.00|152.85|2008-12-05 02:11:20
172291|235190|21955|19387|8086|2172|2|3830.00|574.50|2008-12-12 02:20:38
172455|235482|1067|353|2667|2163|1|1138.00|170.70|2008-12-03 02:27:26
