675|689|35093|9994|2930|2186|2|338.00|50.70|2008-12-26 02:38:05
676|689|35093|9563|2930|2186|3|507.00|76.05|2008-12-26 02:45:26
1236|1297|32049|10038|5630|2180|2|292.00|43.80|2008-12-20 03:47:49
1348|1418|19319|9563|5000|2167|3|237.00|35.55|2008-12-07 11:49:21
1349|1418|19319|8047|5000|2165|2|158.00|23.70|2008-12-05 11:55:20
1361|1436|45292|19904|5916|2175|2|334.00|50.10|2008-12-15 12:33:17
1826|1944|45656|35142|2442|2185|2|246.00|36.90|2008-12-25 08:04:30
2003|2147|39760|2312|1451|2187|4|540.00|81.00|2008-12-27 05:58:15
2010|2151|40375|21973|969|2172|1|21.00|3.15|2008-12-12 06:13:37
2186|2354|23693|35925|2960|2165|1|250.00|37.50|2008-12-05 05:06:46
2392|2559|28623|17244|2951|2168|1|176.00|26.40|2008-12-08 03:26:29
2393|2559|28623|11174|2951|2161|2|352.00|52.80|2008-12-01 03:30:24
2429|2604|9944|36940|6759|2176|1|130.00|19.50|2008-12-16 05:34:23
2430|2604|9944|41200|6759|2181|2|260.00|39.00|2008-12-21 05:40:44
2548|2732|26746|23523|6046|2165|1|69.00|10.35|2008-12-05 11:47:45
2636|2832|22409|26642|3551|2166|1|114.00|17.10|2008-12-06 03:26:29
2842|3038|17902|20535|5301|2175|1|193.00|28.95|2008-12-15 01:51:00
3041|3245|35453|30592|2041|2169|1|208.00|31.20|2008-12-09 10:46:58
3110|3324|274|18931|8366|2168|1|121.00|18.15|2008-12-08 03:07:03
3111|3328|39664|16390|2291|2174|4|984.00|147.60|2008-12-14 03:13:31
3165|3397|4255|4127|3614|2174|4|272.00|40.80|2008-12-14 05:10:09
3196|3432|21900|23577|6402|2190|1|241.00|36.15|2008-12-30 06:33:52
3197|3432|21900|17578|6402|2183|2|482.00|72.30|2008-12-23 06:34:16
3198|3432|21900|1014|6402|2163|3|723.00|108.45|2008-12-03 06:38:36
3283|3547|27941|5504|5627|2167|2|234.00|35.10|2008-12-07 10:10:19
3569|3854|6101|7043|6046|2179|2|180.00|27.00|2008-12-19 09:55:02
3776|4069|22979|11964|2929|2164|1|90.00|13.50|2008-12-04 06:33:19
3864|4166|13860|34913|1019|2179|2|220.00|33.00|2008-12-19 10:02:22
3865|4166|13860|31515|1019|2175|4|440.00|66.00|2008-12-15 10:02:56
4041|4329|12821|34226|164|2164|1|146.00|21.90|2008-12-04 04:29:11
4285|4623|33239|10541|2256|2164|1|91.00|13.65|2008-12-04 02:54:18
4734|5098|37311|15185|6883|2166|2|378.00|56.70|2008-12-06 07:24:31
4740|5102|36466|45452|5776|2175|2|252.00|37.80|2008-12-15 07:42:36
4861|5222|29724|833|7670|2177|1|34.00|5.10|2008-12-17 11:56:36
5134|5515|8568|26611|1256|2175|1|25.00|3.75|2008-12-15 09:12:55
5279|5680|37818|9595|6290|2172|4|888.00|133.20|2008-12-12 02:42:45
5280|5680|37818|2378|6290|2163|3|666.00|99.90|2008-12-03 02:49:14
5696|6154|35644|6949|4807|2168|1|244.00|36.60|2008-12-08 04:43:06
5829|6331|10201|800|3950|2184|2|432.00|64.80|2008-12-24 09:10:17
6102|6626|5512|21360|1028|2166|1|55.00|8.25|2008-12-06 06:37:35
6103|6626|5512|31327|1028|2178|4|220.00|33.00|2008-12-18 06:39:32
6344|6895|33352|40381|112|2184|3|390.00|58.50|2008-12-24 03:03:43
6345|6895|33352|29621|112|2171|2|260.00|39.00|2008-12-11 03:04:22
6474|7041|7527|19313|6402|2163|2|128.00|19.20|2008-12-03 07:10:31
6584|7168|5467|7706|816|2173|1|174.00|26.10|2008-12-13 10:48:23
6595|7179|41184|27380|968|2163|1|63.00|9.45|2008-12-03 11:19:53
7012|7616|25987|5454|3424|2168|1|179.00|26.85|2008-12-08 01:54:05
7013|7616|25987|18625|3424|2184|4|716.00|107.40|2008-12-24 01:57:04
7168|7760|23091|6430|734|2162|2|128.00|19.20|2008-12-02 06:25:47
7446|8088|44675|7482|2078|2168|2|416.00|62.40|2008-12-08 02:45:19
7523|8153|36051|31281|3601|2174|3|90.00|13.50|2008-12-14 05:16:51
7648|8274|30630|18788|3104|2164|2|188.00|28.20|2008-12-04 09:02:25
7886|8494|2189|6667|4011|2162|2|190.00|28.50|2008-12-02 04:11:25
7899|8508|26757|15699|1877|2168|1|82.00|12.30|2008-12-08 04:38:21
8079|8689|45521|5466|8667|2170|1|67.00|10.05|2008-12-10 10:21:29
8213|8824|27927|7655|5343|2185|4|328.00|49.20|2008-12-25 02:13:48
8248|8864|47511|22621|5481|2164|2|372.00|55.80|2008-12-04 03:11:47
8322|8938|30557|25096|4400|2172|2|350.00|52.50|2008-12-12 05:22:06
8829|9510|16111|6623|8699|2163|2|494.00|74.10|2008-12-03 06:57:16
8833|9516|17740|12661|3419|2163|1|230.00|34.50|2008-12-03 07:02:05
8834|9516|17740|21044|3419|2173|2|460.00|69.00|2008-12-13 07:03:27
8835|9516|17740|10854|3419|2161|4|920.00|138.00|2008-12-01 07:04:03
9259|10036|10095|10810|3551|2167|3|324.00|48.60|2008-12-07 06:03:37
9343|10122|25832|9763|2739|2164|3|81.00|12.15|2008-12-04 08:23:50
9772|10605|11737|21732|4256|2183|2|328.00|49.20|2008-12-23 07:30:35
9773|10605|11737|9900|4256|2168|4|656.00|98.40|2008-12-08 07:34:56
9952|10827|27687|19740|8572|2166|2|264.00|39.60|2008-12-06 11:30:39
10012|10898|28059|46393|4870|2177|4|192.00|28.80|2008-12-17 12:48:33
11145|12096|42685|42953|1876|2167|2|58.00|8.70|2008-12-07 06:22:32
11149|12098|42242|25283|919|2161|3|303.00|45.45|2008-12-01 06:31:28
11330|12284|5491|25152|5284|2182|1|112.00|16.80|2008-12-22 11:05:22
11533|12471|23169|31879|5348|2174|1|75.00|11.25|2008-12-14 04:10:52
11534|12471|23169|27214|5348|2168|2|150.00|22.50|2008-12-08 04:11:05
11593|12541|9347|12201|1453|2169|1|148.00|22.20|2008-12-09 05:28:16
12186|13173|28463|36719|3803|2177|1|237.00|35.55|2008-12-17 07:19:43
12470|13476|12015|47054|7109|2167|1|53.00|7.95|2008-12-07 01:50:33
12755|13758|15337|45819|3658|2173|4|596.00|89.40|2008-12-13 08:28:00
12835|13836|36746|3102|5348|2176|2|234.00|35.10|2008-12-16 10:06:22
13218|14279|1154|9371|349|2183|2|332.00|49.80|2008-12-23 06:37:25
13376|14475|30283|28359|1287|2182|1|153.00|22.95|2008-12-22 10:38:15
13377|14475|30283|27573|1287|2181|4|612.00|91.80|2008-12-21 10:39:19
13415|14524|42946|6659|6976|2186|2|210.00|31.50|2008-12-26 11:21:09
13416|14524|42946|2938|6976|2182|1|105.00|15.75|2008-12-22 11:24:05
13421|14529|16849|12502|1265|2185|2|492.00|73.80|2008-12-25 11:29:39
13589|14727|35703|44170|2951|2174|4|844.00|126.60|2008-12-14 03:21:34
13617|14749|13385|4406|6857|2168|1|34.00|5.10|2008-12-08 04:02:01
13627|14756|25100|38186|2125|2165|4|552.00|82.80|2008-12-05 04:15:30
14046|15197|41641|10845|5400|2168|4|588.00|88.20|2008-12-08 12:44:21
14119|15257|47966|31921|4146|2170|6|276.00|41.40|2008-12-10 02:12:20
14120|15257|47966|29220|4146|2167|1|46.00|6.90|2008-12-07 02:14:43
14163|15312|47621|4786|2947|2173|4|312.00|46.80|2008-12-13 03:17:36
14164|15312|47621|4486|2947|2173|1|78.00|11.70|2008-12-13 03:19:52
14344|15518|15606|37241|6057|2181|2|168.00|25.20|2008-12-21 07:37:35
14345|15518|15606|21975|6057|2163|3|252.00|37.80|2008-12-03 07:40:14
14350|15522|24943|41529|7887|2185|1|67.00|10.05|2008-12-25 07:48:04
14386|15549|33168|29442|2771|2166|4|468.00|70.20|2008-12-06 08:39:14
14573|15747|9490|26971|3563|2186|1|228.00|34.20|2008-12-26 12:57:00
14681|15872|19351|33276|3253|2177|2|408.00|61.20|2008-12-17 03:06:06
15124|16358|23655|20456|5189|2185|1|68.00|10.20|2008-12-25 12:50:06
15210|16465|29112|18984|7681|2163|2|268.00|40.20|2008-12-03 02:41:27
15384|16654|5452|39047|3354|2181|2|250.00|37.50|2008-12-21 06:27:01
15385|16654|5452|24762|3354|2164|1|125.00|18.75|2008-12-04 06:27:01
16613|17951|49796|42935|2873|2169|1|157.00|23.55|2008-12-09 08:11:03
16695|18038|16509|33068|2630|2167|1|87.00|13.05|2008-12-07 09:49:50
16725|18090|13614|16745|2172|2161|2|124.00|18.60|2008-12-01 10:21:13
16899|18266|8778|19889|5613|2162|1|69.00|10.35|2008-12-02 02:28:32
17083|18480|27399|23213|6644|2169|1|193.00|28.95|2008-12-09 06:11:36
17116|18516|24318|14576|5145|2182|6|516.00|77.40|2008-12-22 06:51:27
17168|18571|3833|15395|21|2176|1|179.00|26.85|2008-12-16 08:01:06
17297|18755|31765|26983|7282|2163|4|384.00|57.60|2008-12-03 10:16:57
17604|19106|9157|12399|264|2167|1|181.00|27.15|2008-12-07 03:48:04
17769|19286|34860|26086|1403|2163|2|438.00|65.70|2008-12-03 07:16:06
17770|19286|34860|24227|1403|2161|1|219.00|32.85|2008-12-01 07:17:45
18144|19644|32623|10053|6967|2167|4|268.00|40.20|2008-12-07 02:12:21
18145|19644|32623|27169|6967|2187|2|134.00|20.10|2008-12-27 02:13:41
18166|19666|2985|17113|5189|2174|1|151.00|22.65|2008-12-14 02:39:04
18167|19666|2985|21841|5189|2180|2|302.00|45.30|2008-12-20 02:41:24
18224|19735|4963|31548|6290|2173|2|466.00|69.90|2008-12-13 03:51:05
18315|19830|33204|39172|5548|2173|4|632.00|94.80|2008-12-13 05:27:40
19177|20750|32139|16977|7800|2165|1|195.00|29.25|2008-12-05 09:45:50
19178|20750|32139|29146|7800|2179|2|390.00|58.50|2008-12-19 09:46:57
19709|21349|5974|3333|1253|2165|1|165.00|24.75|2008-12-05 08:03:39
20794|22617|27479|3436|5227|2161|1|108.00|16.20|2008-12-01 04:18:43
20795|22617|27479|3959|5227|2161|4|432.00|64.80|2008-12-01 04:19:01
20806|22631|24732|13792|3576|2169|2|324.00|48.60|2008-12-09 04:32:26
20839|22658|42776|35672|6644|2173|2|278.00|41.70|2008-12-13 04:59:34
20872|22694|22748|26243|8262|2172|4|324.00|48.60|2008-12-12 05:34:38
20887|22708|19429|26737|4400|2168|2|234.00|35.10|2008-12-08 05:50:38
21188|23090|42665|45654|2181|2182|2|256.00|38.40|2008-12-22 11:35:05
21225|23139|48479|36385|2358|2176|1|220.00|33.00|2008-12-16 12:24:44
21723|23637|12812|44646|5348|2175|1|34.00|5.10|2008-12-15 09:34:37
21724|23637|12812|45550|5348|2176|2|68.00|10.20|2008-12-16 09:35:22
21906|23799|6718|811|1037|2171|1|140.00|21.00|2008-12-11 01:25:11
22105|24020|46539|18206|7504|2183|1|216.00|32.40|2008-12-23 04:59:42
22129|24037|5318|41240|3216|2182|2|492.00|73.80|2008-12-22 05:28:12
22444|24345|32425|14850|4428|2176|4|572.00|85.80|2008-12-16 11:21:28
23105|25168|23002|14734|5649|2173|1|114.00|17.10|2008-12-13 11:24:06
23262|25356|19079|1917|6046|2182|4|628.00|94.20|2008-12-22 02:26:42
23614|25818|13546|6153|3551|2167|1|125.00|18.75|2008-12-07 08:46:13
23662|25860|41526|5035|919|2166|2|156.00|23.40|2008-12-06 09:31:44
23896|26141|1114|28544|3657|2180|2|272.00|40.80|2008-12-20 01:44:20
23929|26169|17734|35176|4171|2169|1|205.00|30.75|2008-12-09 02:19:59
24227|26548|10671|28162|189|2181|2|496.00|74.40|2008-12-21 07:37:58
24319|26647|17323|31117|8346|2172|2|208.00|31.20|2008-12-12 09:44:07
24705|27091|31329|23798|2007|2179|4|640.00|96.00|2008-12-19 05:08:16
24912|27293|43239|21504|816|2162|2|62.00|9.30|2008-12-02 08:59:52
25088|27479|34607|7993|8493|2171|1|144.00|21.60|2008-12-11 12:20:31
25089|27479|34607|1740|8493|2164|4|576.00|86.40|2008-12-04 12:20:51
25200|27588|38084|33159|3372|2186|2|428.00|64.20|2008-12-26 02:41:31
25201|27588|38084|29131|3372|2181|4|856.00|128.40|2008-12-21 02:41:56
25443|27864|14375|41872|3420|2164|2|358.00|53.70|2008-12-04 07:12:07
25455|27878|30889|37766|4485|2170|1|224.00|33.60|2008-12-10 07:25:26
25456|27878|30889|39087|4485|2171|3|672.00|100.80|2008-12-11 07:25:41
25457|27878|30889|31071|4485|2162|2|448.00|67.20|2008-12-02 07:26:12
25747|28174|36812|35961|3803|2166|4|804.00|120.60|2008-12-06 01:29:42
25777|28204|5856|12434|8620|2175|2|298.00|44.70|2008-12-15 02:15:09
25907|28341|34955|12010|7133|2170|1|155.00|23.25|2008-12-10 04:28:39
25908|28341|34955|10518|7133|2168|2|310.00|46.50|2008-12-08 04:28:46
26076|28491|17943|33538|6494|2167|4|868.00|130.20|2008-12-07 07:36:26
26246|28658|13191|14099|739|2170|1|91.00|13.65|2008-12-10 11:12:33
26271|28681|47880|34023|4962|2162|1|199.00|29.85|2008-12-02 11:35:54
26404|28805|40417|17929|8027|2172|2|222.00|33.30|2008-12-12 01:56:22
26840|29254|29128|9294|2939|2190|3|183.00|27.45|2008-12-30 11:13:08
26841|29254|29128|5044|2939|2185|2|122.00|18.30|2008-12-25 11:13:12
26917|29345|2396|21242|6435|2163|2|282.00|42.30|2008-12-03 12:42:35
26919|29345|2396|33721|6435|2178|1|141.00|21.15|2008-12-18 12:46:07
27127|29579|44995|16804|899|2169|2|296.00|44.40|2008-12-09 04:25:23
27209|29675|33844|219|8475|2174|3|72.00|10.80|2008-12-14 06:06:13
27210|29675|33844|6376|8475|2181|2|48.00|7.20|2008-12-21 06:06:32
27596|30097|2805|17039|4362|2167|1|123.00|18.45|2008-12-07 01:24:50
27789|30320|17979|10742|2435|2181|2|166.00|24.90|2008-12-21 04:54:15
28445|31053|1809|37108|4362|2173|2|370.00|55.50|2008-12-13 05:06:41
28506|31134|31802|41202|7954|2180|2|670.00|100.50|2008-12-20 06:21:50
28899|31627|40758|20176|7989|2174|1|272.00|40.80|2008-12-14 02:19:48
28974|31720|8047|34344|2657|2165|2|332.00|49.80|2008-12-05 03:38:17
29141|31913|12590|41444|1515|2161|1|269.00|40.35|2008-12-01 06:48:28
29142|31913|12590|43079|1515|2163|2|538.00|80.70|2008-12-03 06:50:05
29143|31913|12590|45204|1515|2166|3|807.00|121.05|2008-12-06 06:50:20
29460|32292|18391|965|6194|2169|1|197.00|29.55|2008-12-09 01:01:35
29461|32292|18391|13904|6194|2184|3|591.00|88.65|2008-12-24 01:01:52
29623|32479|38793|18385|4056|2183|1|183.00|27.45|2008-12-23 04:22:34
29795|32693|45427|41920|3575|2173|2|548.00|82.20|2008-12-13 07:41:47
30153|33069|14522|8762|7547|2180|2|690.00|103.50|2008-12-20 02:07:45
30321|33271|45050|38037|7602|2175|3|219.00|32.85|2008-12-15 05:13:10
30323|33271|45050|27764|7602|2163|2|146.00|21.90|2008-12-03 05:16:37
30513|33518|24393|40791|4315|2183|1|53.00|7.95|2008-12-23 08:50:51
30515|33518|24393|31818|4315|2173|4|212.00|31.80|2008-12-13 08:52:30
30612|33643|16070|4063|6054|2168|1|233.00|34.95|2008-12-08 10:46:41
30613|33643|16070|2446|6054|2166|2|466.00|69.90|2008-12-06 10:47:04
30837|33955|26173|22901|4362|2163|2|254.00|38.10|2008-12-03 02:52:09
30838|33955|26173|22653|4362|2163|1|127.00|19.05|2008-12-03 02:52:24
30956|34088|39831|23132|316|2166|2|660.00|99.00|2008-12-06 05:03:14
30957|34088|39831|37923|316|2184|4|1320.00|198.00|2008-12-24 05:03:29
31025|34151|43190|26812|2291|2163|2|552.00|82.80|2008-12-03 06:21:33
31222|34393|48058|2914|5284|2183|1|263.00|39.45|2008-12-23 10:05:43
31322|34524|10297|3320|1498|2177|1|293.00|43.95|2008-12-17 12:08:10
31454|34706|22089|7327|4773|2173|1|282.00|42.30|2008-12-13 02:45:35
31556|34832|42300|32368|2969|2180|2|368.00|55.20|2008-12-20 04:41:46
31557|34832|42300|18734|2969|2164|1|184.00|27.60|2008-12-04 04:42:55
31565|34843|1885|8815|5324|2165|2|282.00|42.30|2008-12-05 04:47:51
31583|34858|42717|30653|4063|2169|1|188.00|28.20|2008-12-09 05:10:18
31757|35075|12025|2477|5621|2174|1|73.00|10.95|2008-12-14 08:24:19
31799|35118|33088|18992|7554|2161|1|185.00|27.75|2008-12-01 09:15:34
31815|35142|24855|9794|2545|2172|4|336.00|50.40|2008-12-12 09:31:55
31816|35142|24855|5885|2545|2168|1|84.00|12.60|2008-12-08 09:32:16
31817|35142|24855|5249|2545|2167|2|168.00|25.20|2008-12-07 09:32:43
31852|35184|20216|6084|4847|2188|1|25.00|3.75|2008-12-28 10:20:53
31866|35200|23632|8321|245|2166|2|546.00|81.90|2008-12-06 10:30:28
31878|35213|37854|23801|5877|2175|1|238.00|35.70|2008-12-15 10:46:26
31879|35213|37854|27671|5877|2180|2|476.00|71.40|2008-12-20 10:47:57
32024|35372|28745|29643|7121|2174|2|274.00|41.10|2008-12-14 01:22:21
32279|35713|35010|30903|6976|2174|1|328.00|49.20|2008-12-14 05:29:43
32280|35713|35010|25481|6976|2167|2|656.00|98.40|2008-12-07 05:31:14
32282|35713|35010|27561|6976|2170|4|1312.00|196.80|2008-12-10 05:34:40
32413|35864|9656|11910|8163|2178|1|137.00|20.55|2008-12-18 08:22:44
32597|36025|23010|6243|4847|2167|3|594.00|89.10|2008-12-07 12:12:35
32598|36025|23010|8860|4847|2170|1|198.00|29.70|2008-12-10 12:12:48
32656|36076|3083|29961|2256|2179|1|125.00|18.75|2008-12-19 01:12:08
32705|36131|19813|29061|7504|2166|3|345.00|51.75|2008-12-06 02:05:50
32706|36131|19813|26320|7504|2163|1|115.00|17.25|2008-12-03 02:06:05
32764|36200|22276|22711|2170|2169|4|332.00|49.80|2008-12-09 03:34:56
32765|36200|22276|23108|2170|2169|2|166.00|24.90|2008-12-09 03:35:40
32818|36256|19006|27471|2768|2172|2|418.00|62.70|2008-12-12 04:23:36
33116|36591|41112|15188|4406|2168|1|253.00|37.95|2008-12-08 10:02:57
33117|36591|41112|19293|4406|2173|2|506.00|75.90|2008-12-13 10:04:42
33164|36637|31719|225|3576|2174|2|532.00|79.80|2008-12-14 11:14:10
33228|36703|39547|17838|3615|2171|2|510.00|76.50|2008-12-11 12:22:42
33507|37028|5358|9278|3615|2171|1|195.00|29.25|2008-12-11 05:28:04
33508|37028|5358|9449|3615|2171|2|390.00|58.50|2008-12-11 05:29:34
33519|37038|4979|16111|1561|2163|2|244.00|36.60|2008-12-03 05:39:27
33627|37170|13008|3223|2552|2166|4|1148.00|172.20|2008-12-06 07:47:58
33753|37342|44890|30777|5287|2174|1|300.00|45.00|2008-12-14 09:43:11
33754|37342|44890|23108|5287|2165|2|600.00|90.00|2008-12-05 09:43:38
33997|37598|42653|42783|5284|2187|2|604.00|90.60|2008-12-27 01:55:02
34214|37850|29005|10496|1284|2178|1|282.00|42.30|2008-12-18 05:40:31
34293|37958|26038|22376|6023|2170|1|155.00|23.25|2008-12-10 07:04:35
34730|38490|47802|45432|1418|2180|4|1192.00|178.80|2008-12-20 04:03:07
34732|38490|47802|31361|1418|2163|2|596.00|89.40|2008-12-03 04:03:58
34846|38636|9188|4494|6403|2167|1|327.00|49.05|2008-12-07 06:00:07
35042|38843|18416|7584|1418|2175|4|812.00|121.80|2008-12-15 09:42:30
35043|38843|18416|12135|1418|2180|2|406.00|60.90|2008-12-20 09:43:51
35598|39547|7163|4897|2141|2166|2|584.00|87.60|2008-12-06 08:35:41
35599|39547|7163|15119|2141|2179|1|292.00|43.80|2008-12-19 08:35:46
35663|39626|22449|21756|5730|2165|1|280.00|42.00|2008-12-05 09:58:15
35754|39727|14445|11980|8475|2185|3|519.00|77.85|2008-12-25 12:00:28
35755|39727|14445|7912|8475|2180|2|346.00|51.90|2008-12-20 12:03:19
36211|40316|19007|41602|2429|2184|2|548.00|82.20|2008-12-24 08:53:52
36462|40575|37087|27106|1353|2176|4|980.00|147.00|2008-12-16 02:02:03
36464|40575|37087|24035|1353|2172|2|490.00|73.50|2008-12-12 02:03:44
36479|40591|75|15249|968|2161|4|396.00|59.40|2008-12-01 02:23:04
36545|40675|41389|40956|5694|2180|1|255.00|38.25|2008-12-20 03:35:56
36546|40675|41389|37501|5694|2176|2|510.00|76.50|2008-12-16 03:36:36
36677|40812|17248|10178|6976|2184|1|123.00|18.45|2008-12-24 06:09:21
37196|41438|6018|21550|3043|2162|1|298.00|44.70|2008-12-02 04:41:05
37274|41513|12022|352|5694|2172|4|300.00|45.00|2008-12-12 06:10:38
37480|41762|18288|16335|5491|2165|1|303.00|45.45|2008-12-05 09:56:09
37833|42133|2806|37212|919|2165|1|216.00|32.40|2008-12-05 04:39:01
38005|42348|35962|14861|8168|2164|2|434.00|65.10|2008-12-04 08:23:04
38006|42348|35962|34425|8168|2188|1|217.00|32.55|2008-12-28 08:24:46
38104|42481|6802|26272|5818|2179|2|44.00|6.60|2008-12-19 10:22:56
38105|42481|6802|12957|5818|2163|1|22.00|3.30|2008-12-03 10:22:59
38373|42770|24891|5060|2141|2189|2|396.00|59.40|2008-12-29 03:56:43
38957|43435|49665|21213|3169|2184|4|96.00|14.40|2008-12-24 03:16:01
38958|43435|49665|4935|3169|2164|1|24.00|3.60|2008-12-04 03:17:01
38959|43435|49665|18812|3169|2181|2|48.00|7.20|2008-12-21 03:19:11
39016|43494|35186|16914|3419|2165|1|196.00|29.40|2008-12-05 04:34:17
39017|43494|35186|36737|3419|2189|2|392.00|58.80|2008-12-29 04:35:20
39179|43690|8388|9193|7581|2165|4|236.00|35.40|2008-12-05 08:11:31
39180|43690|8388|11115|7581|2167|2|118.00|17.70|2008-12-07 08:11:35
39181|43690|8388|20632|7581|2178|3|177.00|26.55|2008-12-18 08:11:38
39182|43690|8388|10342|7581|2166|1|59.00|8.85|2008-12-06 08:11:50
39318|43871|30576|13731|6951|2180|1|88.00|13.20|2008-12-20 10:53:36
39319|43871|30576|10974|6951|2177|2|176.00|26.40|2008-12-17 10:55:06
39440|44021|870|20256|6562|2161|1|266.00|39.90|2008-12-01 01:14:46
40186|44914|22414|2332|272|2164|2|186.00|27.90|2008-12-04 03:31:48
40475|45273|45629|35320|1690|2161|2|102.00|15.30|2008-12-01 08:31:45
40650|45468|27557|27095|5099|2189|1|255.00|38.25|2008-12-29 12:03:22
40651|45468|27557|27952|5099|2190|3|765.00|114.75|2008-12-30 12:04:01
40652|45468|27557|28366|5099|2191|2|510.00|76.50|2008-12-31 12:05:38
40776|45601|29991|30886|713|2177|1|63.00|9.45|2008-12-17 02:20:39
40888|45757|2857|46381|819|2161|1|285.00|42.75|2008-12-01 04:15:21
40953|45837|45361|39682|5759|2170|2|546.00|81.90|2008-12-10 05:23:35
41327|46292|12649|1208|4146|2167|2|624.00|93.60|2008-12-07 11:52:00
41484|46476|16162|6439|4870|2170|2|174.00|26.10|2008-12-10 03:05:10
41485|46477|30912|33927|3253|2174|1|186.00|27.90|2008-12-14 03:05:41
41857|46917|32163|11774|2768|2163|1|99.00|14.85|2008-12-03 10:07:01
41858|46917|32163|12667|2768|2164|2|198.00|29.70|2008-12-04 10:07:04
42332|47466|11026|25885|989|2178|3|453.00|67.95|2008-12-18 06:30:00
42340|47476|49014|23657|6161|2169|1|206.00|30.90|2008-12-09 06:39:18
42341|47476|49014|24390|6161|2170|2|412.00|61.80|2008-12-10 06:41:48
42714|47914|12835|14169|8493|2179|1|192.00|28.80|2008-12-19 02:13:40
43286|48624|3381|22421|2867|2173|2|494.00|74.10|2008-12-13 12:27:37
43684|49102|25011|29010|3629|2179|2|310.00|46.50|2008-12-19 08:22:06
43909|49356|24177|37336|6080|2185|1|329.00|49.35|2008-12-25 12:23:52
44158|49647|38377|7621|83|2167|3|981.00|147.15|2008-12-07 04:45:51
44182|49672|37024|29427|4406|2175|4|772.00|115.80|2008-12-15 05:13:35
44270|49771|15271|1392|2291|2186|1|312.00|46.80|2008-12-26 07:14:34
44432|49957|47863|42358|6359|2181|1|344.00|51.60|2008-12-21 10:11:13
44699|50271|16874|18194|5834|2181|3|969.00|145.35|2008-12-21 03:06:23
44895|50493|46978|37939|3305|2183|1|59.00|8.85|2008-12-23 06:53:36
44898|50496|24913|24159|3305|2185|4|276.00|41.40|2008-12-25 06:55:30
44899|50496|24913|11939|3305|2171|1|69.00|10.35|2008-12-11 06:56:04
45268|50945|48488|8920|914|2163|1|294.00|44.10|2008-12-03 02:01:32
45269|50945|48488|8212|914|2162|4|1176.00|176.40|2008-12-02 02:02:32
45270|50945|48488|7615|914|2162|2|588.00|88.20|2008-12-02 02:05:16
45401|51091|7949|43574|142|2184|4|948.00|142.20|2008-12-24 04:43:32
45408|51098|26126|10094|1024|2168|5|945.00|141.75|2008-12-08 04:59:01
45461|51156|27547|11908|2401|2179|1|317.00|47.55|2008-12-19 05:55:11
45639|51373|46336|1981|5759|2167|3|183.00|27.45|2008-12-07 09:12:40
45808|51562|35830|532|8163|2167|1|138.00|20.70|2008-12-07 12:32:03
46274|52080|39008|14201|347|2162|2|92.00|13.80|2008-12-02 09:43:02
46275|52080|39008|21358|347|2170|1|46.00|6.90|2008-12-10 09:43:34
46389|52205|11983|21615|6178|2170|2|316.00|47.40|2008-12-10 12:17:45
46560|52426|38691|10401|6976|2176|2|104.00|15.60|2008-12-16 03:40:52
46561|52426|38691|4413|6976|2169|1|52.00|7.80|2008-12-09 03:42:21
46736|52610|19441|2094|7575|2168|1|68.00|10.20|2008-12-08 07:09:14
47408|53469|33883|12642|2714|2162|4|400.00|60.00|2008-12-02 07:43:12
47409|53469|33883|17630|2714|2168|3|300.00|45.00|2008-12-08 07:43:25
47527|53643|3127|26124|6531|2175|4|1164.00|174.60|2008-12-15 10:01:10
47684|53827|4215|9197|2463|2179|1|143.00|21.45|2008-12-19 12:50:11
48102|54349|48883|24631|8729|2178|1|204.00|30.60|2008-12-18 08:53:28
48103|54349|48883|14242|8729|2166|2|408.00|61.20|2008-12-06 08:54:11
48264|54559|7954|275|1877|2164|1|242.00|36.30|2008-12-04 12:19:58
48536|54856|32951|29114|6435|2175|1|154.00|23.10|2008-12-15 05:57:32
49077|55447|27805|34325|3745|2166|2|692.00|103.80|2008-12-06 04:08:26
49500|55861|30260|36378|4256|2169|2|694.00|104.10|2008-12-09 12:39:32
49501|55861|30260|46373|4256|2181|1|347.00|52.05|2008-12-21 12:40:43
49549|55905|15632|35080|4031|2183|2|532.00|79.80|2008-12-23 01:35:32
49660|56057|49475|20851|1712|2166|1|278.00|41.70|2008-12-06 03:33:04
49702|56110|47547|12643|4277|2179|1|70.00|10.50|2008-12-19 04:31:55
49754|56163|3764|8752|7610|2168|2|380.00|57.00|2008-12-08 05:26:43
49773|56184|7350|9744|5917|2183|4|508.00|76.20|2008-12-23 05:43:36
49928|56374|24129|28772|2078|2161|2|644.00|96.60|2008-12-01 08:35:46
50433|56923|13255|18507|4751|2176|2|122.00|18.30|2008-12-16 06:06:05
50835|57358|5957|24079|6430|2163|2|614.00|92.10|2008-12-03 01:07:51
51169|57710|16251|3259|7195|2169|3|975.00|146.25|2008-12-09 07:44:52
51239|57777|33495|5871|6924|2166|2|676.00|101.40|2008-12-06 09:06:57
51324|57882|17598|874|4434|2165|1|287.00|43.05|2008-12-05 10:42:54
51326|57887|44173|21336|2079|2164|2|614.00|92.10|2008-12-04 10:44:18
51327|57887|44173|18911|2079|2161|4|1228.00|184.20|2008-12-01 10:44:49
51432|58019|38452|17438|5818|2167|4|156.00|23.40|2008-12-07 12:41:18
51433|58019|38452|16743|5818|2167|1|39.00|5.85|2008-12-07 12:42:37
51574|58205|37104|27386|8440|2162|1|176.00|26.40|2008-12-02 03:30:22
51872|58538|1079|16104|4406|2174|2|84.00|12.60|2008-12-14 08:59:25
51927|58610|18494|19719|3484|2169|1|260.00|39.00|2008-12-09 10:04:16
51928|58610|18494|20833|3484|2171|2|520.00|78.00|2008-12-11 10:05:20
52058|58750|34339|25599|479|2176|1|411.00|61.65|2008-12-16 12:16:21
52437|59171|8038|16562|5375|2178|2|734.00|110.10|2008-12-18 07:56:53
52438|59171|8038|18656|5375|2181|1|367.00|55.05|2008-12-21 07:57:00
52439|59171|8038|11283|5375|2172|4|1468.00|220.20|2008-12-12 07:57:19
52860|59663|34958|11581|6761|2175|1|360.00|54.00|2008-12-15 03:44:59
53004|59807|49933|5795|4019|2179|1|344.00|51.60|2008-12-19 06:34:29
53150|59971|17047|1269|2268|2161|2|408.00|61.20|2008-12-01 09:23:07
53184|60018|25859|21282|4443|2164|2|104.00|15.60|2008-12-04 10:05:56
53185|60018|25859|23112|4443|2166|4|208.00|31.20|2008-12-06 10:07:08
53186|60018|25859|30539|4443|2175|1|52.00|7.80|2008-12-15 10:10:29
53305|60149|7654|12967|5885|2183|1|437.00|65.55|2008-12-23 12:30:08
53807|60723|47836|18749|8173|2167|2|724.00|108.60|2008-12-07 09:42:41
54154|61104|47218|38086|3989|2161|2|106.00|15.90|2008-12-01 04:13:57
54227|61168|44744|11569|8129|2168|1|331.00|49.65|2008-12-08 05:29:39
54430|61382|25231|30896|3551|2168|3|609.00|91.35|2008-12-08 09:24:38
54484|61431|48613|15486|3601|2183|2|478.00|71.70|2008-12-23 10:32:30
54835|61790|26047|27565|5061|2164|1|309.00|46.35|2008-12-04 05:43:00
54836|61790|26047|31850|5061|2169|2|618.00|92.70|2008-12-09 05:43:02
55012|62007|34020|28669|6979|2184|1|46.00|6.90|2008-12-24 09:13:14
55149|62171|40509|34158|6359|2177|1|266.00|39.90|2008-12-17 12:08:12
55363|62467|19637|31612|7010|2173|4|1876.00|281.40|2008-12-13 05:11:49
55497|62606|9095|15707|6046|2175|1|486.00|72.90|2008-12-15 07:54:18
55577|62699|15145|353|6693|2165|1|57.00|8.55|2008-12-05 09:48:48
55758|62901|26170|13841|7768|2166|1|280.00|42.00|2008-12-06 01:10:33
55759|62901|26170|21357|7768|2175|2|560.00|84.00|2008-12-15 01:11:02
55760|62901|26170|20595|7768|2174|3|840.00|126.00|2008-12-14 01:13:26
56394|63682|47576|27252|2463|2180|3|399.00|59.85|2008-12-20 01:41:54
56590|63925|23557|8123|189|2173|2|100.00|15.00|2008-12-13 05:32:30
56591|63925|23557|14620|189|2181|1|50.00|7.50|2008-12-21 05:32:31
56671|64035|21402|34992|4428|2168|2|898.00|134.70|2008-12-08 07:27:19
56672|64035|21402|36661|4428|2171|4|1796.00|269.40|2008-12-11 07:27:35
56673|64035|21402|44593|4428|2180|1|449.00|67.35|2008-12-20 07:29:16
56911|64326|35977|14662|4660|2179|4|1804.00|270.60|2008-12-19 12:08:59
57064|64522|45678|21565|125|2175|2|576.00|86.40|2008-12-15 01:04:14
57155|64629|15177|6606|6761|2172|4|648.00|97.20|2008-12-12 01:07:24
57628|65230|18551|10207|7452|2173|2|782.00|117.30|2008-12-13 01:25:37
57726|65334|36398|219|4428|2177|2|586.00|87.90|2008-12-17 01:29:06
57749|65370|11693|16720|5513|2181|1|369.00|55.35|2008-12-21 01:29:41
57892|65529|6127|13593|106|2172|1|497.00|74.55|2008-12-12 01:35:12
57966|65605|24459|31609|4031|2184|2|540.00|81.00|2008-12-24 01:38:15
58467|66195|45761|14983|2612|2178|2|914.00|137.10|2008-12-18 01:56:30
58879|66616|14000|8676|8059|2180|1|276.00|41.40|2008-12-20 02:11:58
58880|66616|14000|713|8059|2170|4|1104.00|165.60|2008-12-10 02:11:59
59344|67184|23195|27469|272|2168|2|300.00|45.00|2008-12-08 02:29:14
59505|67369|47041|8395|1594|2184|2|408.00|61.20|2008-12-24 02:35:30
59635|67513|20996|32335|2714|2163|2|216.00|32.40|2008-12-03 02:40:25
59983|67903|6584|15004|3859|2162|2|154.00|23.10|2008-12-02 02:52:57
59986|67909|49685|7732|3352|2179|2|440.00|66.00|2008-12-19 02:53:02
59987|67909|49685|723|3352|2170|4|880.00|132.00|2008-12-10 02:53:05
59988|67909|49685|4612|3352|2175|1|220.00|33.00|2008-12-15 02:53:08
60011|67936|23619|34826|2358|2183|2|660.00|99.00|2008-12-23 02:54:11
60092|68034|4465|13482|6069|2188|1|309.00|46.35|2008-12-28 02:57:56
60093|68034|4465|9853|6069|2183|2|618.00|92.70|2008-12-23 02:57:57
60140|68086|39601|749|104|2164|2|986.00|147.90|2008-12-04 02:59:53
60342|68337|23960|30014|2030|2163|4|1116.00|167.40|2008-12-03 03:06:59
60893|68971|23708|20080|1081|2173|4|1040.00|156.00|2008-12-13 03:29:10
60921|69008|18536|13230|8163|2171|1|221.00|33.15|2008-12-11 03:30:20
60988|69088|43338|34272|2939|2190|2|314.00|47.10|2008-12-30 03:32:37
60989|69088|43338|14052|2939|2165|4|628.00|94.20|2008-12-05 03:32:40
60990|69088|43338|23533|2939|2177|1|157.00|23.55|2008-12-17 03:32:42
61183|69313|26009|39361|4954|2178|1|35.00|5.25|2008-12-18 03:40:03
61184|69313|26009|25884|4954|2162|2|70.00|10.50|2008-12-02 03:40:03
61191|69317|40487|24193|4917|2166|4|1928.00|289.20|2008-12-06 03:40:20
61370|69507|34238|7763|5324|2179|1|265.00|39.75|2008-12-19 03:46:59
61371|69509|6340|336|1561|2165|3|744.00|111.60|2008-12-05 03:47:00
61372|69509|6340|2417|1561|2167|1|248.00|37.20|2008-12-07 03:47:09
61712|69950|12095|28659|7184|2174|1|143.00|21.45|2008-12-14 04:01:36
61892|70135|20107|24882|4751|2164|4|1316.00|197.40|2008-12-04 04:08:09
61893|70135|20107|23175|4751|2162|2|658.00|98.70|2008-12-02 04:08:11
61931|70184|43998|8480|5478|2167|1|67.00|10.05|2008-12-07 04:09:50
62092|70391|42396|24460|6930|2161|2|944.00|141.60|2008-12-01 04:15:27
62259|70569|4568|1795|1261|2166|1|364.00|54.60|2008-12-06 04:21:30
62572|70973|45877|34166|2929|2181|1|282.00|42.30|2008-12-21 04:34:16
62574|70973|45877|31498|2929|2177|2|564.00|84.60|2008-12-17 04:34:23
62841|71252|15993|13427|8314|2166|1|295.00|44.25|2008-12-06 04:44:09
63106|71531|37633|1968|1387|2174|4|1540.00|231.00|2008-12-14 04:53:51
63413|71872|43731|11778|5400|2164|4|1992.00|298.80|2008-12-04 05:04:35
63762|72251|14058|22787|8024|2171|3|459.00|68.85|2008-12-11 05:17:07
63764|72251|14058|28046|8024|2177|1|153.00|22.95|2008-12-17 05:17:09
63769|72258|15771|15346|2747|2174|2|634.00|95.10|2008-12-14 05:17:25
64096|72645|22629|15378|2575|2165|1|109.00|16.35|2008-12-05 05:30:08
64259|72850|44254|34011|7104|2168|2|66.00|9.90|2008-12-08 05:36:04
64420|73017|33259|2844|2272|2175|2|178.00|26.70|2008-12-15 05:42:31
64444|73039|16994|13062|1940|2166|2|314.00|47.10|2008-12-06 05:43:16
64660|73290|9886|16543|839|2167|1|412.00|61.80|2008-12-07 05:51:33
65261|74015|49177|1897|7604|2170|2|96.00|14.40|2008-12-10 06:13:46
65473|74259|14244|23280|6242|2177|1|479.00|71.85|2008-12-17 06:21:51
65529|74321|21420|32375|5324|2176|1|413.00|61.95|2008-12-16 06:23:42
65630|74445|6249|42434|2401|2187|2|678.00|101.70|2008-12-27 06:27:57
65632|74445|6249|23631|2401|2165|4|1356.00|203.40|2008-12-05 06:27:59
65758|74581|26192|1513|8354|2166|1|352.00|52.80|2008-12-06 06:33:04
66177|75083|32547|738|5599|2170|1|346.00|51.90|2008-12-10 06:49:40
66463|75412|33893|2528|5552|2162|2|280.00|42.00|2008-12-02 07:00:06
66464|75412|33893|10658|5552|2171|1|140.00|21.00|2008-12-11 07:00:07
66521|75481|33834|6885|3745|2179|1|148.00|22.20|2008-12-19 07:02:23
66960|76010|41201|9547|7188|2180|2|500.00|75.00|2008-12-20 07:17:45
67024|76080|20890|9896|8475|2183|1|76.00|11.40|2008-12-23 07:19:51
67072|76137|15533|7687|4319|2162|1|392.00|58.80|2008-12-02 07:21:56
67234|76308|22278|1653|5553|2188|2|326.00|48.90|2008-12-28 07:28:29
67605|76791|48965|32113|7452|2166|1|223.00|33.45|2008-12-06 07:42:41
67606|76791|48965|31819|7452|2166|3|669.00|100.35|2008-12-06 07:42:45
67607|76792|26435|44220|3609|2166|1|96.00|14.40|2008-12-06 07:42:45
68003|77228|31345|12109|8024|2176|1|310.00|46.50|2008-12-16 07:58:10
68034|77260|13169|3906|8262|2177|2|210.00|31.50|2008-12-17 07:59:06
68085|77323|36860|12554|3745|2170|1|170.00|25.50|2008-12-10 08:00:49
68086|77323|36860|20795|3745|2179|2|340.00|51.00|2008-12-19 08:00:55
68231|77521|35518|19385|6693|2177|4|804.00|120.60|2008-12-17 08:06:04
68290|77602|18644|28255|1019|2168|2|150.00|22.50|2008-12-08 08:07:59
68530|77896|40518|47390|5689|2168|2|636.00|95.40|2008-12-08 08:16:14
68671|78074|42870|12369|6069|2180|4|656.00|98.40|2008-12-20 08:20:58
68724|78153|49606|30158|2442|2178|1|28.00|4.20|2008-12-18 08:23:16
68725|78153|49606|36680|2442|2186|2|56.00|8.40|2008-12-26 08:23:16
68726|78153|49606|28231|2442|2175|4|112.00|16.80|2008-12-15 08:23:20
68880|78311|20148|21304|3629|2168|2|408.00|61.20|2008-12-08 08:29:11
68881|78311|20148|17387|3629|2163|1|204.00|30.60|2008-12-03 08:29:13
68890|78317|28957|13367|3657|2162|1|386.00|57.90|2008-12-02 08:29:24
68891|78317|28957|33243|3657|2185|2|772.00|115.80|2008-12-25 08:29:26
69091|78551|19213|419|5513|2182|3|429.00|64.35|2008-12-22 08:36:30
69362|78908|9890|21263|6361|2172|1|444.00|66.60|2008-12-12 08:47:06
69404|78963|10013|34738|5531|2181|2|674.00|101.10|2008-12-21 08:48:13
69451|79000|4306|36158|3745|2178|3|978.00|146.70|2008-12-18 08:49:43
69492|79042|39090|151|1561|2168|2|752.00|112.80|2008-12-08 08:51:32
69497|79051|26397|28305|4606|2178|2|52.00|7.80|2008-12-18 08:51:45
69498|79051|26397|31187|4606|2182|1|26.00|3.90|2008-12-22 08:51:51
69499|79051|26397|22840|4606|2172|4|104.00|15.60|2008-12-12 08:51:59
69756|79327|22282|21304|3563|2170|2|364.00|54.60|2008-12-10 09:02:08
69893|79482|31693|13949|2181|2167|1|474.00|71.10|2008-12-07 09:06:42
69894|79482|31693|9685|2181|2162|2|948.00|142.20|2008-12-02 09:06:45
70058|79673|42157|9113|5314|2172|1|217.00|32.55|2008-12-12 09:12:58
70073|79686|1344|14092|5553|2180|2|68.00|10.20|2008-12-20 09:13:16
70405|80056|41909|4916|8173|2166|1|472.00|70.80|2008-12-06 09:25:41
70487|80152|41647|5861|3944|2161|2|136.00|20.40|2008-12-01 09:29:06
71231|81032|6158|23834|1936|2168|4|116.00|17.40|2008-12-08 09:55:49
71445|81324|21811|32453|1284|2163|4|800.00|120.00|2008-12-03 10:03:40
71625|81560|44514|20481|6023|2176|3|282.00|42.30|2008-12-16 10:10:46
71729|81693|24961|25309|8230|2176|1|163.00|24.45|2008-12-16 10:14:18
71900|81930|26805|7272|365|2180|2|620.00|93.00|2008-12-20 10:20:52
71981|82032|32099|17766|6250|2163|4|712.00|106.80|2008-12-03 10:24:30
72123|82213|25322|26480|7217|2178|1|59.00|8.85|2008-12-18 10:29:34
72280|82385|43614|644|5504|2178|4|920.00|138.00|2008-12-18 10:35:21
72331|82457|36062|11996|591|2161|4|1528.00|229.20|2008-12-01 10:36:52
72389|82527|14658|2704|2041|2173|1|269.00|40.35|2008-12-13 10:38:44
72390|82527|14658|788|2041|2170|4|1076.00|161.40|2008-12-10 10:38:48
73225|83560|13661|30285|3215|2164|2|740.00|111.00|2008-12-04 11:10:47
73226|83560|13661|36239|3215|2171|4|1480.00|222.00|2008-12-11 11:10:53
73321|83657|2131|44581|177|2165|1|434.00|65.10|2008-12-05 11:13:54
73429|83787|42672|5588|1256|2163|2|746.00|111.90|2008-12-03 11:18:01
73842|84285|4562|13891|6161|2175|2|344.00|51.60|2008-12-15 11:32:54
73891|84332|44268|30896|1718|2166|1|361.00|54.15|2008-12-06 11:34:29
73892|84332|44268|33140|1718|2168|2|722.00|108.30|2008-12-08 11:34:31
74058|84525|37513|30635|2431|2185|1|323.00|48.45|2008-12-25 11:41:06
74059|84525|37513|11850|2431|2163|3|969.00|145.35|2008-12-03 11:41:19
74121|84599|20608|26820|2270|2170|4|980.00|147.00|2008-12-10 11:44:09
74280|84774|26025|4188|3411|2179|2|486.00|72.90|2008-12-19 11:50:30
74383|84887|26603|42494|2308|2189|1|186.00|27.90|2008-12-29 11:54:51
74528|85051|2529|36761|914|2182|1|451.00|67.65|2008-12-22 12:00:27
74529|85051|2529|25175|914|2168|2|902.00|135.30|2008-12-08 12:00:30
74815|85398|39374|36968|7490|2185|1|365.00|54.75|2008-12-25 12:11:25
75215|85866|14975|44444|6217|2164|3|1047.00|157.05|2008-12-04 12:25:57
75497|86199|14280|10799|2041|2161|1|273.00|40.95|2008-12-01 12:36:08
75591|86330|34663|7852|6999|2172|2|340.00|51.00|2008-12-12 12:39:37
75652|86390|32454|31302|4838|2164|1|445.00|66.75|2008-12-04 12:41:56
75653|86390|32454|29866|4838|2162|3|1335.00|200.25|2008-12-02 12:41:57
76104|86922|1742|3283|7581|2165|1|416.00|62.40|2008-12-05 12:58:34
76105|86922|1742|7239|7581|2170|2|832.00|124.80|2008-12-10 12:58:35
76228|87063|20246|31706|2552|2165|2|436.00|65.40|2008-12-05 02:36:23
76387|87212|21926|5387|2452|2161|2|706.00|105.90|2008-12-01 05:05:00
76532|87402|7073|1325|4363|2181|3|657.00|98.55|2008-12-21 07:32:11
76662|87577|46628|21362|2873|2169|4|964.00|144.60|2008-12-09 09:50:39
76767|87723|32605|36207|104|2181|1|325.00|48.75|2008-12-21 12:04:37
76768|87723|32605|32553|104|2177|4|1300.00|195.00|2008-12-17 12:05:31
77002|87994|16326|25494|3941|2167|2|328.00|49.20|2008-12-07 04:19:05
77031|88019|8345|16832|1052|2162|1|37.00|5.55|2008-12-02 04:59:30
77198|88184|38297|9507|7788|2161|2|700.00|105.00|2008-12-01 08:44:04
77226|88219|27315|14840|7023|2176|1|420.00|63.00|2008-12-16 09:11:27
77233|88226|3384|29840|4019|2184|1|54.00|8.10|2008-12-24 09:22:54
77234|88226|3384|16292|4019|2168|2|108.00|16.20|2008-12-08 09:23:09
77317|88309|20621|32110|5630|2174|1|198.00|29.70|2008-12-14 11:04:30
77318|88309|20621|31952|5630|2174|3|594.00|89.10|2008-12-14 11:07:10
77319|88309|20621|24601|5630|2165|4|792.00|118.80|2008-12-05 11:07:26
77450|88446|7631|22968|5287|2162|1|189.00|28.35|2008-12-02 01:30:27
77617|88638|22608|24601|1545|2162|4|1228.00|184.20|2008-12-02 04:12:37
77618|88638|22608|30855|1545|2170|1|307.00|46.05|2008-12-10 04:13:27
77619|88638|22608|39524|1545|2180|3|921.00|138.15|2008-12-20 04:15:15
77628|88644|7515|16268|6793|2166|1|270.00|40.50|2008-12-06 04:23:14
77629|88644|7515|21852|6793|2173|2|540.00|81.00|2008-12-13 04:28:06
77682|88717|15953|38352|5635|2164|1|486.00|72.90|2008-12-04 05:18:24
77684|88717|15953|42137|5635|2168|3|1458.00|218.70|2008-12-08 05:19:37
77698|88734|42214|34584|5189|2175|1|369.00|55.35|2008-12-15 05:32:31
77835|88863|15523|20404|6161|2168|2|796.00|119.40|2008-12-08 08:23:58
77949|89008|35989|4082|8287|2176|4|1688.00|253.20|2008-12-16 10:28:58
77950|89008|35989|3618|8287|2176|1|422.00|63.30|2008-12-16 10:29:03
78120|89214|10087|717|3657|2165|2|990.00|148.50|2008-12-05 01:39:55
78290|89417|17802|15138|1024|2162|2|1000.00|150.00|2008-12-02 04:25:55
78300|89426|46725|5990|6146|2167|1|283.00|42.45|2008-12-07 04:37:39
78562|89693|7423|11437|272|2170|2|684.00|102.60|2008-12-10 09:57:50
78680|89820|29625|5495|7217|2176|1|361.00|54.15|2008-12-16 11:59:55
78876|90052|48955|24941|5621|2182|2|568.00|85.20|2008-12-22 03:58:35
78877|90052|48955|21686|5621|2179|1|284.00|42.60|2008-12-19 03:59:13
78878|90052|48955|31224|5621|2190|4|1136.00|170.40|2008-12-30 04:01:15
78994|90185|41417|26149|4256|2167|4|344.00|51.60|2008-12-07 06:29:06
78995|90185|41417|24642|4256|2165|2|172.00|25.80|2008-12-05 06:29:54
79044|90248|11494|24914|2382|2165|2|258.00|38.70|2008-12-05 07:25:22
79307|90566|38353|37429|3372|2181|2|404.00|60.60|2008-12-21 12:10:34
79308|90566|38353|36936|3372|2181|1|202.00|30.30|2008-12-21 12:12:25
79347|90621|4317|7508|6979|2179|1|90.00|13.50|2008-12-19 12:46:32
79378|90652|47245|32221|5277|2183|2|598.00|89.70|2008-12-23 01:24:23
79484|90793|40243|35918|4984|2165|2|806.00|120.90|2008-12-05 03:13:12
79487|90793|40243|39213|4984|2169|3|1209.00|181.35|2008-12-09 03:14:00
79556|90864|30433|8346|7452|2174|1|43.00|6.45|2008-12-14 04:30:19
80150|91527|47684|41249|919|2166|4|552.00|82.80|2008-12-06 04:09:44
80748|92143|23403|428|816|2177|2|890.00|133.50|2008-12-17 04:06:12
80863|92262|11587|2562|5506|2167|2|598.00|89.70|2008-12-07 06:21:05
80897|92291|27731|28072|6494|2172|1|242.00|36.30|2008-12-12 07:15:18
81034|92445|9558|5584|8487|2169|1|159.00|23.85|2008-12-09 09:53:02
81035|92445|9558|12415|8487|2177|4|636.00|95.40|2008-12-17 09:54:25
81063|92464|43444|32005|6435|2176|2|278.00|41.70|2008-12-16 10:30:11
81130|92542|463|26502|467|2169|4|132.00|19.80|2008-12-09 11:53:34
81131|92542|463|25075|467|2168|2|66.00|9.90|2008-12-08 11:54:03
81339|92762|48415|25513|3215|2179|2|990.00|148.50|2008-12-19 04:15:06
81340|92762|48415|22195|3215|2175|1|495.00|74.25|2008-12-15 04:15:32
81705|93168|44672|13402|1647|2173|3|1101.00|165.15|2008-12-13 11:45:15
82379|93958|16407|13486|7474|2172|1|253.00|37.95|2008-12-12 12:14:49
82515|94128|331|38654|2818|2175|1|133.00|19.95|2008-12-15 02:58:53
82825|94410|31280|23611|8049|2175|4|1352.00|202.80|2008-12-15 09:07:38
82826|94410|31280|23830|8049|2175|1|338.00|50.70|2008-12-15 09:08:54
82828|94410|31280|14399|8049|2164|3|1014.00|152.10|2008-12-04 09:10:49
83120|94725|9652|28967|5513|2162|1|231.00|34.65|2008-12-02 02:15:50
83121|94725|9652|39876|5513|2175|2|462.00|69.30|2008-12-15 02:17:47
83362|95018|6040|17000|4489|2161|2|162.00|24.30|2008-12-01 07:17:26
83363|95018|6040|21082|4489|2166|4|324.00|48.60|2008-12-06 07:17:44
83416|95117|23637|622|5109|2181|1|39.00|5.85|2008-12-21 08:14:28
83420|95124|14221|44296|1521|2183|1|413.00|61.95|2008-12-23 08:19:30
83702|95459|9833|18354|2061|2163|1|159.00|23.85|2008-12-03 02:03:07
83787|95544|2724|6339|4751|2174|1|411.00|61.65|2008-12-14 03:34:01
84662|96635|1397|4029|7490|2180|2|270.00|40.50|2008-12-20 09:54:14
84664|96640|34640|1760|7213|2170|4|384.00|57.60|2008-12-10 09:56:26
84665|96640|34640|3352|7213|2172|2|192.00|28.80|2008-12-12 09:59:03
84826|96811|11597|38274|3689|2181|2|762.00|114.30|2008-12-21 01:08:40
84827|96811|11597|45352|3689|2190|1|381.00|57.15|2008-12-30 01:09:32
84915|96921|12973|3140|4031|2161|2|350.00|52.50|2008-12-01 02:49:40
85056|97102|18262|3140|4838|2161|2|198.00|29.70|2008-12-01 05:50:02
85057|97103|27307|2801|3563|2187|3|1122.00|168.30|2008-12-27 05:50:12
85172|97230|36713|18141|7874|2169|4|1436.00|215.40|2008-12-09 07:46:12
85173|97230|36713|16694|7874|2168|3|1077.00|161.55|2008-12-08 07:46:26
85690|97824|45681|36231|4449|2186|2|500.00|75.00|2008-12-26 05:54:22
85692|97824|45681|29842|4449|2178|4|1000.00|150.00|2008-12-18 05:55:23
85771|97902|27118|17810|8024|2171|4|1032.00|154.80|2008-12-11 07:29:18
85772|97902|27118|25233|8024|2180|2|516.00|77.40|2008-12-20 07:29:50
86006|98188|13152|33267|1521|2176|2|744.00|111.60|2008-12-16 12:51:29
86007|98188|13152|25410|1521|2167|3|1116.00|167.40|2008-12-07 12:56:05
86008|98188|13152|36048|1521|2180|1|372.00|55.80|2008-12-20 12:56:14
86009|98188|13152|35639|1521|2179|4|1488.00|223.20|2008-12-19 12:56:44
86025|98212|27857|1360|5061|2175|2|536.00|80.40|2008-12-15 01:12:54
86438|98699|47914|14775|5109|2161|2|610.00|91.50|2008-12-01 09:07:34
86463|98725|12374|30478|5885|2173|2|70.00|10.50|2008-12-13 09:43:52
86501|98756|35633|17709|3059|2176|1|404.00|60.60|2008-12-16 10:34:30
86821|99120|20300|36947|2381|2166|2|984.00|147.60|2008-12-06 04:26:05
87414|99822|41535|37163|1037|2173|2|864.00|129.60|2008-12-13 03:28:52
87699|100163|15129|28969|6535|2165|1|238.00|35.70|2008-12-05 08:40:58
88792|101422|35691|9435|6930|2161|1|445.00|66.75|2008-12-01 05:00:30
88810|101443|44400|18528|914|2175|3|1218.00|182.70|2008-12-15 05:19:39
89134|101806|21815|23662|3629|2176|2|446.00|66.90|2008-12-16 11:51:21
89198|101872|30517|22909|3292|2162|1|388.00|58.20|2008-12-02 01:09:59
89386|102068|49311|26504|6531|2165|1|25.00|3.75|2008-12-05 04:33:36
89476|102180|38549|34669|3944|2168|1|28.00|4.20|2008-12-08 06:07:31
89514|102234|13193|4067|1451|2184|1|346.00|51.90|2008-12-24 06:50:27
89522|102244|11737|29454|8372|2168|4|904.00|135.60|2008-12-08 07:01:09
89524|102244|11737|30760|8372|2169|2|452.00|67.80|2008-12-09 07:03:02
89530|102252|12910|30896|6728|2164|2|70.00|10.50|2008-12-04 07:12:53
89597|102321|31728|31231|312|2184|1|330.00|49.50|2008-12-24 08:27:00
89845|102600|21681|23082|7217|2161|1|235.00|35.25|2008-12-01 12:47:04
90115|102859|39485|44864|5289|2161|1|473.00|70.95|2008-12-01 06:18:16
90127|102869|49965|33241|4428|2178|4|884.00|132.60|2008-12-18 06:37:10
90241|103020|47228|14027|112|2169|4|1756.00|263.40|2008-12-09 08:39:54
90276|103066|36963|15107|4019|2168|1|85.00|12.75|2008-12-08 09:17:53
90461|103275|1437|2880|7195|2176|4|904.00|135.60|2008-12-16 01:12:27
90666|103505|41657|29169|1432|2165|2|182.00|27.30|2008-12-05 05:25:11
90667|103505|41657|41130|1432|2179|3|273.00|40.95|2008-12-19 05:25:15
90714|103554|5933|25655|2612|2174|2|408.00|61.20|2008-12-14 06:23:42
90721|103561|18119|10549|7457|2168|4|1224.00|183.60|2008-12-08 06:34:51
90945|103789|39146|13194|4485|2165|2|56.00|8.40|2008-12-05 10:51:16
91269|104169|12340|30056|8645|2170|1|341.00|51.15|2008-12-10 04:58:02
91298|104210|3423|23242|6761|2169|2|676.00|101.40|2008-12-09 05:32:38
91425|104334|37769|38775|5287|2181|2|238.00|35.70|2008-12-21 07:52:26
91426|104334|37769|22586|5287|2162|3|357.00|53.55|2008-12-02 07:53:52
91434|104341|26440|24102|7874|2169|2|878.00|131.70|2008-12-09 08:04:28
91516|104429|13511|44672|4323|2169|4|1156.00|173.40|2008-12-09 09:37:57
91519|104429|13511|40275|4323|2164|2|578.00|86.70|2008-12-04 09:39:59
91651|104579|38123|27028|2657|2163|2|618.00|92.70|2008-12-03 12:01:21
91772|104718|4387|20244|5301|2180|2|760.00|114.00|2008-12-20 02:10:02
91970|104956|40056|13987|5638|2168|2|694.00|104.10|2008-12-08 05:52:04
92318|105366|25660|21605|4847|2165|1|346.00|51.90|2008-12-05 12:33:45
92376|105441|39369|32379|8049|2176|1|242.00|36.30|2008-12-16 01:51:07
92606|105707|34161|38736|5316|2162|3|129.00|19.35|2008-12-02 05:36:19
92607|105707|34161|38445|5316|2162|1|43.00|6.45|2008-12-02 05:36:40
92608|105707|34161|41450|5316|2165|4|172.00|25.80|2008-12-05 05:37:39
92631|105741|31926|15107|2431|2165|1|385.00|57.75|2008-12-05 06:07:13
92632|105741|31926|18411|2431|2169|2|770.00|115.50|2008-12-09 06:09:06
92909|106042|36921|49377|3768|2172|1|370.00|55.50|2008-12-12 11:54:25
92910|106042|36921|49888|3768|2172|2|740.00|111.00|2008-12-12 11:55:21
93044|106193|16990|5838|6652|2164|1|293.00|43.95|2008-12-04 02:38:33
93098|106254|8827|44936|432|2163|2|798.00|119.70|2008-12-03 03:21:01
93528|106802|41837|24375|4864|2169|2|112.00|16.80|2008-12-09 11:46:34
93704|107017|25174|19102|6053|2161|4|732.00|109.80|2008-12-01 03:14:35
93768|107099|2915|4714|2561|2164|2|62.00|9.30|2008-12-04 04:34:03
93937|107277|11509|20991|5324|2165|1|361.00|54.15|2008-12-05 07:53:27
94039|107402|30521|13479|2030|2164|2|730.00|109.50|2008-12-04 09:52:15
94116|107482|32684|14982|5375|2177|1|368.00|55.20|2008-12-17 11:01:20
94392|107771|14287|28866|6046|2163|2|214.00|32.10|2008-12-03 04:11:34
94460|107850|11055|22571|5635|2166|4|476.00|71.40|2008-12-06 05:35:07
94785|108210|21783|15793|1824|2163|2|112.00|16.80|2008-12-03 11:54:12
95019|108464|40029|11704|839|2166|2|198.00|29.70|2008-12-06 04:35:13
95099|108561|7431|47130|2170|2185|1|387.00|58.05|2008-12-25 06:15:30
95100|108561|7431|29778|2170|2164|2|774.00|116.10|2008-12-04 06:16:44
95333|108821|1851|18066|4864|2169|1|24.00|3.60|2008-12-09 11:00:33
95357|108854|20069|44276|1521|2183|3|903.00|135.45|2008-12-23 11:22:59
95360|108854|20069|27273|1521|2162|2|602.00|90.30|2008-12-02 11:26:37
95362|108856|46694|32633|3417|2183|4|1916.00|287.40|2008-12-23 11:28:17
95399|108893|22926|2992|7023|2175|1|114.00|17.10|2008-12-15 12:02:41
95503|109025|13094|36482|1658|2169|1|99.00|14.85|2008-12-09 02:29:37
95581|109138|46463|18954|5513|2168|2|832.00|124.80|2008-12-08 04:04:47
95582|109138|46463|22402|5513|2172|1|416.00|62.40|2008-12-12 04:05:17
95586|109143|45049|26305|8059|2180|4|1908.00|286.20|2008-12-20 04:08:00
95718|109278|19555|4473|3302|2163|2|866.00|129.90|2008-12-03 06:23:56
96092|109718|26123|18986|3253|2178|2|406.00|60.90|2008-12-18 02:38:30
96338|109991|44214|19120|2272|2170|2|74.00|11.10|2008-12-10 08:35:43
96445|110093|22772|3320|3222|2168|2|774.00|116.10|2008-12-08 10:38:21
96606|110269|33288|6599|189|2168|5|1905.00|285.75|2008-12-08 02:01:59
97110|110834|4605|19615|2999|2164|1|59.00|8.85|2008-12-04 12:49:02
97158|110896|13540|37315|1521|2175|1|146.00|21.90|2008-12-15 01:42:55
97160|110896|13540|41530|1521|2180|2|292.00|43.80|2008-12-20 01:47:24
97315|111104|6722|10944|5541|2162|1|305.00|45.75|2008-12-02 05:28:29
97362|111154|22057|21244|661|2162|4|1524.00|228.60|2008-12-02 06:26:30
97695|111561|21914|4203|5834|2181|4|280.00|42.00|2008-12-21 01:15:40
98401|112435|46263|39852|7547|2189|2|770.00|115.50|2008-12-29 03:28:33
98481|112516|28811|31444|1390|2167|3|1119.00|167.85|2008-12-07 04:58:22
98532|112579|31187|17905|5241|2165|4|200.00|30.00|2008-12-05 06:01:43
98533|112579|31187|18232|5241|2165|1|50.00|7.50|2008-12-05 06:02:26
98552|112602|36362|4673|857|2162|1|275.00|41.25|2008-12-02 06:22:08
98792|112913|48660|39307|3991|2164|1|116.00|17.40|2008-12-04 11:36:09
98881|113016|34137|31037|8027|2183|1|120.00|18.00|2008-12-23 01:43:10
98882|113016|34137|21247|8027|2171|2|240.00|36.00|2008-12-11 01:44:23
99053|113208|1865|11091|8354|2177|2|42.00|6.30|2008-12-17 05:21:16
99270|113472|16231|8424|8493|2167|4|868.00|130.20|2008-12-07 10:26:45
100038|114371|10335|17808|6290|2164|2|200.00|30.00|2008-12-04 04:15:30
100055|114392|39650|1608|74|2176|2|512.00|76.80|2008-12-16 04:35:48
100077|114417|8789|1558|5181|2167|4|832.00|124.80|2008-12-07 05:03:57
100179|114537|12147|16709|7532|2162|1|196.00|29.40|2008-12-02 07:22:30
100233|114599|38668|3456|3511|2167|2|402.00|60.30|2008-12-07 08:39:17
100234|114600|15879|1849|1521|2179|2|766.00|114.90|2008-12-19 08:39:46
100416|114817|24967|26517|1453|2176|2|788.00|118.20|2008-12-16 12:41:38
100548|114962|2535|18612|6146|2163|1|494.00|74.10|2008-12-03 03:33:49
100632|115061|43004|8867|3059|2162|1|53.00|7.95|2008-12-02 05:43:17
100883|115374|2150|39364|4825|2171|4|1940.00|291.00|2008-12-11 11:30:56
100884|115374|2150|40738|4825|2172|2|970.00|145.50|2008-12-12 11:31:31
100920|115414|47949|21671|2648|2175|1|453.00|67.95|2008-12-15 12:30:53
100921|115414|47949|27303|2648|2181|3|1359.00|203.85|2008-12-21 12:32:14
100922|115414|47949|27817|2648|2182|2|906.00|135.90|2008-12-22 12:33:19
100991|115486|4357|38158|4479|2173|1|119.00|17.85|2008-12-13 02:26:29
101162|115685|42441|20869|5343|2161|1|393.00|58.95|2008-12-01 07:01:41
101163|115685|42441|35850|5343|2179|2|786.00|117.90|2008-12-19 07:03:51
101164|115685|42441|23100|5343|2163|3|1179.00|176.85|2008-12-03 07:05:02
101417|115958|31443|24478|7602|2169|2|258.00|38.70|2008-12-09 01:03:28
101559|116133|43229|46332|6705|2167|1|250.00|37.50|2008-12-07 04:23:26
101905|116542|41796|18487|8676|2162|3|648.00|97.20|2008-12-02 01:03:02
101906|116542|41796|19088|8676|2162|1|216.00|32.40|2008-12-02 01:04:19
102104|116779|37503|20106|6356|2165|2|122.00|18.30|2008-12-05 05:45:18
102472|117247|6701|10722|5102|2164|1|227.00|34.05|2008-12-04 03:41:44
102541|117329|15763|38126|940|2163|4|904.00|135.60|2008-12-03 05:28:04
102542|117329|15763|36433|940|2161|2|452.00|67.80|2008-12-01 05:28:10
102571|117356|12880|7082|6995|2170|1|165.00|24.75|2008-12-10 06:15:32
102813|117599|33107|23131|282|2165|1|268.00|40.20|2008-12-05 12:17:49
103035|117839|6459|12685|6023|2174|2|386.00|57.90|2008-12-14 06:02:06
103225|118049|34005|21743|6704|2177|5|375.00|56.25|2008-12-17 10:42:36
103226|118049|34005|8600|6704|2161|2|150.00|22.50|2008-12-01 10:44:50
103839|118789|27948|20083|3569|2165|1|361.00|54.15|2008-12-05 02:40:00
103975|118926|8673|23489|860|2163|1|237.00|35.55|2008-12-03 06:31:36
104248|119261|42064|11414|4323|2165|4|948.00|142.20|2008-12-05 01:55:42
104483|119517|26648|34830|2104|2164|2|538.00|80.70|2008-12-04 09:36:30
104715|119828|17395|19786|3563|2184|3|1305.00|195.75|2008-12-24 03:52:11
105017|120172|24780|9755|5343|2187|2|826.00|123.90|2008-12-27 12:58:15
105018|120172|24780|11008|5343|2189|4|1652.00|247.80|2008-12-29 12:58:36
105094|120246|9451|533|1561|2174|2|812.00|121.80|2008-12-14 03:33:14
105430|120641|30028|24506|8729|2178|1|273.00|40.95|2008-12-18 12:19:21
105597|120862|7677|11021|3950|2190|4|1192.00|178.80|2008-12-30 04:52:34
105598|120862|7677|4343|3950|2182|1|298.00|44.70|2008-12-22 04:52:36
105696|120977|27953|6039|3356|2163|1|499.00|74.85|2008-12-03 07:32:30
105723|121015|24119|17069|3873|2182|1|69.00|10.35|2008-12-22 08:18:39
105724|121015|24119|2914|3873|2165|2|138.00|20.70|2008-12-05 08:21:31
105967|121277|48825|14062|2382|2178|4|644.00|96.60|2008-12-18 03:53:58
106201|121544|39737|34512|8346|2161|2|258.00|38.70|2008-12-01 11:08:43
106212|121560|2881|34049|5504|2187|2|300.00|45.00|2008-12-27 11:32:43
106213|121560|2881|32902|5504|2186|1|150.00|22.50|2008-12-26 11:35:27
106241|121594|45936|2630|8287|2174|1|192.00|28.80|2008-12-14 12:26:36
106405|121770|43595|3471|4363|2172|1|152.00|22.80|2008-12-12 04:52:09
106494|121858|24132|17953|6924|2174|1|374.00|56.10|2008-12-14 07:42:52
106672|122084|45125|49714|1418|2185|2|550.00|82.50|2008-12-25 01:47:28
106789|122215|32452|2595|899|2161|2|320.00|48.00|2008-12-01 05:16:50
106790|122215|32452|15712|899|2176|4|640.00|96.00|2008-12-16 05:17:11
106791|122215|32452|4857|899|2163|1|160.00|24.00|2008-12-03 05:17:34
106840|122264|13145|32545|914|2181|1|305.00|45.75|2008-12-21 06:44:44
106990|122429|7992|24620|6652|2169|2|842.00|126.30|2008-12-09 11:12:35
106991|122429|7992|18266|6652|2161|1|421.00|63.15|2008-12-01 11:12:54
107144|122599|19282|7192|2818|2172|2|480.00|72.00|2008-12-12 04:38:50
107324|122834|7216|24925|575|2165|2|486.00|72.90|2008-12-05 11:14:45
107593|123138|35509|467|365|2169|2|536.00|80.40|2008-12-09 09:16:34
107672|123232|4397|28853|5818|2170|1|49.00|7.35|2008-12-10 12:25:21
107783|123363|25936|42064|2836|2166|1|491.00|73.65|2008-12-06 03:52:05
107966|123562|32522|25141|3689|2186|2|896.00|134.40|2008-12-26 10:48:33
108574|124279|45603|7923|6857|2166|2|334.00|50.10|2008-12-06 09:24:32
108575|124279|45603|19526|6857|2180|1|167.00|25.05|2008-12-20 09:26:13
108577|124285|25773|4807|2561|2165|2|630.00|94.50|2008-12-05 09:30:28
108578|124285|25773|8068|2561|2169|1|315.00|47.25|2008-12-09 09:32:41
108579|124285|25773|13925|2561|2176|4|1260.00|189.00|2008-12-16 09:37:08
108676|124420|10505|17395|2172|2165|4|120.00|18.00|2008-12-05 12:38:39
108926|124702|22685|3073|6250|2168|1|24.00|3.60|2008-12-08 10:19:57
109012|124799|13082|16718|3563|2187|2|94.00|14.10|2008-12-27 01:34:38
109032|124824|12322|6467|6493|2169|2|828.00|124.20|2008-12-09 02:19:27
109033|124824|12322|9449|6493|2173|4|1656.00|248.40|2008-12-13 02:22:06
109074|124874|46433|26292|7887|2171|1|351.00|52.65|2008-12-11 04:08:38
109169|125011|17228|21271|316|2172|2|966.00|144.90|2008-12-12 08:44:31
109170|125011|17228|34222|316|2188|3|1449.00|217.35|2008-12-28 08:46:39
109340|125214|28101|47066|5634|2162|4|1056.00|158.40|2008-12-02 04:05:09
110485|126537|4318|12884|1972|2172|2|796.00|119.40|2008-12-12 08:50:53
110488|126545|3420|13674|6533|2165|1|328.00|49.20|2008-12-05 09:02:26
110489|126545|3420|25198|6533|2179|4|1312.00|196.80|2008-12-19 09:03:39
110580|126647|37831|12730|5099|2178|1|479.00|71.85|2008-12-18 01:14:05
110806|126928|9250|28739|4406|2186|1|204.00|30.60|2008-12-26 12:37:05
110853|126971|8823|11139|5478|2163|4|1488.00|223.20|2008-12-03 03:27:46
110854|126971|8823|17965|5478|2171|1|372.00|55.80|2008-12-11 03:33:16
110956|127098|13663|19171|8212|2163|3|882.00|132.30|2008-12-03 09:28:10
110981|127128|28625|32281|6883|2166|4|884.00|132.60|2008-12-06 10:32:46
111220|127386|28607|43906|22|2167|1|234.00|35.10|2008-12-07 02:16:15
111540|127752|49212|40365|112|2175|4|1792.00|268.80|2008-12-15 12:28:50
111541|127752|49212|47282|112|2183|1|448.00|67.20|2008-12-23 12:35:35
111542|127752|49212|37623|112|2172|2|896.00|134.40|2008-12-12 12:36:55
112002|128285|29648|35641|5155|2170|1|174.00|26.10|2008-12-10 07:20:43
112003|128285|29648|31024|5155|2165|2|348.00|52.20|2008-12-05 07:30:27
112018|128314|10899|26748|5284|2179|2|816.00|122.40|2008-12-19 08:55:15
112442|128827|36764|23797|1831|2164|4|1472.00|220.80|2008-12-04 08:21:07
112602|129035|6419|5835|6340|2187|4|1312.00|196.80|2008-12-27 01:45:39
112612|129042|42859|38731|187|2180|1|119.00|17.85|2008-12-20 02:50:30
112975|129419|6023|4785|3229|2161|1|371.00|55.65|2008-12-01 10:35:11
113179|129655|43420|2985|6979|2166|2|122.00|18.30|2008-12-06 03:39:06
113180|129655|43420|13990|6979|2179|1|61.00|9.15|2008-12-19 05:39:08
113212|129696|34266|42875|1052|2162|2|700.00|105.00|2008-12-02 10:53:04
113279|129778|10595|17645|8645|2168|1|493.00|73.95|2008-12-08 08:06:46
113305|129805|28263|29459|3588|2172|3|1062.00|159.30|2008-12-12 02:25:17
113640|130152|10697|48529|6054|2181|2|548.00|82.20|2008-12-21 04:11:15
113642|130152|10697|37498|6054|2168|1|274.00|41.10|2008-12-08 04:16:10
114133|130731|17971|5250|2308|2181|2|692.00|103.80|2008-12-21 06:14:59
114134|130731|17971|5462|2308|2181|1|346.00|51.90|2008-12-21 06:18:57
114144|130741|10502|5599|3705|2162|1|250.00|37.50|2008-12-02 06:44:11
114152|130747|16616|34306|2034|2164|1|33.00|4.95|2008-12-04 07:28:38
114491|131126|40033|42|6911|2169|4|144.00|21.60|2008-12-09 10:36:20
114533|131167|12431|10284|3320|2162|2|580.00|87.00|2008-12-02 12:51:20
114992|131655|9395|4458|3681|2165|1|46.00|6.90|2008-12-05 08:04:30
114993|131655|9395|5885|3681|2167|2|92.00|13.80|2008-12-07 08:13:09
115144|131819|34713|27298|610|2161|2|862.00|129.30|2008-12-01 04:51:23
115707|132480|8146|8746|2630|2165|1|118.00|17.70|2008-12-05 11:26:46
115779|132569|8713|9926|355|2163|1|418.00|62.70|2008-12-03 02:23:03
115873|132673|27742|29442|4144|2162|2|618.00|92.70|2008-12-02 06:44:58
116019|132851|30864|30931|261|2171|1|325.00|48.75|2008-12-11 02:12:41
116417|133330|26567|40258|3177|2173|2|910.00|136.50|2008-12-13 08:40:24
116418|133330|26567|31068|3177|2162|1|455.00|68.25|2008-12-02 08:41:20
116620|133545|28901|6608|925|2179|4|400.00|60.00|2008-12-19 05:12:15
116870|133817|9122|10031|7954|2174|1|178.00|26.70|2008-12-14 03:36:58
117049|134017|7994|36726|6630|2162|2|914.00|137.10|2008-12-02 10:35:55
117123|134108|31685|23360|2172|2186|1|376.00|56.40|2008-12-26 01:19:54
117539|134592|40903|17185|1940|2167|2|878.00|131.70|2008-12-07 06:08:56
117577|134634|3936|42223|7121|2176|2|362.00|54.30|2008-12-16 07:33:07
117984|135131|23535|15405|5621|2178|1|387.00|58.05|2008-12-18 10:36:36
117985|135131|23535|23407|5621|2188|2|774.00|116.10|2008-12-28 10:38:33
118163|135339|27808|38810|925|2178|1|353.00|52.95|2008-12-18 05:00:51
118165|135339|27808|33890|925|2172|3|1059.00|158.85|2008-12-12 05:04:35
118830|136083|25225|13400|2424|2171|2|920.00|138.00|2008-12-11 03:21:33
118831|136083|25225|15625|2424|2173|1|460.00|69.00|2008-12-13 03:25:38
118843|136094|32474|12128|312|2172|1|69.00|10.35|2008-12-12 03:49:20
119106|136417|34483|21677|264|2172|1|383.00|57.45|2008-12-12 12:53:09
119123|136440|11379|4224|5633|2165|2|742.00|111.30|2008-12-05 01:28:59
119124|136440|11379|4260|5633|2165|1|371.00|55.65|2008-12-05 01:31:08
119281|136590|10113|11159|7474|2166|1|423.00|63.45|2008-12-06 07:00:23
119282|136590|10113|11880|7474|2167|2|846.00|126.90|2008-12-07 07:01:46
119306|136610|40646|43661|3616|2164|1|392.00|58.80|2008-12-04 07:44:49
119545|136891|9163|32920|5649|2172|4|1664.00|249.60|2008-12-12 04:19:07
119668|137026|39589|39434|6867|2170|2|698.00|104.70|2008-12-10 08:09:05
119894|137285|26867|10570|7274|2185|1|316.00|47.40|2008-12-25 04:17:18
119900|137288|27651|13152|6053|2163|4|1384.00|207.60|2008-12-03 04:31:08
120097|137530|8982|39196|1145|2166|4|92.00|13.80|2008-12-06 11:06:01
120150|137595|13670|777|3689|2180|1|76.00|11.40|2008-12-20 12:52:42
120240|137694|1863|17265|5744|2171|2|966.00|144.90|2008-12-11 03:38:38
120241|137694|1863|21503|5744|2176|3|1449.00|217.35|2008-12-16 03:39:31
120247|137700|42898|34370|6761|2162|1|343.00|51.45|2008-12-02 03:53:21
120365|137831|41315|37451|2429|2178|1|488.00|73.20|2008-12-18 07:30:47
120462|137935|38273|42509|4406|2186|4|476.00|71.40|2008-12-26 10:23:59
120463|137935|38273|39353|4406|2182|2|238.00|35.70|2008-12-22 10:25:38
120650|138117|31529|13544|7824|2173|4|296.00|44.40|2008-12-13 04:08:06
120679|138153|15443|26669|3253|2178|2|784.00|117.60|2008-12-18 05:02:04
120680|138153|15443|26706|3253|2178|1|392.00|58.80|2008-12-18 05:04:10
120831|138321|16756|20908|7848|2170|4|1576.00|236.40|2008-12-10 09:24:57
121387|138957|10059|3754|5638|2170|1|124.00|18.60|2008-12-10 02:31:46
121448|139020|19951|20522|8200|2166|3|60.00|9.00|2008-12-06 04:17:22
121502|139092|36748|8944|4958|2166|1|404.00|60.60|2008-12-06 05:36:59
121645|139255|16860|44024|3575|2169|2|832.00|124.80|2008-12-09 09:14:38
121646|139255|16860|38302|3575|2162|1|416.00|62.40|2008-12-02 09:14:48
121934|139580|21209|38021|4363|2184|2|474.00|71.10|2008-12-24 05:33:16
122120|139805|23902|16058|865|2179|1|219.00|32.85|2008-12-19 10:11:19
122451|140169|33358|29839|6996|2188|2|474.00|71.10|2008-12-28 06:44:41
122452|140169|33358|11386|6996|2166|1|237.00|35.55|2008-12-06 06:47:18
122583|140322|38787|44452|5058|2165|1|84.00|12.60|2008-12-05 10:11:43
122798|140568|30115|46155|6652|2187|1|178.00|26.70|2008-12-27 04:25:07
122837|140623|1754|37813|5599|2172|1|81.00|12.15|2008-12-12 05:22:14
122838|140623|1754|34913|5599|2168|4|324.00|48.60|2008-12-08 05:25:20
123003|140825|14385|17911|7575|2170|4|1424.00|213.60|2008-12-10 09:03:51
123103|140948|1701|30827|6109|2163|1|355.00|53.25|2008-12-03 11:18:37
123141|140984|12065|16315|5424|2184|2|866.00|129.90|2008-12-24 12:02:19
123243|141094|44273|5949|5552|2163|1|26.00|3.90|2008-12-03 02:12:17
123370|141222|25127|4250|282|2177|2|758.00|113.70|2008-12-17 05:32:39
123874|141835|40207|11965|4479|2172|1|418.00|62.70|2008-12-12 07:01:20
124306|142340|11081|32649|2181|2170|4|1104.00|165.60|2008-12-10 06:16:58
124307|142340|11081|33278|2181|2170|2|552.00|82.80|2008-12-10 06:17:56
124814|142919|34783|17339|125|2185|4|1672.00|250.80|2008-12-25 06:39:39
125572|143789|4472|19086|4491|2167|3|480.00|72.00|2008-12-07 12:02:01
126076|144370|2335|10046|3569|2168|2|324.00|48.60|2008-12-08 11:37:56
126245|144584|26265|33926|3131|2185|2|432.00|64.80|2008-12-25 03:59:33
126256|144592|38580|10679|7874|2169|1|359.00|53.85|2008-12-09 04:16:11
126404|144795|13903|22162|106|2185|1|118.00|17.70|2008-12-25 07:07:59
126405|144795|13903|19485|106|2182|2|236.00|35.40|2008-12-22 07:08:00
126752|145196|10176|22230|4594|2171|4|1384.00|207.60|2008-12-11 03:17:43
126923|145377|15168|27561|8729|2176|2|588.00|88.20|2008-12-16 06:48:51
127175|145687|13960|4929|5478|2175|1|234.00|35.10|2008-12-15 11:59:32
127472|146058|45563|24064|467|2168|2|220.00|33.00|2008-12-08 06:48:21
127540|146139|2719|29179|1578|2161|2|668.00|100.20|2008-12-01 08:16:34
127666|146287|25851|2662|6080|2172|2|752.00|112.80|2008-12-12 11:04:01
127931|146582|27804|21331|5109|2186|2|768.00|115.20|2008-12-26 04:49:20
128069|146772|6788|33971|4343|2172|1|43.00|6.45|2008-12-12 07:48:33
128321|147078|43626|29103|4315|2167|1|426.00|63.90|2008-12-07 01:32:18
128358|147126|28062|15205|5649|2164|1|163.00|24.45|2008-12-04 02:15:57
128470|147272|2118|14856|739|2163|1|52.00|7.80|2008-12-03 04:59:39
128543|147343|11345|35146|5145|2186|4|1648.00|247.20|2008-12-26 06:14:42
128544|147343|11345|17107|5145|2164|1|412.00|61.80|2008-12-04 06:15:02
128925|147780|3760|41514|6793|2177|1|21.00|3.15|2008-12-17 02:07:55
129104|148008|1547|16342|4773|2165|2|700.00|105.00|2008-12-05 05:49:16
129232|148178|3371|22587|6995|2171|1|189.00|28.35|2008-12-11 08:53:44
129276|148228|8613|2926|6976|2178|1|404.00|60.60|2008-12-18 09:46:59
129406|148409|21219|42017|5834|2181|4|540.00|81.00|2008-12-21 12:31:41
129407|148409|21219|34816|5834|2172|2|270.00|40.50|2008-12-12 12:34:49
129463|148469|33261|35579|1712|2175|1|327.00|49.05|2008-12-15 01:48:02
129743|148800|10664|38784|1936|2164|1|468.00|70.20|2008-12-04 07:26:45
129834|148895|36433|8489|6911|2167|3|567.00|85.05|2008-12-07 09:10:57
129835|148895|36433|8277|6911|2166|4|756.00|113.40|2008-12-06 09:12:28
130321|149407|16837|32269|8487|2166|4|1252.00|187.80|2008-12-06 07:40:54
130409|149519|15808|34001|6331|2167|1|354.00|53.10|2008-12-07 09:24:21
130451|149558|47464|31895|5885|2182|1|497.00|74.55|2008-12-22 10:05:28
130516|149640|30385|29832|3665|2174|2|906.00|135.90|2008-12-14 11:33:16
130517|149640|30385|25077|3665|2169|1|453.00|67.95|2008-12-09 11:33:17
130950|150163|30834|38131|1256|2167|1|276.00|41.40|2008-12-07 07:33:13
131266|151581|5677|11936|4363|2165|1|173.00|25.95|2008-12-05 01:31:22
131267|151581|5677|16446|4363|2170|2|346.00|51.90|2008-12-10 01:31:46
131398|151728|10080|32577|1859|2180|2|564.00|84.60|2008-12-20 04:06:10
132153|152627|40704|24599|7148|2161|6|2556.00|383.40|2008-12-01 06:25:52
132473|152980|29895|27900|5478|2174|2|988.00|148.20|2008-12-14 12:23:03
132540|153076|15272|33628|8754|2182|2|222.00|33.30|2008-12-22 01:44:20
132541|153076|15272|36221|8754|2185|1|111.00|16.65|2008-12-25 01:45:42
132655|153218|14511|21071|4445|2163|1|341.00|51.15|2008-12-03 04:06:43
132728|153284|11814|26658|4984|2162|1|32.00|4.80|2008-12-02 05:30:03
132821|153398|9476|44693|7660|2169|2|170.00|25.50|2008-12-09 07:05:24
132861|153452|39358|25285|3411|2173|2|82.00|12.30|2008-12-13 07:55:44
132862|153452|39358|24455|3411|2172|1|41.00|6.15|2008-12-12 07:57:07
132876|153466|36071|30093|1468|2169|4|1768.00|265.20|2008-12-09 08:07:07
132877|153466|36071|36240|1468|2176|1|442.00|66.30|2008-12-16 08:07:11
132937|153546|48163|25015|2771|2165|1|251.00|37.65|2008-12-05 09:15:14
133581|154341|37096|35694|8487|2172|4|1008.00|151.20|2008-12-12 09:20:33
133582|154341|37096|34002|8487|2170|1|252.00|37.80|2008-12-10 09:20:41
133864|154691|26157|28262|6558|2173|4|1668.00|250.20|2008-12-13 02:31:19
134235|155112|46492|31535|1145|2165|2|236.00|35.40|2008-12-05 09:09:26
134252|155143|25813|21915|4489|2173|2|504.00|75.60|2008-12-13 09:28:22
134253|155143|25813|14743|4489|2164|4|1008.00|151.20|2008-12-04 09:28:31
134275|155176|2744|25712|4707|2166|4|732.00|109.80|2008-12-06 09:57:02
134276|155176|2744|23580|4707|2164|2|366.00|54.90|2008-12-04 09:57:38
134277|155176|2744|22844|4707|2163|1|183.00|27.45|2008-12-03 09:57:53
134291|155211|47771|27010|4827|2171|2|406.00|60.90|2008-12-11 10:13:20
134348|155289|17890|16361|6979|2181|3|831.00|124.65|2008-12-21 11:27:19
134362|155314|6446|5121|1489|2174|1|388.00|58.20|2008-12-14 11:44:04
134469|155425|25368|11679|1972|2186|2|250.00|37.50|2008-12-26 02:05:05
134804|155796|16414|23986|7602|2172|2|672.00|100.80|2008-12-12 08:10:06
135438|156464|34285|722|8767|2174|2|132.00|19.80|2008-12-14 08:18:06
135468|156506|3083|33980|5578|2186|1|374.00|56.10|2008-12-26 08:58:55
135469|156506|3083|13324|5578|2161|2|748.00|112.20|2008-12-01 08:59:11
135569|156608|49414|12046|2648|2172|2|904.00|135.60|2008-12-12 10:40:52
135570|156608|49414|8298|2648|2167|1|452.00|67.80|2008-12-07 10:41:28
135706|156788|25638|24085|5744|2175|1|288.00|43.20|2008-12-15 12:43:56
135729|156814|12017|19824|22|2165|2|296.00|44.40|2008-12-05 01:11:47
135976|157097|42283|1234|7681|2170|2|158.00|23.70|2008-12-10 05:49:46
136106|157221|18740|23816|2181|2175|1|21.00|3.15|2008-12-15 08:20:10
136107|157221|18740|29052|2181|2181|4|84.00|12.60|2008-12-21 08:21:01
136497|157655|29241|29651|2381|2166|3|144.00|21.60|2008-12-06 03:29:19
136498|157655|29241|32028|2381|2169|1|48.00|7.20|2008-12-09 03:29:58
136685|157869|9895|23913|21|2171|2|298.00|44.70|2008-12-11 06:52:54
137005|158251|13918|10807|3803|2175|2|958.00|143.70|2008-12-15 12:32:25
137684|159023|27494|29473|5375|2185|1|343.00|51.45|2008-12-25 01:44:36
137909|159315|39611|35464|1468|2171|1|429.00|64.35|2008-12-11 05:44:31
138155|159614|7354|24268|187|2162|1|172.00|25.80|2008-12-02 10:20:03
138275|159724|31658|14344|7022|2164|1|407.00|61.05|2008-12-04 12:49:47
138666|160200|29505|6686|6034|2180|2|612.00|91.80|2008-12-20 08:11:45
138667|160200|29505|12223|6034|2186|1|306.00|45.90|2008-12-26 08:12:07
138862|160462|21010|33990|282|2175|1|170.00|25.50|2008-12-15 12:36:21
138863|160462|21010|36804|282|2179|2|340.00|51.00|2008-12-19 12:38:17
139029|160643|5931|31453|74|2166|1|51.00|7.65|2008-12-06 03:44:10
139030|160643|5931|37257|74|2173|3|153.00|22.95|2008-12-13 03:45:49
139058|160685|23718|21321|8521|2186|1|483.00|72.45|2008-12-26 04:12:09
139059|160685|23718|101|8521|2161|2|966.00|144.90|2008-12-01 04:13:53
139080|160714|41314|2429|1445|2170|2|650.00|97.50|2008-12-10 04:30:50
139081|160714|41314|847|1445|2169|1|325.00|48.75|2008-12-09 04:33:37
139392|161076|48853|6550|8314|2168|3|1005.00|150.75|2008-12-08 10:49:41
139393|161076|48853|537|8314|2161|1|335.00|50.25|2008-12-01 10:50:13
139517|161218|27141|7210|8097|2162|2|772.00|115.80|2008-12-02 01:02:40
139581|161284|18771|2749|4171|2167|2|730.00|109.50|2008-12-07 02:16:12
139772|161549|45227|41293|1561|2186|3|147.00|22.05|2008-12-26 06:36:52
140500|162462|9239|31754|4056|2182|2|758.00|113.70|2008-12-22 08:14:22
140567|162543|39627|37171|7109|2162|1|467.00|70.05|2008-12-02 09:33:42
140676|162662|37645|8073|142|2184|1|278.00|41.70|2008-12-24 11:48:41
140677|162662|37645|1365|142|2176|4|1112.00|166.80|2008-12-16 11:49:48
140931|162955|37013|29364|189|2185|2|790.00|118.50|2008-12-25 04:18:40
141402|163540|17947|12055|285|2166|2|400.00|60.00|2008-12-06 01:46:10
141428|163566|26483|39801|4019|2184|1|55.00|8.25|2008-12-24 02:13:43
141429|163566|26483|29683|4019|2172|4|220.00|33.00|2008-12-12 02:13:44
142159|164464|2143|529|3305|2167|2|624.00|93.60|2008-12-07 03:54:15
142191|164501|39980|29479|6057|2180|2|134.00|20.10|2008-12-20 04:44:09
142670|165112|26066|10811|5000|2164|2|454.00|68.10|2008-12-04 02:02:38
142671|165112|26066|7795|5000|2161|1|227.00|34.05|2008-12-01 02:05:20
143035|165576|7357|25455|4783|2164|1|168.00|25.20|2008-12-04 09:19:54
143201|165762|15422|15849|6976|2173|2|830.00|124.50|2008-12-13 12:08:59
143202|165762|15422|11294|6976|2167|1|415.00|62.25|2008-12-07 12:09:29
143203|165762|15422|12687|6976|2169|4|1660.00|249.00|2008-12-09 12:10:04
143373|165951|26688|10666|8147|2186|2|238.00|35.70|2008-12-26 03:06:57
143603|166217|20011|15333|104|2187|4|1304.00|195.60|2008-12-27 07:17:04
143604|166217|20011|8395|104|2179|1|326.00|48.90|2008-12-19 07:17:45
143668|166315|37700|3010|2452|2168|4|548.00|82.20|2008-12-08 08:38:21
144062|166762|9596|8371|6533|2172|2|952.00|142.80|2008-12-12 03:50:56
144109|166822|33374|20163|6047|2167|2|144.00|21.60|2008-12-07 04:52:37
144624|167419|11933|29753|7195|2165|3|1269.00|190.35|2008-12-05 02:53:56
144625|167419|11933|32198|7195|2168|2|846.00|126.90|2008-12-08 02:54:12
145028|167889|23229|32198|4019|2179|2|722.00|108.30|2008-12-19 10:27:09
145098|167987|32751|17065|8410|2165|2|418.00|62.70|2008-12-05 11:44:26
145195|168094|45894|45818|5281|2171|2|94.00|14.10|2008-12-11 01:28:53
145730|168749|27742|3046|6693|2174|2|502.00|75.30|2008-12-14 11:38:09
145829|168866|48301|30099|8531|2162|1|317.00|47.55|2008-12-02 01:18:13
145830|168866|48301|33057|8531|2165|3|951.00|142.65|2008-12-05 01:18:32
145887|168919|14146|37845|473|2163|4|308.00|46.20|2008-12-03 02:28:30
146092|169177|36486|15994|3424|2182|2|892.00|133.80|2008-12-22 06:15:19
146268|169362|23546|118|5099|2190|2|904.00|135.60|2008-12-30 09:47:44
146346|169478|44328|2184|6995|2168|2|940.00|141.00|2008-12-08 11:39:36
146347|169478|44328|6921|6995|2174|3|1410.00|211.50|2008-12-14 11:39:38
146371|169503|49347|5683|6242|2179|2|970.00|145.50|2008-12-19 11:57:19
146585|169780|40931|6552|766|2165|1|301.00|45.15|2008-12-05 03:45:09
146881|170100|23837|6097|7429|2164|1|408.00|61.20|2008-12-04 09:13:03
146882|170100|23837|9482|7429|2168|4|1632.00|244.80|2008-12-08 09:13:07
146916|170133|3971|17241|6010|2164|1|207.00|31.05|2008-12-04 09:41:30
147424|170722|16080|5029|2935|2172|2|170.00|25.50|2008-12-12 06:27:58
147425|170722|16080|11760|2935|2180|3|255.00|38.25|2008-12-20 06:28:20
147812|171123|1662|28593|1387|2172|4|284.00|42.60|2008-12-12 02:25:43
148058|171459|24913|38740|4902|2161|3|669.00|100.35|2008-12-01 07:01:24
148059|171459|24913|40537|4902|2163|1|223.00|33.45|2008-12-03 07:02:55
148349|171818|4425|35679|7457|2166|2|534.00|80.10|2008-12-06 12:29:02
148588|172105|21108|6546|969|2161|2|434.00|65.10|2008-12-01 05:02:34
148589|172105|21108|14909|969|2171|1|217.00|32.55|2008-12-11 05:02:36
148665|172214|29973|37378|6430|2168|1|451.00|67.65|2008-12-08 06:33:09
149021|172616|27920|13600|6967|2178|1|130.00|19.50|2008-12-18 01:55:04
149076|172663|38795|30059|713|2168|1|239.00|35.85|2008-12-08 03:00:37
149121|172702|1145|14026|8027|2183|2|184.00|27.60|2008-12-23 03:53:22
149122|172702|1145|6873|8027|2175|1|92.00|13.80|2008-12-15 03:55:04
149252|172834|41531|1684|5627|2177|2|250.00|37.50|2008-12-17 06:35:03
149253|172834|41531|10670|5627|2187|1|125.00|18.75|2008-12-27 06:37:31
149409|173016|36148|16311|4675|2164|4|400.00|60.00|2008-12-04 09:40:47
149433|173037|21612|3359|2062|2176|1|211.00|31.65|2008-12-16 10:13:07
149457|173058|43455|18882|2696|2161|2|696.00|104.40|2008-12-01 10:39:19
149458|173058|43455|19816|2696|2162|3|1044.00|156.60|2008-12-02 10:40:37
149666|173276|32886|42935|1341|2182|1|26.00|3.90|2008-12-22 02:50:30
149764|173376|24353|16916|8531|2168|1|396.00|59.40|2008-12-08 04:33:11
150264|173922|16495|16475|6023|2161|2|242.00|36.30|2008-12-01 02:55:41
150919|174668|30360|40059|1718|2164|2|308.00|46.20|2008-12-04 02:55:21
151830|175742|30007|9670|591|2165|2|246.00|36.90|2008-12-05 09:33:54
152073|175992|16596|3338|479|2180|1|376.00|56.40|2008-12-20 02:09:16
152175|176110|16966|20208|2272|2168|4|1132.00|169.80|2008-12-08 04:27:02
152176|176110|16966|24148|2272|2172|2|566.00|84.90|2008-12-12 04:27:52
152298|176237|43579|33043|8754|2171|2|970.00|145.50|2008-12-11 07:04:12
152509|176473|4047|26548|591|2161|1|436.00|65.40|2008-12-01 11:22:11
152716|176726|21060|26343|5599|2164|1|463.00|69.45|2008-12-04 03:05:45
152717|176726|21060|32255|5599|2171|2|926.00|138.90|2008-12-11 03:06:10
152733|176747|15665|1579|8521|2162|4|1056.00|158.40|2008-12-02 03:22:05
152734|176747|15665|3282|8521|2164|1|264.00|39.60|2008-12-04 03:22:30
152755|176782|28402|39660|4741|2164|2|748.00|112.20|2008-12-04 03:50:35
152776|176812|22168|11398|5289|2161|2|688.00|103.20|2008-12-01 04:07:49
153165|177285|33474|21952|2793|2176|2|186.00|27.90|2008-12-16 11:48:14
153192|177324|10907|35773|4870|2171|2|716.00|107.40|2008-12-11 12:09:23
153266|177411|38224|32896|5418|2167|2|992.00|148.80|2008-12-07 01:48:19
153479|177670|34929|29403|7066|2161|2|374.00|56.10|2008-12-01 05:43:08
153686|177922|34582|8898|5569|2177|4|1052.00|157.80|2008-12-17 09:25:02
153827|178076|39196|19592|177|2167|1|92.00|13.80|2008-12-07 12:08:57
153845|178098|32779|36077|2256|2172|4|1360.00|204.00|2008-12-12 12:29:55
153913|178190|15631|19162|3097|2169|1|400.00|60.00|2008-12-09 01:45:56
154023|178303|35558|11633|365|2180|3|1119.00|167.85|2008-12-20 03:42:52
154069|178359|3897|5815|8168|2191|1|290.00|43.50|2008-12-31 04:28:40
154157|178473|15259|13425|6242|2175|2|62.00|9.30|2008-12-15 05:54:29
154208|178524|14030|34501|7452|2169|2|692.00|103.80|2008-12-09 06:46:38
154216|178535|36226|25558|1468|2166|1|192.00|28.80|2008-12-06 06:57:43
154240|178577|29974|25843|3320|2169|1|448.00|67.20|2008-12-09 07:21:21
154241|178577|29974|23799|3320|2166|3|1344.00|201.60|2008-12-06 07:21:27
154242|178577|29974|23647|3320|2166|2|896.00|134.40|2008-12-06 07:22:12
154292|178628|26065|31616|3873|2170|1|385.00|57.75|2008-12-10 08:12:20
154293|178628|26065|27047|3873|2165|2|770.00|115.50|2008-12-05 08:12:26
154296|178629|4186|29696|3302|2172|4|1676.00|251.40|2008-12-12 08:13:29
154297|178629|4186|27725|3302|2170|2|838.00|125.70|2008-12-10 08:15:01
154358|178698|17970|3765|125|2169|2|204.00|30.60|2008-12-09 09:22:24
154359|178698|17970|902|125|2166|1|102.00|15.30|2008-12-06 09:23:07
154550|178964|1392|19397|6361|2179|2|250.00|37.50|2008-12-19 12:59:55
154551|178964|1392|8894|6361|2166|1|125.00|18.75|2008-12-06 01:03:00
154552|178964|1392|25471|6361|2186|3|375.00|56.25|2008-12-26 01:05:35
154746|179135|10241|22938|5000|2171|2|68.00|10.20|2008-12-11 04:58:46
154755|179147|33143|25279|3419|2164|1|366.00|54.90|2008-12-04 05:04:36
154880|179312|25450|34186|3177|2171|4|796.00|119.40|2008-12-11 07:19:51
155114|179552|13104|8023|4958|2162|2|286.00|42.90|2008-12-02 11:47:23
155123|179559|22727|27215|1341|2173|1|34.00|5.10|2008-12-13 11:52:36
155168|179612|17465|41253|5531|2175|4|1328.00|199.20|2008-12-15 12:37:36
156048|180667|44428|2035|739|2170|2|64.00|9.60|2008-12-10 05:26:23
156215|180851|28753|18667|6793|2171|1|221.00|33.15|2008-12-11 08:27:32
156392|181039|3709|19871|7121|2167|1|250.00|37.50|2008-12-07 11:22:29
156983|205513|6998|3375|2867|2169|2|3418.00|512.70|2008-12-09 10:59:32
157016|205558|26618|32844|104|2172|1|1437.00|215.55|2008-12-12 11:28:57
157477|206446|43248|39654|3989|2164|1|2028.00|304.20|2008-12-04 07:58:23
157478|206446|43248|42015|3989|2167|4|8112.00|1216.80|2008-12-07 07:58:36
157693|206890|41904|26362|282|2161|1|2253.00|337.95|2008-12-01 11:44:55
158145|207827|11203|8388|5578|2186|2|4772.00|715.80|2008-12-26 08:32:32
158279|208076|32473|16043|5289|2161|2|4140.00|621.00|2008-12-01 11:13:38
158333|208187|41433|14313|3689|2181|1|998.00|149.70|2008-12-21 12:08:04
158648|208832|30443|15070|5742|2176|2|1916.00|287.40|2008-12-16 06:17:22
158947|209421|10454|24419|7109|2169|1|2288.00|343.20|2008-12-09 12:00:51
159126|209739|29579|32101|3941|2177|1|1710.00|256.50|2008-12-17 03:10:58
159142|209777|11629|16327|6957|2181|1|746.00|111.90|2008-12-21 03:31:21
159267|210549|34460|6497|21|2163|4|2120.00|318.00|2008-12-03 06:10:09
159268|210549|34460|9047|21|2166|2|1060.00|159.00|2008-12-06 06:10:28
159931|211692|46394|37041|4864|2169|1|1546.00|231.90|2008-12-09 07:44:05
159932|211692|46394|43919|4864|2177|2|3092.00|463.80|2008-12-17 07:45:55
159989|211802|41626|15655|2424|2174|1|2269.00|340.35|2008-12-14 09:00:13
160148|212113|35973|3339|8667|2169|1|1886.00|282.90|2008-12-09 12:04:57
160289|212343|901|2181|1453|2177|2|3896.00|584.40|2008-12-17 02:35:57
160331|212427|23635|24142|5965|2165|3|7290.00|1093.50|2008-12-05 03:20:43
160482|212718|25765|3396|2429|2173|1|350.00|52.50|2008-12-13 06:13:04
161018|213743|3417|21911|432|2166|4|2440.00|366.00|2008-12-06 04:25:17
161372|214432|4381|4369|2648|2177|1|868.00|130.20|2008-12-17 10:57:52
161399|214480|28270|36727|1265|2185|1|2266.00|339.90|2008-12-25 11:38:19
161453|214566|43370|34635|2951|2172|1|1416.00|212.40|2008-12-12 12:44:23
161458|214572|9111|7887|1829|2181|2|1962.00|294.30|2008-12-21 12:49:16
161801|215289|27533|24628|2382|2169|3|1359.00|203.85|2008-12-09 07:49:55
161802|215289|27533|23738|2382|2168|2|906.00|135.90|2008-12-08 07:50:36
162399|216409|32182|20961|3372|2178|1|397.00|59.55|2008-12-18 07:06:00
162419|216452|15643|11550|8487|2184|1|2384.00|357.60|2008-12-24 07:33:11
162481|216540|41123|11609|520|2163|2|4668.00|700.20|2008-12-03 08:45:08
162482|216540|41123|11847|520|2164|4|9336.00|1400.40|2008-12-04 08:45:35
162607|216761|1286|7266|3614|2171|2|1638.00|245.70|2008-12-11 11:27:10
162742|216984|43272|34652|6290|2164|1|588.00|88.20|2008-12-04 02:08:47
162743|216984|43272|35164|6290|2165|4|2352.00|352.80|2008-12-05 02:13:09
162808|217108|41927|47216|3356|2170|4|1480.00|222.00|2008-12-10 03:13:56
162809|217108|41927|48022|3356|2171|2|740.00|111.00|2008-12-11 03:15:09
162944|217384|41430|7877|7845|2173|1|565.00|84.75|2008-12-13 05:51:23
163221|217931|13903|42584|6142|2173|2|1492.00|223.80|2008-12-13 10:55:31
163249|217976|32011|11930|2158|2165|1|1007.00|151.05|2008-12-05 11:31:58
163250|217976|32011|11776|2158|2165|2|2014.00|302.10|2008-12-05 11:32:27
163512|218433|44394|6918|142|2164|1|817.00|122.55|2008-12-04 04:21:14
163513|218433|44394|9230|142|2167|2|1634.00|245.10|2008-12-07 04:22:08
163609|218613|2586|19515|8379|2162|1|1249.00|187.35|2008-12-02 06:14:28
163679|218739|27434|18711|7504|2162|1|829.00|124.35|2008-12-02 07:20:43
163703|218783|15617|34853|1831|2162|1|1482.00|222.30|2008-12-02 07:40:54
163842|219042|6473|18920|4256|2172|2|3242.00|486.30|2008-12-12 10:13:48
163843|219042|6473|25567|4256|2180|1|1621.00|243.15|2008-12-20 10:15:17
163862|219071|26205|18514|4958|2166|1|1062.00|159.30|2008-12-06 10:35:24
163897|219127|25844|5891|74|2162|1|891.00|133.65|2008-12-02 11:19:27
163977|219302|36944|32952|8506|2168|1|2064.00|309.60|2008-12-08 12:41:24
164044|219398|36333|17459|7989|2181|1|419.00|62.85|2008-12-21 01:56:17
164343|219918|14963|9273|1658|2170|1|530.00|79.50|2008-12-10 07:54:37
164359|219960|29671|27416|5324|2181|1|1885.00|282.75|2008-12-21 08:11:18
164360|219960|29671|25808|5324|2179|2|3770.00|565.50|2008-12-19 08:13:35
164752|220750|43260|4207|6034|2166|1|415.00|62.25|2008-12-06 03:41:02
165045|221277|25321|46206|5634|2163|2|2890.00|433.50|2008-12-03 09:07:41
165146|221473|21405|34490|1594|2188|1|609.00|91.35|2008-12-28 10:53:36
165169|221514|40742|28208|8729|2166|1|2167.00|325.05|2008-12-06 11:25:41
165170|221514|40742|41436|8729|2182|2|4334.00|650.10|2008-12-22 11:27:05
165304|221738|12635|34049|8366|2164|2|3220.00|483.00|2008-12-04 01:36:38
165361|221841|10520|9770|1403|2166|2|3562.00|534.30|2008-12-06 02:52:03
165391|221903|45915|19630|1403|2163|1|1598.00|239.70|2008-12-03 03:24:44
165392|221903|45915|23368|1403|2168|2|3196.00|479.40|2008-12-08 03:25:48
165411|221942|2377|46787|4286|2176|2|2200.00|330.00|2008-12-16 03:57:34
165554|222253|34747|23368|2030|2168|2|1842.00|276.30|2008-12-08 07:01:22
165675|222493|30679|28495|1029|2179|2|3766.00|564.90|2008-12-19 09:19:16
166569|224158|39983|12210|2401|2171|2|4822.00|723.30|2008-12-11 02:09:42
166570|224158|39983|8638|2401|2167|1|2411.00|361.65|2008-12-07 02:12:06
166592|224219|1845|10273|3689|2183|1|2070.00|310.50|2008-12-23 02:38:02
167039|225123|18725|27039|367|2167|2|1698.00|254.70|2008-12-07 11:07:46
167041|225123|18725|27965|367|2168|4|3396.00|509.40|2008-12-08 11:10:55
167254|225564|32951|5291|3175|2180|2|2262.00|339.30|2008-12-20 03:08:26
167444|225938|20574|10355|8024|2182|1|2080.00|312.00|2008-12-22 06:23:59
167457|225978|17082|9810|6996|2183|2|2538.00|380.70|2008-12-23 06:46:35
167480|226023|35776|7901|5418|2167|1|1687.00|253.05|2008-12-07 07:17:43
167592|226222|6784|45494|6000|2175|2|980.00|147.00|2008-12-15 09:20:33
167655|226318|43425|5146|2141|2180|3|4725.00|708.75|2008-12-20 10:38:09
167698|226401|30299|16336|4449|2161|1|1667.00|250.05|2008-12-01 11:37:26
167745|226477|6110|36160|2151|2176|1|838.00|125.70|2008-12-16 12:43:11
167879|226740|28245|20434|4917|2165|1|597.00|89.55|2008-12-05 03:37:18
168022|227004|45350|35186|914|2175|1|2213.00|331.95|2008-12-15 06:08:31
168023|227004|45350|44080|914|2185|2|4426.00|663.90|2008-12-25 06:09:07
168173|227295|11091|35709|4606|2173|1|731.00|109.65|2008-12-13 09:03:12
168174|227295|11091|28302|4606|2164|2|1462.00|219.30|2008-12-04 09:05:41
168175|227295|11091|34261|4606|2172|3|2193.00|328.95|2008-12-12 09:09:05
168288|227507|8106|16996|6991|2169|1|1135.00|170.25|2008-12-09 11:35:07
168328|227605|40384|14694|22|2165|1|1320.00|198.00|2008-12-05 12:29:43
168329|227605|40384|19926|22|2171|2|2640.00|396.00|2008-12-11 12:31:23
168704|228375|36213|31963|4019|2173|2|2740.00|411.00|2008-12-13 08:43:57
168891|228692|25212|9629|2836|2161|2|758.00|113.70|2008-12-01 12:27:21
168892|228692|25212|18882|2836|2172|1|379.00|56.85|2008-12-12 12:28:14
169062|229019|15663|30760|479|2182|1|2183.00|327.45|2008-12-22 04:03:41
169095|229085|42283|25717|3768|2171|1|1637.00|245.55|2008-12-11 04:39:14
169661|230152|24725|39184|1363|2161|1|1790.00|268.50|2008-12-01 03:27:38
170140|231098|571|36732|1287|2169|1|490.00|73.50|2008-12-09 01:01:11
170404|231591|34028|20652|4428|2182|2|3402.00|510.30|2008-12-22 01:10:31
170610|231997|16929|24034|1936|2168|1|1158.00|173.70|2008-12-08 01:18:16
170630|232045|48636|44018|3909|2189|2|2994.00|449.10|2008-12-29 01:18:51
170631|232045|48636|26862|3909|2169|1|1497.00|224.55|2008-12-09 01:18:55
170746|232249|6648|42239|1893|2165|3|7110.00|1066.50|2008-12-05 01:23:49
170871|232498|12534|32778|4063|2168|1|867.00|130.05|2008-12-08 01:28:22
171374|233484|1987|20574|1029|2178|1|1429.00|214.35|2008-12-18 01:46:53
172138|234845|32876|21616|2739|2165|1|2201.00|330.15|2008-12-05 02:15:04
