35|34|38609|29418|1468|2168|4|852.00|127.80|2008-12-08 05:12:22
210|226|6662|6634|8372|2166|2|294.00|44.10|2008-12-06 03:13:23
211|226|6662|14163|8372|2175|1|147.00|22.05|2008-12-15 03:23:52
841|854|40696|15480|3222|2165|2|464.00|69.60|2008-12-05 06:48:01
1037|1050|5117|2123|2960|2170|2|58.00|8.70|2008-12-10 12:32:55
1892|2027|3641|1964|7887|2163|1|158.00|23.70|2008-12-03 11:51:51
2521|2695|19357|37014|2667|2176|1|230.00|34.50|2008-12-16 10:43:54
2617|2804|8435|1092|968|2166|2|306.00|45.90|2008-12-06 02:31:32
3032|3231|22212|28949|2435|2161|3|354.00|53.10|2008-12-01 10:22:15
3384|3668|16088|17985|5728|2166|1|42.00|6.30|2008-12-06 02:03:13
3454|3733|41743|1783|8487|2181|1|75.00|11.25|2008-12-21 05:12:15
3532|3810|36154|12825|3215|2162|2|488.00|73.20|2008-12-02 08:27:45
3759|4059|44179|3528|6331|2171|1|212.00|31.80|2008-12-11 05:49:34
3792|4082|10193|28924|914|2186|1|201.00|30.15|2008-12-26 07:05:27
3897|4195|17531|7134|3484|2170|2|146.00|21.90|2008-12-10 11:08:34
3991|4289|44358|8781|2151|2165|4|504.00|75.60|2008-12-05 02:34:34
4467|4807|1787|42298|4660|2175|2|322.00|48.30|2008-12-15 09:46:48
4946|5300|17164|22200|2836|2165|1|175.00|26.25|2008-12-05 03:16:21
4947|5300|17164|28141|2836|2172|2|350.00|52.50|2008-12-12 03:22:13
5024|5389|24793|26546|2308|2187|1|77.00|11.55|2008-12-27 05:59:37
5059|5422|30772|16394|865|2163|4|884.00|132.60|2008-12-03 07:01:35
5181|5563|24516|10991|3909|2188|1|49.00|7.35|2008-12-28 11:09:59
5247|5651|13537|20045|5481|2183|1|83.00|12.45|2008-12-23 01:24:48
5248|5651|13537|2212|5481|2161|2|166.00|24.90|2008-12-01 01:25:06
5406|5833|10024|29737|6359|2171|2|158.00|23.70|2008-12-11 07:01:23
5407|5833|10024|27965|6359|2169|3|237.00|35.55|2008-12-09 07:02:44
5542|5992|49784|19692|5155|2168|1|27.00|4.05|2008-12-08 11:27:40
5735|6213|24716|26336|8606|2165|1|58.00|8.70|2008-12-05 06:10:54
5737|6213|24716|23478|8606|2162|4|232.00|34.80|2008-12-02 06:13:42
5959|6482|28710|40582|1009|2167|2|128.00|19.20|2008-12-07 01:34:21
6222|6753|48679|41422|4489|2172|1|168.00|25.20|2008-12-12 10:43:10
6223|6753|48679|33488|4489|2163|2|336.00|50.40|2008-12-03 10:43:36
6308|6851|25956|33620|2185|2170|1|208.00|31.20|2008-12-10 01:43:44
6309|6851|25956|36825|2185|2174|3|624.00|93.60|2008-12-14 01:46:27
6541|7121|14004|14550|2739|2161|1|138.00|20.70|2008-12-01 09:20:26
6954|7551|47256|34331|7840|2167|4|172.00|25.80|2008-12-07 11:59:00
7136|7736|22362|9061|6430|2164|2|472.00|70.80|2008-12-04 05:13:51
7432|8071|32559|34677|2062|2166|1|233.00|34.95|2008-12-06 02:17:24
7920|8529|44663|1|4256|2183|2|430.00|64.50|2008-12-23 05:13:22
7962|8571|17945|13573|3411|2168|2|416.00|62.40|2008-12-08 06:33:02
8242|8857|47683|1036|2358|2162|1|213.00|31.95|2008-12-02 03:07:49
8409|9032|36202|7223|2079|2164|1|62.00|9.30|2008-12-04 07:15:43
8436|9068|44624|48404|6630|2166|4|152.00|22.80|2008-12-06 08:03:33
8890|9603|32481|25564|4443|2181|1|208.00|31.20|2008-12-21 08:36:16
8891|9603|32481|12297|4443|2165|2|416.00|62.40|2008-12-05 08:36:25
8974|9688|13316|42214|1261|2184|1|56.00|8.40|2008-12-24 10:37:34
9522|10324|7981|14241|2671|2175|3|132.00|19.80|2008-12-15 01:10:26
9710|10517|12273|27559|4009|2169|1|48.00|7.20|2008-12-09 06:12:55
9712|10517|12273|27895|4009|2169|2|96.00|14.40|2008-12-09 06:16:04
9830|10680|43783|3169|8475|2178|1|141.00|21.15|2008-12-18 08:49:07
9897|10759|40573|14291|4143|2177|2|194.00|29.10|2008-12-17 10:28:00
10093|10996|32817|42322|4315|2181|1|184.00|27.60|2008-12-21 02:37:21
10424|11355|46348|44626|1032|2163|1|149.00|22.35|2008-12-03 11:17:43
10676|11586|25547|25861|4286|2175|1|139.00|20.85|2008-12-15 05:50:06
10692|11613|41419|21892|2648|2171|1|222.00|33.30|2008-12-11 06:31:12
10716|11643|33787|14291|6146|2167|2|486.00|72.90|2008-12-07 07:24:38
10795|11725|7424|42964|2929|2181|1|238.00|35.70|2008-12-21 08:56:04
11019|11947|31958|5121|8410|2161|1|200.00|30.00|2008-12-01 03:37:05
11109|12055|24017|14054|5145|2187|4|224.00|33.60|2008-12-27 05:38:30
11190|12144|12334|26794|69|2163|4|252.00|37.80|2008-12-03 07:33:05
11225|12168|38552|35532|4746|2164|1|221.00|33.15|2008-12-04 08:37:03
11255|12190|22297|18944|4807|2173|1|24.00|3.60|2008-12-13 09:28:50
11434|12383|9838|19346|5528|2184|1|85.00|12.75|2008-12-24 01:42:42
11953|12930|14066|32085|6493|2176|2|356.00|53.40|2008-12-16 01:55:34
11954|12930|14066|34972|6493|2179|1|178.00|26.70|2008-12-19 01:56:20
12190|13175|20500|31466|473|2166|1|140.00|21.00|2008-12-06 07:22:43
12250|13232|41508|1600|1009|2172|1|22.00|3.30|2008-12-12 08:44:38
12467|13471|3856|14040|624|2161|1|85.00|12.75|2008-12-01 01:46:42
12468|13472|202|20935|2929|2181|1|143.00|21.45|2008-12-21 01:47:05
12715|13732|17254|11576|1451|2162|2|200.00|30.00|2008-12-02 07:30:04
12716|13732|17254|32333|1451|2187|3|300.00|45.00|2008-12-27 07:30:39
12959|13962|46386|25162|5061|2161|2|304.00|45.60|2008-12-01 01:04:25
13199|14263|9095|45413|989|2187|4|144.00|21.60|2008-12-27 06:07:48
13472|14577|37804|1364|6401|2162|1|23.00|3.45|2008-12-02 12:31:44
13506|14619|4811|32887|7602|2169|4|116.00|17.40|2008-12-09 01:25:44
13509|14624|49067|2701|6178|2167|2|300.00|45.00|2008-12-07 01:30:55
13574|14715|29918|35822|5728|2173|2|154.00|23.10|2008-12-13 03:03:15
13575|14715|29918|40222|5728|2179|1|77.00|11.55|2008-12-19 03:04:38
13818|14951|23157|24136|830|2169|1|35.00|5.25|2008-12-09 08:03:33
14147|15289|7407|6661|4606|2189|4|556.00|83.40|2008-12-29 02:49:06
14375|15541|26210|20152|1876|2169|4|224.00|33.60|2008-12-09 08:18:32
14510|15678|25169|24585|3395|2161|2|480.00|72.00|2008-12-01 11:17:38
14631|15818|35591|27114|1387|2164|2|230.00|34.50|2008-12-04 01:56:36
14632|15818|35591|25318|1387|2162|1|115.00|17.25|2008-12-02 01:57:11
15100|16342|6888|34600|1767|2163|2|216.00|32.40|2008-12-03 12:12:00
15121|16356|8058|12185|8533|2174|1|57.00|8.55|2008-12-14 12:47:33
15361|16628|39747|25362|3372|2181|4|180.00|27.00|2008-12-21 05:58:18
15622|16900|42840|33493|8147|2176|2|64.00|9.60|2008-12-16 11:18:23
15623|16900|42840|28854|8147|2170|1|32.00|4.80|2008-12-10 11:19:19
15628|16911|10835|16592|2947|2187|1|121.00|18.15|2008-12-27 11:24:47
15716|16994|14537|14452|5251|2162|4|544.00|81.60|2008-12-02 01:18:29
15792|17068|32963|31805|3689|2170|2|436.00|65.40|2008-12-10 02:49:12
15798|17075|46855|25699|1561|2168|1|193.00|28.95|2008-12-08 02:53:53
16002|17286|36680|40742|3859|2167|4|116.00|17.40|2008-12-07 07:20:27
16003|17286|36680|35121|3859|2161|2|58.00|8.70|2008-12-01 07:21:10
16015|17299|43402|1381|2667|2163|4|336.00|50.40|2008-12-03 07:41:56
16451|17797|35735|37761|2696|2173|1|72.00|10.80|2008-12-13 04:49:31
16534|17884|565|7001|8168|2182|2|494.00|74.10|2008-12-22 06:32:58
16535|17884|565|12082|8168|2188|3|741.00|111.15|2008-12-28 06:35:51
16688|18033|45960|40231|7192|2189|4|204.00|30.60|2008-12-29 09:34:25
16689|18033|45960|30480|7192|2177|1|51.00|7.65|2008-12-17 09:34:49
16739|18102|49215|19202|3216|2164|2|216.00|32.40|2008-12-04 10:37:25
17550|19042|17348|27536|3941|2185|4|932.00|139.80|2008-12-25 02:52:23
17551|19042|17348|11721|3941|2166|2|466.00|69.90|2008-12-06 02:53:42
18277|19795|9632|32389|6857|2179|4|972.00|145.80|2008-12-19 05:00:37
18425|19953|37709|28174|1265|2162|2|82.00|12.30|2008-12-02 07:39:48
18428|19961|42195|2974|1445|2166|1|186.00|27.90|2008-12-06 07:44:36
18498|20055|6592|9933|1287|2170|2|142.00|21.30|2008-12-10 09:15:20
18499|20055|6592|14364|1287|2176|4|284.00|42.60|2008-12-16 09:17:26
18764|20337|24824|36168|2141|2189|1|134.00|20.10|2008-12-29 02:04:09
19135|20704|15486|9759|6967|2180|4|292.00|43.80|2008-12-20 09:03:58
19136|20704|15486|5380|6967|2175|1|73.00|10.95|2008-12-15 09:04:56
19149|20713|44825|32163|1432|2163|1|130.00|19.50|2008-12-03 09:18:57
19370|20971|29071|9225|914|2173|2|82.00|12.30|2008-12-13 01:34:37
19371|20971|29071|15403|914|2180|3|123.00|18.45|2008-12-20 01:36:35
19775|21408|17269|32539|5348|2169|1|77.00|11.55|2008-12-09 09:15:46
20166|21832|1013|27113|4439|2161|4|1000.00|150.00|2008-12-01 04:42:56
20617|22395|32832|13224|4606|2186|1|217.00|32.55|2008-12-26 12:55:58
20650|22434|8147|14369|3320|2167|4|544.00|81.60|2008-12-07 01:31:42
20717|22517|9227|39387|7599|2161|1|31.00|4.65|2008-12-01 03:00:35
20731|22538|30431|28917|5241|2168|1|160.00|24.00|2008-12-08 03:14:29
20897|22717|15992|15536|4675|2175|1|24.00|3.60|2008-12-15 05:59:59
20898|22717|15992|18713|4675|2179|2|48.00|7.20|2008-12-19 06:00:08
20957|22794|42245|20809|6057|2161|1|73.00|10.95|2008-12-01 07:01:39
20958|22794|42245|30862|6057|2174|2|146.00|21.90|2008-12-14 07:02:49
21168|23062|5335|14098|74|2181|3|423.00|63.45|2008-12-21 11:20:28
21282|23212|10940|2204|865|2171|2|258.00|38.70|2008-12-11 01:32:03
21283|23212|10940|6381|865|2176|3|387.00|58.05|2008-12-16 01:33:51
21499|23427|29755|21753|5638|2166|1|158.00|23.70|2008-12-06 05:53:12
21621|23540|23125|41197|6023|2175|1|135.00|20.25|2008-12-15 07:55:01
21622|23540|23125|33597|6023|2166|2|270.00|40.50|2008-12-06 07:55:03
21833|23750|5755|25640|899|2170|4|956.00|143.40|2008-12-10 11:51:12
21834|23750|5755|32233|899|2178|1|239.00|35.85|2008-12-18 11:52:28
21967|23870|31963|25859|3215|2162|2|384.00|57.60|2008-12-02 02:29:36
22253|24145|42230|22645|3563|2164|2|314.00|47.10|2008-12-04 07:57:38
22292|24189|38245|22979|4954|2176|2|380.00|57.00|2008-12-16 08:45:32
22293|24189|38245|16838|4954|2169|6|1140.00|171.00|2008-12-09 08:49:02
22528|24458|47346|35546|3372|2181|1|102.00|15.30|2008-12-21 12:29:20
22529|24458|47346|34715|3372|2180|2|204.00|30.60|2008-12-20 12:30:19
22649|24604|16975|14575|7670|2177|1|143.00|21.45|2008-12-17 02:46:19
22918|24926|25792|15297|1009|2164|1|50.00|7.50|2008-12-04 07:51:22
23370|25508|16231|31370|2401|2174|2|198.00|29.70|2008-12-14 04:15:55
23371|25508|16231|24076|2401|2165|4|396.00|59.40|2008-12-05 04:16:12
23789|26028|47000|30360|8487|2180|2|444.00|66.60|2008-12-20 11:34:59
23790|26028|47000|22991|8487|2171|1|222.00|33.30|2008-12-11 11:35:33
23922|26163|30730|32082|6176|2174|2|494.00|74.10|2008-12-14 02:15:01
24119|26404|3403|9455|189|2189|1|232.00|34.80|2008-12-29 05:49:29
24426|26753|21922|17876|5578|2186|2|76.00|11.40|2008-12-26 11:54:59
24681|27060|9564|22381|8676|2164|4|572.00|85.80|2008-12-04 04:50:00
24683|27060|9564|24603|8676|2167|2|286.00|42.90|2008-12-07 04:52:18
24855|27235|7423|16286|3131|2181|2|372.00|55.80|2008-12-21 07:53:17
24856|27235|7423|19628|3131|2185|1|186.00|27.90|2008-12-25 07:53:29
24966|27337|34189|19613|2290|2163|1|118.00|17.70|2008-12-03 09:47:52
25022|27415|12028|8844|925|2174|4|936.00|140.40|2008-12-14 10:56:33
25054|27440|47327|3748|3177|2168|2|48.00|7.20|2008-12-08 11:36:49
25055|27440|47327|1244|3177|2165|1|24.00|3.60|2008-12-05 11:37:09
25474|27886|44198|39483|3253|2180|2|308.00|46.20|2008-12-20 07:48:13
25581|27991|43555|33882|4479|2164|4|376.00|56.40|2008-12-04 09:57:28
25819|28252|30308|16671|1284|2162|1|190.00|28.50|2008-12-02 03:03:05
25820|28252|30308|15865|1284|2161|3|570.00|85.50|2008-12-01 03:04:05
25821|28252|30308|31394|1284|2179|2|380.00|57.00|2008-12-19 03:04:39
25868|28306|13763|14233|2545|2162|5|235.00|35.25|2008-12-02 03:48:12
26059|28480|10980|4785|6562|2162|1|186.00|27.90|2008-12-02 07:18:09
26196|28605|33153|33090|2739|2164|4|432.00|64.80|2008-12-04 10:11:45
26208|28616|11058|10359|2272|2171|5|910.00|136.50|2008-12-11 10:26:47
26612|29041|16142|26653|5316|2163|2|152.00|22.80|2008-12-03 06:40:56
26861|29279|11311|6153|245|2176|1|206.00|30.90|2008-12-16 11:29:48
26863|29284|6051|22777|3043|2167|1|27.00|4.05|2008-12-07 11:30:09
26925|29348|26801|41470|5145|2183|1|228.00|34.20|2008-12-23 12:54:02
27214|29682|22394|35758|6704|2175|1|216.00|32.40|2008-12-15 06:11:04
27263|29736|26733|37836|3748|2161|3|687.00|103.05|2008-12-01 07:10:34
27424|29907|36950|17148|860|2171|2|76.00|11.40|2008-12-11 09:53:00
27625|30136|31933|39129|2442|2184|1|204.00|30.60|2008-12-24 01:59:50
27902|30445|38240|3512|264|2181|1|104.00|15.60|2008-12-21 07:02:51
27914|30455|23282|31196|8049|2168|1|135.00|20.25|2008-12-08 07:23:45
28079|30644|43208|27112|2747|2174|2|450.00|67.50|2008-12-14 10:38:52
28112|30674|41643|10244|7104|2164|2|442.00|66.30|2008-12-04 11:29:09
28248|30819|36463|3558|8305|2166|1|119.00|17.85|2008-12-06 02:03:40
28355|30955|46416|25392|4143|2173|2|474.00|71.10|2008-12-13 03:38:52
28457|31063|6686|9157|1249|2173|1|56.00|8.40|2008-12-13 05:28:37
28545|31187|48490|17168|2270|2170|2|486.00|72.90|2008-12-10 07:13:45
28701|31391|1919|3364|2696|2181|1|224.00|33.60|2008-12-21 10:26:34
28786|31487|30207|23689|8059|2169|2|144.00|21.60|2008-12-09 12:13:38
28829|31532|49137|8048|3859|2161|3|147.00|22.05|2008-12-01 12:57:30
28853|31561|31531|23063|87|2172|1|166.00|24.90|2008-12-12 01:26:24
28950|31686|3934|21074|2158|2189|4|716.00|107.40|2008-12-29 03:15:35
28951|31686|3934|11035|2158|2177|1|179.00|26.85|2008-12-17 03:15:43
29046|31808|4017|10939|5061|2163|2|448.00|67.20|2008-12-03 05:03:02
29047|31808|4017|20385|5061|2174|1|224.00|33.60|2008-12-14 05:03:32
29048|31808|4017|11925|5061|2164|4|896.00|134.40|2008-12-04 05:04:10
29320|32109|28235|38478|5916|2177|1|224.00|33.60|2008-12-17 10:23:46
29321|32109|28235|49754|5916|2190|2|448.00|67.20|2008-12-30 10:23:47
29365|32174|15391|32130|7622|2161|2|228.00|34.20|2008-12-01 11:03:07
29392|32214|11551|10553|4286|2170|2|192.00|28.80|2008-12-10 11:35:33
29434|32263|29728|2192|6976|2169|1|126.00|18.90|2008-12-09 12:29:10
29536|32380|31723|18348|6069|2163|2|570.00|85.50|2008-12-03 02:48:16
30133|33036|3569|41575|2619|2161|1|236.00|35.40|2008-12-01 01:50:18
30346|33307|4937|40791|3216|2178|1|81.00|12.15|2008-12-18 05:37:54
30347|33307|4937|29842|3216|2165|4|324.00|48.60|2008-12-05 05:39:08
30458|33451|45369|40745|5187|2162|3|885.00|132.75|2008-12-02 07:39:38
30737|33810|36137|37050|5776|2163|2|564.00|84.60|2008-12-03 01:17:22
30803|33908|44726|896|7274|2170|2|582.00|87.30|2008-12-10 02:18:49
30804|33908|44726|13327|7274|2184|1|291.00|43.65|2008-12-24 02:18:57
30874|34008|31194|32248|2671|2178|2|182.00|27.30|2008-12-18 03:29:29
30941|34073|38810|16092|83|2164|1|191.00|28.65|2008-12-04 04:51:49
30942|34073|38810|14919|83|2162|2|382.00|57.30|2008-12-02 04:52:07
30984|34112|26136|315|4485|2175|1|292.00|43.80|2008-12-15 05:36:11
31045|34177|30874|22503|6957|2189|2|598.00|89.70|2008-12-29 06:45:20
31046|34177|30874|14966|6957|2179|1|299.00|44.85|2008-12-19 06:46:36
31143|34301|18133|9234|4485|2175|2|630.00|94.50|2008-12-15 08:30:18
31144|34301|18133|7162|4485|2172|3|945.00|141.75|2008-12-12 08:30:44
31411|34640|27713|14967|2793|2182|2|202.00|30.30|2008-12-22 01:54:12
31415|34646|11076|24282|816|2171|2|320.00|48.00|2008-12-11 01:56:55
31439|34677|35910|34084|4660|2173|4|248.00|37.20|2008-12-13 02:19:59
32129|35527|24210|13350|6979|2181|2|234.00|35.10|2008-12-21 03:06:56
32720|36159|35386|13057|142|2179|1|331.00|49.65|2008-12-19 02:27:57
33210|36683|32457|6804|575|2163|1|295.00|44.25|2008-12-03 12:03:21
33231|36707|8625|21328|4056|2168|2|172.00|25.80|2008-12-08 12:24:02
33232|36707|8625|24726|4056|2172|1|86.00|12.90|2008-12-12 12:25:04
33372|36873|21153|30484|4606|2181|2|188.00|28.20|2008-12-21 03:05:39
33373|36873|21153|28184|4606|2178|1|94.00|14.10|2008-12-18 03:06:31
33634|37182|48769|2842|4323|2167|2|114.00|17.10|2008-12-07 07:56:21
34375|38049|47493|22669|8168|2174|1|214.00|32.10|2008-12-14 08:44:33
34635|38365|30539|19556|32|2165|2|58.00|8.70|2008-12-05 02:13:30
34939|38733|9682|5431|5885|2181|1|114.00|17.10|2008-12-21 08:02:43
35019|38814|32393|28594|6924|2167|2|482.00|72.30|2008-12-07 09:22:04
35083|38893|30409|12810|304|2167|1|28.00|4.20|2008-12-07 10:35:58
35084|38893|30409|24712|304|2181|4|112.00|16.80|2008-12-21 10:36:11
35085|38893|30409|28150|304|2185|2|56.00|8.40|2008-12-25 10:36:17
35130|38954|22759|307|4847|2167|1|111.00|16.65|2008-12-07 11:26:14
35522|39453|45286|28725|6340|2176|2|148.00|22.20|2008-12-16 07:06:30
35667|39632|32178|41295|860|2172|1|313.00|46.95|2008-12-12 10:04:19
35796|39783|32831|1693|2007|2161|2|48.00|7.20|2008-12-01 12:54:48
35973|40035|38519|37034|5694|2185|3|114.00|17.10|2008-12-25 04:13:30
36584|40705|12543|3759|1453|2165|1|80.00|12.00|2008-12-05 04:17:16
36740|40882|10206|7484|5699|2166|2|166.00|24.90|2008-12-06 07:25:39
37007|41208|8773|4713|7989|2164|1|303.00|45.45|2008-12-04 01:08:31
37067|41287|47087|49172|6562|2171|4|272.00|40.80|2008-12-11 02:21:53
37079|41297|26748|33507|5550|2177|2|228.00|34.20|2008-12-17 02:36:29
37080|41297|26748|41017|5550|2186|4|456.00|68.40|2008-12-26 02:37:11
37345|41592|15177|21590|8354|2177|1|32.00|4.80|2008-12-17 07:34:39
37346|41592|15177|12083|8354|2166|4|128.00|19.20|2008-12-06 07:35:04
37386|41662|42922|676|349|2181|1|144.00|21.60|2008-12-21 08:13:54
37465|41741|877|46142|1817|2179|1|293.00|43.95|2008-12-19 09:35:27
37616|41902|17393|38855|7195|2176|2|374.00|56.10|2008-12-16 12:36:35
38163|42545|45182|24190|6057|2167|4|388.00|58.20|2008-12-07 11:32:45
38164|42545|45182|19954|6057|2161|2|194.00|29.10|2008-12-01 11:33:02
38232|42617|30258|25344|830|2170|1|246.00|36.90|2008-12-10 01:11:37
38236|42623|14733|9751|5348|2168|1|79.00|11.85|2008-12-08 01:18:22
38237|42623|14733|6028|5348|2164|2|158.00|23.70|2008-12-04 01:22:35
38250|42635|4577|30062|8147|2185|1|22.00|3.30|2008-12-25 01:43:27
38640|43084|4022|30361|7788|2172|2|438.00|65.70|2008-12-12 09:01:27
38641|43084|4022|25142|7788|2166|1|219.00|32.85|2008-12-06 09:01:47
39033|43505|41160|11546|2939|2189|1|241.00|36.15|2008-12-29 04:53:43
39034|43505|41160|9140|2939|2186|2|482.00|72.30|2008-12-26 04:54:12
39315|43869|31595|29904|4847|2166|4|1196.00|179.40|2008-12-06 10:51:25
39317|43869|31595|39004|4847|2177|1|299.00|44.85|2008-12-17 10:53:17
39839|44490|18489|13688|4086|2176|3|159.00|23.85|2008-12-16 08:15:58
40056|44767|23213|40654|2270|2174|5|400.00|60.00|2008-12-14 12:54:18
40057|44767|23213|38039|2270|2171|3|240.00|36.00|2008-12-11 12:55:35
40058|44767|23213|38416|2270|2172|2|160.00|24.00|2008-12-12 12:56:02
40145|44842|40355|37034|6204|2161|3|309.00|46.35|2008-12-01 02:43:28
40369|45162|15134|16292|6069|2178|2|544.00|81.60|2008-12-18 06:41:58
40620|45438|6761|16717|3576|2171|1|254.00|38.10|2008-12-11 11:29:03
40624|45442|28100|39598|5569|2177|2|630.00|94.50|2008-12-17 11:29:49
40625|45442|28100|31666|5569|2168|3|945.00|141.75|2008-12-08 11:30:51
40722|45547|39004|42257|5506|2164|3|489.00|73.35|2008-12-04 01:14:51
41439|46424|23901|34733|8729|2172|2|258.00|38.70|2008-12-12 02:14:36
41440|46424|23901|25525|8729|2161|1|129.00|19.35|2008-12-01 02:16:28
41441|46424|23901|31170|8729|2168|4|516.00|77.40|2008-12-08 02:17:12
41638|46668|30966|10888|4428|2173|2|644.00|96.60|2008-12-13 06:01:57
41967|47032|40011|1578|5744|2162|2|76.00|11.40|2008-12-02 12:03:49
42153|47221|27661|30496|1936|2166|2|204.00|30.60|2008-12-06 03:12:27
42484|47640|7862|27095|857|2164|1|46.00|6.90|2008-12-04 09:42:51
42637|47817|20474|14857|3424|2169|4|464.00|69.60|2008-12-09 12:45:52
42638|47817|20474|12281|3424|2166|2|232.00|34.80|2008-12-06 12:47:30
42808|48049|46275|42752|4146|2172|1|346.00|51.90|2008-12-12 04:03:14
43263|48599|47331|26981|8754|2186|2|72.00|10.80|2008-12-26 12:08:16
43624|49041|48903|2787|4146|2162|2|306.00|45.90|2008-12-02 07:10:42
43973|49431|18689|48179|5478|2184|4|1288.00|193.20|2008-12-24 01:35:37
43974|49431|18689|34131|5478|2167|2|644.00|96.60|2008-12-07 01:37:58
44033|49516|42131|32958|2062|2171|4|1316.00|197.40|2008-12-11 02:41:49
44034|49516|42131|30681|2062|2168|2|658.00|98.70|2008-12-08 02:42:52
44035|49516|42131|34819|2062|2173|1|329.00|49.35|2008-12-13 02:44:05
44282|49782|41993|1317|6023|2175|3|975.00|146.25|2008-12-15 07:22:37
44586|50140|35211|5208|5277|2185|2|624.00|93.60|2008-12-25 12:51:56
44883|50479|37952|40664|6704|2173|4|1088.00|163.20|2008-12-13 06:43:52
44924|50527|48964|1106|3253|2176|1|303.00|45.45|2008-12-16 07:29:39
45128|50765|43222|8474|5316|2167|1|126.00|18.90|2008-12-07 11:31:28
45135|50786|21806|21067|6057|2179|2|444.00|66.60|2008-12-19 11:41:50
45210|50886|33522|33352|7504|2171|2|332.00|49.80|2008-12-11 01:02:37
45256|50937|31938|43063|7824|2167|2|564.00|84.60|2008-12-07 01:47:58
45258|50937|31938|46912|7824|2172|1|282.00|42.30|2008-12-12 01:49:11
45574|51288|6345|9428|5638|2174|1|57.00|8.55|2008-12-14 07:56:11
45613|51342|15905|12939|5145|2167|2|600.00|90.00|2008-12-07 08:42:48
45712|51449|6593|3682|5531|2174|2|388.00|58.20|2008-12-14 10:38:40
45720|51462|32586|22418|7670|2180|4|884.00|132.60|2008-12-20 10:53:40
45721|51462|32586|20191|7670|2178|1|221.00|33.15|2008-12-18 10:54:04
45934|51706|586|26573|264|2169|1|51.00|7.65|2008-12-09 02:44:21
45935|51706|586|26268|264|2169|2|102.00|15.30|2008-12-09 02:45:00
45960|51729|28285|9665|2170|2167|3|189.00|28.35|2008-12-07 03:10:58
45961|51729|28285|9076|2170|2166|2|126.00|18.90|2008-12-06 03:12:17
45962|51729|28285|12232|2170|2170|1|63.00|9.45|2008-12-10 03:12:52
46253|52064|31808|22563|6403|2181|1|188.00|28.20|2008-12-21 09:19:50
46254|52064|31808|29345|6403|2189|2|376.00|56.40|2008-12-29 09:26:47
46255|52064|31808|23785|6403|2182|4|752.00|112.80|2008-12-22 09:27:09
46498|52352|34779|1391|7452|2166|2|208.00|31.20|2008-12-06 02:23:12
47184|53202|40787|23474|3484|2169|2|674.00|101.10|2008-12-09 03:42:46
47288|53328|44464|19220|7344|2186|1|172.00|25.80|2008-12-26 05:41:59
47289|53328|44464|22483|7344|2189|8|1376.00|206.40|2008-12-29 05:43:43
47337|53391|35996|20571|3411|2163|1|256.00|38.40|2008-12-03 06:33:55
47361|53411|19972|5116|4056|2163|2|402.00|60.30|2008-12-03 07:05:03
47395|53454|44551|28331|3681|2181|1|133.00|19.95|2008-12-21 07:33:10
47612|53731|5466|35612|6535|2169|2|244.00|36.60|2008-12-09 11:33:47
47627|53745|4568|1955|5513|2165|4|1224.00|183.60|2008-12-05 11:54:34
47669|53809|7735|22748|6562|2162|1|329.00|49.35|2008-12-02 12:40:08
47753|53921|42807|44136|807|2184|4|1184.00|177.60|2008-12-24 02:33:38
47993|54204|47924|46130|272|2170|2|364.00|54.60|2008-12-10 06:59:02
48747|55063|18722|2580|4400|2182|1|253.00|37.95|2008-12-22 09:59:00
48972|55319|4177|23725|2958|2164|1|213.00|31.95|2008-12-04 01:54:07
48978|55326|18944|16845|2170|2165|1|349.00|52.35|2008-12-05 02:02:36
49000|55358|34789|5822|969|2171|1|122.00|18.30|2008-12-11 02:38:44
49155|55528|26850|3564|190|2167|4|1072.00|160.80|2008-12-07 05:22:42
49791|56204|9985|4454|5630|2170|1|97.00|14.55|2008-12-10 06:08:39
49975|56431|37139|36062|2272|2173|1|112.00|16.80|2008-12-13 09:24:44
50307|56778|46751|9363|2158|2162|2|504.00|75.60|2008-12-02 03:38:55
50308|56778|46751|12410|2158|2165|3|756.00|113.40|2008-12-05 03:41:41
50684|57203|6712|20593|7602|2169|2|94.00|14.10|2008-12-09 10:20:37
50764|57279|28031|19746|3331|2177|1|276.00|41.40|2008-12-17 11:59:13
50856|57372|38825|6758|6911|2167|1|197.00|29.55|2008-12-07 01:35:29
50857|57372|38825|15459|6911|2177|2|394.00|59.10|2008-12-17 01:36:36
50920|57443|4318|44970|2873|2167|1|164.00|24.60|2008-12-07 02:41:48
51991|58672|2186|13475|7604|2164|1|87.00|13.05|2008-12-04 11:03:21
51993|58674|16553|32362|3169|2185|1|428.00|64.20|2008-12-25 11:06:45
52481|59219|23457|31391|5728|2179|1|205.00|30.75|2008-12-19 08:44:35
52507|59250|16617|6868|816|2164|2|78.00|11.70|2008-12-04 09:15:36
52608|59371|6799|36377|2104|2161|1|73.00|10.95|2008-12-01 10:55:34
52636|59417|39155|20472|104|2182|2|346.00|51.90|2008-12-22 11:32:00
52677|59462|47288|2434|5877|2162|2|444.00|66.60|2008-12-02 12:16:37
52678|59462|47288|17688|5877|2181|4|888.00|133.20|2008-12-21 12:16:57
52724|59505|27554|3297|7354|2161|2|44.00|6.60|2008-12-01 12:59:34
52850|59646|6011|2206|231|2172|2|614.00|92.10|2008-12-12 03:34:38
53362|60194|2598|16987|5730|2185|2|946.00|141.90|2008-12-25 01:32:24
53515|60351|48498|328|3097|2174|1|237.00|35.55|2008-12-14 04:40:16
53529|60369|25627|7985|2867|2180|2|614.00|92.10|2008-12-20 04:56:56
53530|60369|25627|3234|2867|2174|1|307.00|46.05|2008-12-14 04:57:42
53675|60553|10192|19043|5506|2168|1|86.00|12.90|2008-12-08 07:27:57
53978|60911|12309|28880|5481|2178|2|580.00|87.00|2008-12-18 01:03:35
54304|61256|7471|6883|4984|2161|1|338.00|50.70|2008-12-01 07:02:01
54389|61337|37674|588|6509|2161|1|140.00|21.00|2008-12-01 08:44:43
54390|61337|37674|5671|6509|2167|4|560.00|84.00|2008-12-07 08:44:46
54659|61594|21805|15555|4363|2171|2|526.00|78.90|2008-12-11 02:29:31
54702|61636|3059|25367|3566|2179|1|395.00|59.25|2008-12-19 03:26:02
54938|61926|10667|39176|6995|2168|4|1472.00|220.80|2008-12-08 07:42:27
55150|62172|30030|22529|2960|2173|1|169.00|25.35|2008-12-13 12:09:19
55151|62172|30030|18501|2960|2168|2|338.00|50.70|2008-12-08 12:12:30
55158|62188|9228|979|3609|2164|4|1904.00|285.60|2008-12-04 12:25:48
55159|62188|9228|8054|3609|2172|2|952.00|142.80|2008-12-12 12:27:25
55319|62419|28813|44426|376|2163|2|362.00|54.30|2008-12-03 04:01:09
55402|62509|34074|3945|5301|2185|2|982.00|147.30|2008-12-25 06:02:31
55778|62928|11028|27841|2431|2167|2|244.00|36.60|2008-12-07 01:36:29
55779|62928|11028|35654|2431|2176|1|122.00|18.30|2008-12-16 01:41:49
55875|63031|29383|36147|1390|2161|1|66.00|9.90|2008-12-01 03:36:40
55930|63091|14443|42258|2873|2167|1|83.00|12.45|2008-12-07 04:40:56
56009|63180|35537|39568|6204|2161|1|166.00|24.90|2008-12-01 06:31:30
56014|63184|47051|36782|2308|2189|1|57.00|8.55|2008-12-29 06:34:36
56379|63653|19794|967|1499|2167|1|258.00|38.70|2008-12-07 01:33:00
56380|63653|19794|7232|1499|2174|4|1032.00|154.80|2008-12-14 01:33:09
56428|63734|30433|26154|1521|2182|2|922.00|138.30|2008-12-22 02:11:51
56429|63734|30433|23238|1521|2178|1|461.00|69.15|2008-12-18 02:12:27
56549|63881|32385|34761|1249|2170|1|171.00|25.65|2008-12-10 04:39:59
56787|64170|19738|26253|6957|2164|1|97.00|14.55|2008-12-04 09:21:00
56939|64363|6921|28186|3356|2165|2|610.00|91.50|2008-12-05 12:44:11
57344|64858|48336|30454|3352|2174|2|374.00|56.10|2008-12-14 01:14:19
57456|64984|31281|41700|3305|2183|2|386.00|57.90|2008-12-23 01:18:34
57457|64984|31281|37121|3305|2177|3|579.00|86.85|2008-12-17 01:18:45
57759|65391|37122|32648|6161|2180|4|1332.00|199.80|2008-12-20 01:30:17
57761|65391|37122|24121|6161|2169|2|666.00|99.90|2008-12-09 01:30:20
58524|66271|38681|30360|5553|2189|2|58.00|8.70|2008-12-29 01:58:44
58526|66271|38681|28406|5553|2187|4|116.00|17.40|2008-12-27 01:58:47
58613|66349|13859|35747|8506|2182|2|836.00|125.40|2008-12-22 02:02:29
58704|66445|13779|47971|4954|2187|1|387.00|58.05|2008-12-27 02:05:33
58760|66498|38133|15131|5181|2165|4|1776.00|266.40|2008-12-05 02:07:36
58915|66661|1077|35694|3484|2181|4|160.00|24.00|2008-12-21 02:13:16
58921|66666|33563|33301|7768|2174|4|1844.00|276.60|2008-12-14 02:13:34
58922|66666|33563|29582|7768|2170|1|461.00|69.15|2008-12-10 02:13:36
58939|66693|830|28650|3873|2176|3|1476.00|221.40|2008-12-16 02:14:14
58974|66730|17085|31404|3615|2166|4|688.00|103.20|2008-12-06 02:15:07
59016|66776|21898|41577|6693|2176|4|1548.00|232.20|2008-12-16 02:16:47
59036|66795|48341|24714|7622|2163|1|489.00|73.35|2008-12-03 02:17:27
59128|66905|7177|10360|2291|2168|2|308.00|46.20|2008-12-08 02:20:41
59153|66925|29001|34253|5730|2170|1|463.00|69.45|2008-12-10 02:21:36
59171|66953|12845|170|8623|2166|1|451.00|67.65|2008-12-06 02:22:09
59369|67210|20906|14526|5241|2169|3|537.00|80.55|2008-12-09 02:30:14
59469|67323|42784|26482|1029|2185|1|429.00|64.35|2008-12-25 02:34:05
59940|67858|44703|46254|1876|2168|2|390.00|58.50|2008-12-08 02:51:27
59973|67899|46905|35574|8168|2176|4|1532.00|229.80|2008-12-16 02:52:35
59974|67899|46905|43813|8168|2186|3|1149.00|172.35|2008-12-26 02:52:38
60213|68167|5120|31086|3665|2177|2|448.00|67.20|2008-12-17 03:02:45
60214|68167|5120|31993|3665|2178|1|224.00|33.60|2008-12-18 03:02:48
60618|68673|18785|40833|3177|2172|4|1000.00|150.00|2008-12-12 03:19:10
60806|68875|42225|2513|4277|2183|1|341.00|51.15|2008-12-23 03:26:12
60964|69059|25140|1050|1440|2170|1|187.00|28.05|2008-12-10 03:31:40
61022|69128|48183|5742|6885|2174|3|549.00|82.35|2008-12-14 03:33:47
61023|69128|48183|6696|6885|2176|2|366.00|54.90|2008-12-16 03:33:48
61201|69327|31221|3111|4406|2163|1|266.00|39.90|2008-12-03 03:40:41
61202|69327|31221|21166|4406|2185|2|532.00|79.80|2008-12-25 03:40:42
61604|69806|17182|20861|5491|2166|2|420.00|63.00|2008-12-06 03:56:38
61606|69813|26259|12062|3566|2169|2|588.00|88.20|2008-12-09 03:56:44
62234|70546|37563|43804|7960|2161|2|654.00|98.10|2008-12-01 04:20:51
62335|70675|35736|45000|2272|2178|1|309.00|46.35|2008-12-18 04:24:43
62409|70777|17964|11542|4286|2177|4|1428.00|214.20|2008-12-17 04:27:27
62410|70777|17964|7404|4286|2172|2|714.00|107.10|2008-12-12 04:27:30
62502|70894|10101|38935|6080|2181|4|980.00|147.00|2008-12-21 04:31:24
62708|71100|6959|37447|8287|2175|1|193.00|28.95|2008-12-15 04:39:02
62710|71100|6959|31741|8287|2169|2|386.00|57.90|2008-12-09 04:39:03
62786|71189|23225|2973|5638|2168|1|414.00|62.10|2008-12-08 04:41:57
62801|71210|20743|48397|1940|2171|2|68.00|10.20|2008-12-11 04:42:36
62887|71297|19210|6090|6435|2179|1|426.00|63.90|2008-12-19 04:45:31
63001|71417|19656|6299|3104|2168|2|294.00|44.10|2008-12-08 04:49:46
63269|71702|48133|17501|8593|2162|2|378.00|56.70|2008-12-02 04:59:07
63353|71791|42603|5648|7289|2175|1|109.00|16.35|2008-12-15 05:02:28
63760|72246|31715|15899|6668|2183|2|528.00|79.20|2008-12-23 05:16:57
63898|72408|25416|2879|3657|2172|1|162.00|24.30|2008-12-12 05:22:37
63978|72486|40692|29292|4606|2176|2|134.00|20.10|2008-12-16 05:25:18
64596|73217|13110|9357|7109|2163|1|245.00|36.75|2008-12-03 05:49:00
64927|73599|21823|7427|857|2165|2|170.00|25.50|2008-12-05 06:01:34
64970|73655|40016|10949|8086|2179|2|254.00|38.10|2008-12-19 06:03:05
65099|73817|46218|13852|1498|2168|2|816.00|122.40|2008-12-08 06:07:23
65100|73817|46218|23076|1498|2179|1|408.00|61.20|2008-12-19 06:07:24
65158|73890|19029|1438|3551|2171|4|176.00|26.40|2008-12-11 06:09:47
65160|73891|6949|20144|3658|2163|1|137.00|20.55|2008-12-03 06:09:53
65202|73947|20986|23586|3305|2190|1|272.00|40.80|2008-12-30 06:11:40
65217|73967|18520|5858|5297|2167|2|168.00|25.20|2008-12-07 06:12:18
65389|74175|34378|26122|2041|2173|1|427.00|64.05|2008-12-13 06:18:39
65503|74284|9790|15365|7289|2174|3|576.00|86.40|2008-12-14 06:23:04
65516|74300|17977|26701|1432|2162|1|425.00|63.75|2008-12-02 06:23:22
65517|74300|17977|38123|1432|2175|2|850.00|127.50|2008-12-15 06:23:25
65641|74455|9325|30023|2442|2185|2|94.00|14.10|2008-12-25 06:28:23
65739|74558|5184|12146|5552|2175|4|412.00|61.80|2008-12-15 06:32:29
66161|75061|25050|35416|5965|2162|1|336.00|50.40|2008-12-02 06:49:02
66353|75277|32844|28117|4840|2163|1|416.00|62.40|2008-12-03 06:56:00
66396|75312|12801|22032|2100|2183|1|444.00|66.60|2008-12-23 06:57:39
66470|75420|22851|37849|7604|2191|2|420.00|63.00|2008-12-31 07:00:18
66555|75514|1331|18465|5689|2161|4|1132.00|169.80|2008-12-01 07:03:43
66635|75620|36654|4713|1594|2163|2|968.00|145.20|2008-12-03 07:06:20
66636|75620|36654|2987|1594|2161|1|484.00|72.60|2008-12-01 07:06:22
66703|75676|22555|45838|2452|2168|2|636.00|95.40|2008-12-08 07:08:52
66758|75752|26552|7115|3253|2165|4|796.00|119.40|2008-12-05 07:10:50
66761|75753|27463|44571|1521|2181|2|90.00|13.50|2008-12-21 07:10:59
66807|75829|30732|10269|3681|2174|1|70.00|10.50|2008-12-14 07:12:21
66850|75884|36779|31625|5348|2179|2|774.00|116.10|2008-12-19 07:13:53
66872|75901|39288|30507|3292|2163|4|1220.00|183.00|2008-12-03 07:14:35
67127|76187|41579|35594|3991|2164|2|422.00|63.30|2008-12-04 07:23:38
67204|76270|9217|31285|3597|2171|2|744.00|111.60|2008-12-11 07:26:58
67788|76983|7964|7562|6046|2169|4|1344.00|201.60|2008-12-09 07:49:53
67789|76983|7964|14505|6046|2177|1|336.00|50.40|2008-12-17 07:49:54
67790|76983|7964|1220|6046|2161|2|672.00|100.80|2008-12-01 07:49:56
67805|76996|43794|16467|2999|2163|2|240.00|36.00|2008-12-03 07:50:27
67831|77032|482|35759|4840|2174|2|214.00|32.10|2008-12-14 07:51:34
68009|77235|37463|127|264|2169|2|408.00|61.20|2008-12-09 07:58:22
68047|77276|2505|3069|2836|2167|2|278.00|41.70|2008-12-07 07:59:29
68118|77368|14520|2851|8667|2164|1|180.00|27.00|2008-12-04 08:02:21
68136|77398|39002|17746|3941|2178|1|360.00|54.00|2008-12-18 08:02:50
68137|77398|39002|19433|3941|2180|4|1440.00|216.00|2008-12-20 08:02:50
68167|77436|34550|1364|479|2186|4|1336.00|200.40|2008-12-26 08:03:59
68240|77532|24567|22316|5145|2188|2|96.00|14.40|2008-12-28 08:06:22
68241|77532|24567|19454|5145|2185|1|48.00|7.20|2008-12-25 08:06:22
68257|77561|25223|10435|781|2161|3|912.00|136.80|2008-12-01 08:07:02
68275|77578|9600|23345|5375|2174|2|944.00|141.60|2008-12-14 08:07:26
68277|77578|9600|26406|5375|2177|1|472.00|70.80|2008-12-17 08:07:28
68467|77797|49538|27029|1489|2191|2|188.00|28.20|2008-12-31 08:14:04
68653|78048|9361|1153|8173|2162|2|120.00|18.00|2008-12-02 08:20:20
68942|78376|31403|9793|104|2174|2|890.00|133.50|2008-12-14 08:30:58
69328|78867|47138|17173|2100|2172|4|740.00|111.00|2008-12-12 08:45:44
69956|79565|39657|44933|2960|2169|1|215.00|32.25|2008-12-09 09:09:34
70016|79630|27981|31851|2270|2167|2|888.00|133.20|2008-12-07 09:11:16
70017|79630|27981|28646|2270|2163|1|444.00|66.60|2008-12-03 09:11:17
70018|79630|27981|33535|2270|2169|3|1332.00|199.80|2008-12-09 09:11:19
70021|79640|48275|8298|7887|2169|2|130.00|19.50|2008-12-09 09:11:23
70022|79640|48275|10329|7887|2172|1|65.00|9.75|2008-12-12 09:11:27
70135|79750|6041|3523|8667|2169|1|68.00|10.20|2008-12-09 09:15:16
70164|79775|40768|36346|1780|2172|1|255.00|38.25|2008-12-12 09:16:34
70332|79965|5146|11886|3563|2184|2|288.00|43.20|2008-12-24 09:23:12
70755|80452|31832|17215|8475|2177|1|236.00|35.40|2008-12-17 09:38:19
70940|80666|33377|8439|5343|2167|4|1336.00|200.40|2008-12-07 09:44:28
71056|80821|41593|6856|245|2180|1|78.00|11.70|2008-12-20 09:49:06
71088|80881|30977|18675|6110|2163|2|938.00|140.70|2008-12-03 09:50:13
71089|80881|30977|26120|6110|2172|1|469.00|70.35|2008-12-12 09:50:14
71223|81020|46287|31691|925|2166|1|314.00|47.10|2008-12-06 09:55:26
71305|81126|19651|36867|4825|2168|2|490.00|73.50|2008-12-08 09:58:29
71306|81126|19651|36670|4825|2168|1|245.00|36.75|2008-12-08 09:58:33
71520|81430|19214|38285|5670|2163|2|756.00|113.40|2008-12-03 10:06:47
71522|81430|19214|37086|5670|2162|1|378.00|56.70|2008-12-02 10:06:54
71542|81451|18169|19890|7989|2177|4|1196.00|179.40|2008-12-17 10:07:38
71543|81451|18169|19991|7989|2177|3|897.00|134.55|2008-12-17 10:07:40
71766|81734|40315|676|5281|2173|1|264.00|39.60|2008-12-13 10:15:26
71890|81917|29425|16297|8735|2164|1|312.00|46.80|2008-12-04 10:20:34
71905|81934|46148|6287|4902|2162|1|389.00|58.35|2008-12-02 10:21:04
72310|82437|41082|36346|8086|2168|2|900.00|135.00|2008-12-08 10:36:12
72368|82503|2184|9246|1353|2165|1|425.00|63.75|2008-12-05 10:38:04
72400|82549|38908|3587|8372|2162|1|333.00|49.95|2008-12-02 10:39:16
72645|82860|6628|12469|624|2179|2|274.00|41.10|2008-12-19 10:49:11
72819|83061|600|32418|8645|2178|2|988.00|148.20|2008-12-18 10:55:28
72841|83110|40991|3853|5424|2189|2|404.00|60.60|2008-12-29 10:56:11
73099|83380|19573|755|4606|2163|1|440.00|66.00|2008-12-03 11:06:00
73136|83433|18629|39117|4807|2166|1|410.00|61.50|2008-12-06 11:07:11
73137|83433|18629|39313|4807|2167|4|1640.00|246.00|2008-12-07 11:07:16
73238|83573|2914|18548|1445|2166|2|686.00|102.90|2008-12-06 11:11:22
73278|83612|4512|28154|5513|2177|2|998.00|149.70|2008-12-17 11:12:14
73279|83612|4512|32006|5513|2182|1|499.00|74.85|2008-12-22 11:12:15
73380|83714|38889|29863|6537|2174|4|740.00|111.00|2008-12-14 11:16:06
73567|83942|13441|30476|6161|2183|2|266.00|39.90|2008-12-23 11:23:02
73929|84366|14674|32409|7788|2175|1|146.00|21.90|2008-12-15 11:35:48
73931|84366|14674|24434|7788|2166|2|292.00|43.80|2008-12-06 11:35:53
73939|84382|32510|32014|5599|2170|1|113.00|16.95|2008-12-10 11:36:17
74048|84511|42342|40982|6146|2173|2|918.00|137.70|2008-12-13 11:40:48
75575|86313|24796|1006|7845|2163|4|336.00|50.40|2008-12-03 12:39:09
75776|86534|42595|35132|4840|2167|1|215.00|32.25|2008-12-07 12:46:36
75861|86640|43402|39545|8372|2191|2|372.00|55.80|2008-12-31 12:50:02
75867|86644|24351|33810|6979|2171|1|403.00|60.45|2008-12-11 12:50:24
75933|86722|28754|28275|6194|2163|1|283.00|42.45|2008-12-03 12:52:46
76050|86854|12342|31367|1341|2172|1|224.00|33.60|2008-12-12 12:57:01
76186|87016|4514|4257|3419|2186|1|435.00|65.25|2008-12-26 01:44:56
76498|87363|28352|8958|272|2162|1|410.00|61.50|2008-12-02 07:03:19
76591|87500|26766|12308|3636|2164|2|268.00|40.20|2008-12-04 08:27:58
76628|87537|27560|31487|919|2170|1|141.00|21.15|2008-12-10 09:15:09
76816|87771|4078|14999|5099|2190|2|200.00|30.00|2008-12-30 01:11:32
77188|88173|21017|43767|3629|2177|2|312.00|46.80|2008-12-17 08:30:48
77361|88346|31712|42816|6146|2177|1|356.00|53.40|2008-12-17 11:56:37
77962|89019|39134|24542|3177|2169|1|116.00|17.40|2008-12-09 10:45:45
78186|89284|18103|27812|2745|2168|4|116.00|17.40|2008-12-08 02:40:13
78236|89348|4611|18405|5531|2162|2|288.00|43.20|2008-12-02 03:30:35
78399|89526|32073|17193|2714|2166|1|467.00|70.05|2008-12-06 06:45:48
78816|89992|8007|35807|7109|2162|4|712.00|106.80|2008-12-02 02:52:04
79237|90460|49150|19904|365|2163|1|468.00|70.20|2008-12-03 10:58:08
79358|90636|25591|13019|1498|2166|1|466.00|69.90|2008-12-06 01:01:33
79454|90755|43437|29304|3305|2182|1|180.00|27.00|2008-12-22 02:35:33
79455|90755|43437|35955|3305|2190|2|360.00|54.00|2008-12-30 02:37:30
79456|90755|43437|13737|3305|2163|4|720.00|108.00|2008-12-03 02:38:33
80274|91668|35956|35470|3419|2180|4|1368.00|205.20|2008-12-20 06:29:43
80275|91668|35956|23562|3419|2166|2|684.00|102.60|2008-12-06 06:31:27
80398|91803|10732|3216|6759|2169|1|403.00|60.45|2008-12-09 08:58:43
80399|91803|10732|7134|6759|2174|4|1612.00|241.80|2008-12-14 09:03:45
80400|91803|10732|12273|6759|2180|2|806.00|120.90|2008-12-20 09:05:38
80467|91875|16721|8035|6979|2163|1|474.00|71.10|2008-12-03 10:33:16
80684|92083|5480|4079|1829|2181|4|1364.00|204.60|2008-12-21 02:37:24
80726|92117|10396|15428|3395|2163|1|315.00|47.25|2008-12-03 03:24:32
81164|92570|42774|25362|5348|2170|2|666.00|99.90|2008-12-10 12:41:53
81165|92570|42774|21862|5348|2166|1|333.00|49.95|2008-12-06 12:42:05
81200|92607|44948|30390|2291|2176|2|720.00|108.00|2008-12-16 01:39:01
81225|92628|8230|27501|6359|2165|4|1076.00|161.40|2008-12-05 02:10:37
81465|92898|26850|3691|5314|2169|1|110.00|16.50|2008-12-09 06:46:54
81909|93397|29173|21770|4366|2163|2|354.00|53.10|2008-12-03 03:24:00
82035|93528|43639|2|2951|2161|1|448.00|67.20|2008-12-01 06:03:27
82172|93701|33106|16443|1824|2162|1|28.00|4.20|2008-12-02 08:31:31
82173|93701|33106|30263|1824|2179|2|56.00|8.40|2008-12-19 08:39:25
82349|93916|34959|40521|3566|2179|1|87.00|13.05|2008-12-19 11:47:40
82482|94099|31838|11871|2930|2173|4|372.00|55.80|2008-12-13 02:13:39
82483|94099|31838|13557|2930|2175|1|93.00|13.95|2008-12-15 02:14:46
82814|94402|40856|30769|860|2167|1|459.00|68.85|2008-12-07 08:48:13
82884|94476|45223|17513|1403|2176|2|322.00|48.30|2008-12-16 10:10:35
83098|94703|36397|36305|1940|2161|1|404.00|60.60|2008-12-01 01:41:06
83252|94885|33282|18303|5627|2175|2|182.00|27.30|2008-12-15 04:49:32
83253|94885|33282|18295|5627|2175|3|273.00|40.95|2008-12-15 04:50:54
83534|95264|27754|20745|1545|2176|2|904.00|135.60|2008-12-16 10:48:32
83602|95341|27027|18606|6034|2180|2|576.00|86.40|2008-12-20 12:06:55
83603|95341|27027|27881|6034|2191|1|288.00|43.20|2008-12-31 12:07:28
83604|95341|27027|10996|6034|2171|3|864.00|129.60|2008-12-11 12:07:59
83690|95441|29045|42453|6867|2167|4|212.00|31.80|2008-12-07 01:48:36
83736|95492|41131|29469|925|2167|1|53.00|7.95|2008-12-07 02:41:16
83771|95533|2033|3893|3302|2170|1|470.00|70.50|2008-12-10 03:15:21
83772|95533|2033|2707|3302|2169|4|1880.00|282.00|2008-12-09 03:16:34
83830|95603|21640|12017|7989|2167|3|606.00|90.90|2008-12-07 04:39:44
83831|95603|21640|25911|7989|2184|2|404.00|60.60|2008-12-24 04:40:05
83889|95675|45817|1184|5649|2173|2|138.00|20.70|2008-12-13 06:00:16
83938|95746|15454|17651|1972|2175|2|644.00|96.60|2008-12-15 06:52:48
84091|95926|579|15584|5581|2169|2|952.00|142.80|2008-12-09 10:03:05
84230|96098|22468|10571|4277|2178|2|360.00|54.00|2008-12-18 12:45:07
84358|96243|22644|41491|7166|2161|2|932.00|139.80|2008-12-01 03:54:10
84407|96296|37370|30152|2630|2165|3|591.00|88.65|2008-12-05 04:47:04
84773|96744|5370|19562|4025|2170|1|246.00|36.90|2008-12-10 12:05:30
84798|96779|23088|934|2435|2169|2|728.00|109.20|2008-12-09 12:34:37
84917|96928|24494|37568|8379|2163|3|1008.00|151.20|2008-12-03 02:51:32
84955|96990|48060|29068|7887|2164|1|218.00|32.70|2008-12-04 03:40:30
85342|97404|1444|8108|3566|2169|3|1020.00|153.00|2008-12-09 11:27:59
85401|97490|15499|13030|3424|2173|2|234.00|35.10|2008-12-13 12:37:05
85402|97490|15499|22121|3424|2184|3|351.00|52.65|2008-12-24 12:39:13
85435|97529|17276|10554|2793|2176|1|471.00|70.65|2008-12-16 01:13:13
85633|97758|3740|31740|5474|2166|1|51.00|7.65|2008-12-06 04:44:08
85634|97758|3740|35213|5474|2170|2|102.00|15.30|2008-12-10 04:46:34
85821|97972|38531|23836|2272|2164|2|718.00|107.70|2008-12-04 08:36:29
86035|98225|32509|12613|5665|2168|2|494.00|74.10|2008-12-08 01:28:13
86096|98296|44495|31082|2431|2179|1|260.00|39.00|2008-12-19 02:36:50
86502|98757|33533|7662|7599|2161|1|356.00|53.40|2008-12-01 10:34:40
86611|98884|24923|24517|8230|2167|4|820.00|123.00|2008-12-07 12:38:14
86641|98913|28467|21285|4491|2163|1|247.00|37.05|2008-12-03 01:08:53
86642|98913|28467|28986|4491|2172|2|494.00|74.10|2008-12-12 01:09:22
86785|99090|41040|19714|7887|2172|2|428.00|64.20|2008-12-12 03:46:23
87161|99531|39103|16727|6630|2162|2|476.00|71.40|2008-12-02 10:42:13
87464|99872|22804|9787|3175|2185|2|486.00|72.90|2008-12-25 04:38:13
87712|100184|45423|42113|1440|2164|3|495.00|74.25|2008-12-04 08:57:24
87713|100184|45423|49964|1440|2173|2|330.00|49.50|2008-12-13 08:59:58
87714|100184|45423|43713|1440|2166|1|165.00|24.75|2008-12-06 09:00:15
88430|101005|14539|20051|316|2182|2|80.00|12.00|2008-12-22 10:25:28
88601|101233|26322|33138|2969|2167|4|908.00|136.20|2008-12-07 01:31:14
88630|101255|38377|20744|1418|2163|3|1104.00|165.60|2008-12-03 02:03:18
88631|101255|38377|19832|1418|2162|1|368.00|55.20|2008-12-02 02:05:59
88632|101255|38377|37511|1418|2184|4|1472.00|220.80|2008-12-24 02:06:12
89102|101773|8982|23503|5834|2179|1|374.00|56.10|2008-12-19 11:14:21
89120|101790|29045|18295|6242|2161|3|930.00|139.50|2008-12-01 11:35:25
89121|101790|29045|19589|6242|2163|4|1240.00|186.00|2008-12-03 11:37:39
89554|102271|49326|32304|3551|2166|1|86.00|12.90|2008-12-06 07:33:05
89711|102451|33476|39458|5266|2161|4|324.00|48.60|2008-12-01 10:32:08
89804|102557|2403|43454|8767|2176|1|302.00|45.30|2008-12-16 12:16:11
89806|102557|2403|34016|8767|2164|3|906.00|135.90|2008-12-04 12:16:50
89809|102558|24152|33940|7848|2166|4|744.00|111.60|2008-12-06 12:23:13
89871|102624|25448|18907|1453|2163|1|121.00|18.15|2008-12-03 01:18:02
89872|102624|25448|20255|1453|2165|2|242.00|36.30|2008-12-05 01:19:13
89987|102731|48403|27028|4434|2174|2|596.00|89.40|2008-12-14 03:37:00
90143|102882|33694|32554|3537|2164|2|694.00|104.10|2008-12-04 06:56:20
90180|102930|495|2240|2939|2161|4|596.00|89.40|2008-12-01 07:34:53
90216|102988|16576|15987|5418|2161|1|272.00|40.80|2008-12-01 08:05:08
90217|102988|16576|16531|5418|2161|4|1088.00|163.20|2008-12-01 08:05:20
90573|103397|17102|4379|8620|2175|2|590.00|88.50|2008-12-15 03:41:23
90574|103397|17102|7743|8620|2179|1|295.00|44.25|2008-12-19 03:42:47
90772|103629|47594|4402|4443|2176|2|956.00|143.40|2008-12-16 07:37:32
90892|103738|1528|13255|1750|2172|3|399.00|59.85|2008-12-12 09:42:30
91092|103942|33294|13668|3873|2168|2|54.00|8.10|2008-12-08 01:33:21
91431|104338|33901|32481|1353|2168|3|135.00|20.25|2008-12-08 07:59:57
91444|104355|28212|43023|5070|2180|1|195.00|29.25|2008-12-20 08:18:29
91539|104460|33345|568|2630|2164|1|474.00|71.10|2008-12-04 10:01:30
91773|104720|18935|35974|1082|2161|4|1984.00|297.60|2008-12-01 02:11:12
91830|104771|33058|31601|4746|2162|2|972.00|145.80|2008-12-02 03:12:22
91945|104921|11061|5662|1594|2168|4|440.00|66.00|2008-12-08 05:26:47
91946|104921|11061|21379|1594|2187|1|110.00|16.50|2008-12-27 05:27:57
92105|105107|38563|11320|3609|2169|2|892.00|133.80|2008-12-09 08:15:22
92107|105107|38563|4995|3609|2161|1|446.00|66.90|2008-12-01 08:19:40
92168|105171|42302|15939|7960|2163|2|830.00|124.50|2008-12-03 09:26:48
92216|105242|48210|38252|8212|2167|1|20.00|3.00|2008-12-07 10:17:04
92240|105277|33611|29821|5835|2162|2|452.00|67.80|2008-12-02 10:54:44
92560|105659|21835|19670|6361|2171|2|590.00|88.50|2008-12-11 05:00:51
92561|105659|21835|17854|6361|2169|1|295.00|44.25|2008-12-09 05:01:05
92597|105697|18660|36625|83|2163|1|350.00|52.50|2008-12-03 05:30:06
92852|105975|45499|24375|8212|2161|2|484.00|72.60|2008-12-01 10:51:08
92853|105975|45499|28480|8212|2166|1|242.00|36.30|2008-12-06 10:51:55
93798|107130|11143|30462|1265|2186|3|276.00|41.40|2008-12-26 05:03:38
93799|107130|11143|17629|1265|2171|2|184.00|27.60|2008-12-11 05:04:38
93872|107210|20552|10086|3609|2169|4|1720.00|258.00|2008-12-09 06:42:55
94368|107745|40806|29915|467|2164|4|324.00|48.60|2008-12-04 03:45:32
94369|107745|40806|38376|467|2175|2|162.00|24.30|2008-12-15 03:45:48
94413|107798|37848|36816|164|2161|1|456.00|68.40|2008-12-01 04:41:17
94865|108296|23430|1718|816|2165|2|948.00|142.20|2008-12-05 01:41:14
94884|108319|47200|8265|5621|2164|1|89.00|13.35|2008-12-04 02:03:58
94885|108319|47200|22708|5621|2182|2|178.00|26.70|2008-12-22 02:04:08
95075|108530|504|1321|2128|2162|1|331.00|49.65|2008-12-02 05:49:45
95089|108551|27846|6095|6630|2162|2|964.00|144.60|2008-12-02 06:07:06
95285|108777|8374|14469|4363|2163|2|550.00|82.50|2008-12-03 09:58:57
95286|108777|8374|18663|4363|2168|1|275.00|41.25|2008-12-08 09:59:11
95337|108824|27253|24796|2272|2165|3|348.00|52.20|2008-12-05 11:05:01
95339|108825|9993|7056|5070|2180|2|620.00|93.00|2008-12-20 11:05:22
95486|109008|40553|34051|1284|2175|4|400.00|60.00|2008-12-15 02:11:25
95487|109008|40553|22213|1284|2161|2|200.00|30.00|2008-12-01 02:11:51
95492|109013|33026|4806|479|2187|2|974.00|146.10|2008-12-27 02:17:18
95531|109083|13650|32403|3215|2187|2|652.00|97.80|2008-12-27 02:59:29
95559|109116|1883|16241|5550|2171|4|316.00|47.40|2008-12-11 03:35:59
95560|109116|1883|9373|5550|2163|2|158.00|23.70|2008-12-03 03:37:08
95712|109269|7002|5707|1824|2165|2|952.00|142.80|2008-12-05 06:19:24
95713|109269|7002|9893|1824|2170|3|1428.00|214.20|2008-12-10 06:20:19
96051|109650|31238|17583|2007|2165|1|68.00|10.20|2008-12-05 01:48:54
96068|109683|18016|31660|5324|2162|4|1300.00|195.00|2008-12-02 02:11:08
96277|109928|48450|27555|2170|2184|1|432.00|64.80|2008-12-24 07:20:48
96347|110001|6446|3036|6069|2181|1|352.00|52.80|2008-12-21 08:46:22
96348|110001|6446|5751|6069|2184|4|1408.00|211.20|2008-12-24 08:52:26
96551|110215|18416|36552|7581|2177|2|178.00|26.70|2008-12-17 12:44:16
96705|110388|34944|24737|5728|2178|4|352.00|52.80|2008-12-18 04:28:24
96706|110388|34944|16170|5728|2168|2|176.00|26.40|2008-12-08 04:29:25
97157|110894|44136|3827|5287|2170|4|1472.00|220.80|2008-12-10 01:40:27
97336|111129|29447|39133|432|2168|1|366.00|54.90|2008-12-08 05:51:55
97551|111409|28041|30114|125|2174|1|495.00|74.25|2008-12-14 10:18:23
97552|111409|28041|24402|125|2167|2|990.00|148.50|2008-12-07 10:19:34
97813|111723|1075|4334|3260|2170|1|165.00|24.75|2008-12-10 03:26:41
98039|111979|39515|20402|6724|2163|2|614.00|92.10|2008-12-03 08:27:02
98162|112144|35856|48287|6726|2187|4|1568.00|235.20|2008-12-27 11:00:26
98163|112144|35856|35477|6726|2172|1|392.00|58.80|2008-12-12 11:00:36
98305|112321|2048|17433|3419|2167|1|255.00|38.25|2008-12-07 01:33:14
98306|112321|2048|19434|3419|2170|4|1020.00|153.00|2008-12-10 01:33:57
98313|112326|40842|31189|7109|2163|2|522.00|78.30|2008-12-03 01:40:48
98927|113074|13926|19583|4485|2161|1|217.00|32.55|2008-12-01 02:34:41
98928|113074|13926|22416|4485|2164|3|651.00|97.65|2008-12-04 02:35:06
99012|113163|44682|13841|4741|2164|1|29.00|4.35|2008-12-04 04:28:54
99044|113195|31375|4915|4343|2163|4|288.00|43.20|2008-12-03 05:06:47
99251|113449|46558|45270|8699|2163|2|386.00|57.90|2008-12-03 10:00:57
99323|113539|11260|26039|6644|2176|4|408.00|61.20|2008-12-16 11:27:47
99543|113778|41238|14650|6664|2166|1|157.00|23.55|2008-12-06 04:27:32
99631|113871|44387|17429|1780|2164|1|153.00|22.95|2008-12-04 06:23:25
99674|113934|2631|20168|6558|2161|4|1108.00|166.20|2008-12-01 07:05:52
99761|114026|7466|21189|5621|2191|2|102.00|15.30|2008-12-31 09:02:20
99824|114091|11748|18103|6069|2165|2|954.00|143.10|2008-12-05 10:44:21
100284|114656|30536|17833|2545|2176|6|1830.00|274.50|2008-12-16 09:45:17
101131|115648|19476|30400|2696|2183|2|670.00|100.50|2008-12-23 06:04:51
101132|115648|19476|18153|2696|2168|4|1340.00|201.00|2008-12-08 06:05:40
101192|115719|18341|6574|7848|2174|2|664.00|99.60|2008-12-14 07:51:13
101410|115951|31597|3422|8262|2176|4|200.00|30.00|2008-12-16 12:53:10
101483|116037|24940|4182|189|2161|1|354.00|53.10|2008-12-01 02:30:28
101484|116037|24940|10843|189|2169|4|1416.00|212.40|2008-12-09 02:31:35
102207|116891|19373|18288|6924|2161|2|256.00|38.40|2008-12-01 08:12:02
102340|117081|23202|16596|112|2180|1|303.00|45.45|2008-12-20 11:57:14
102684|117463|17843|16726|6967|2188|1|259.00|38.85|2008-12-28 09:14:49
102685|117463|17843|5841|6967|2175|2|518.00|77.70|2008-12-15 09:16:50
102729|117513|2974|5863|5638|2170|2|702.00|105.30|2008-12-10 10:12:22
102762|117552|27037|16719|189|2182|2|562.00|84.30|2008-12-22 11:02:07
102763|117552|27037|4920|189|2167|1|281.00|42.15|2008-12-07 11:02:12
102911|117717|4257|7698|4649|2163|2|918.00|137.70|2008-12-03 03:05:36
102932|117744|708|33535|1418|2169|1|181.00|27.15|2008-12-09 03:29:40
102980|117793|44030|32428|6995|2172|1|343.00|51.45|2008-12-12 04:41:32
103252|118071|21852|2942|839|2177|1|109.00|16.35|2008-12-17 11:40:07
103811|118759|1748|33679|4825|2161|2|396.00|59.40|2008-12-01 02:07:30
103812|118759|1748|42597|4825|2172|4|792.00|118.80|2008-12-12 02:07:31
103943|118895|44551|19733|5638|2169|4|792.00|118.80|2008-12-09 05:51:38
104118|119099|3311|4960|1545|2188|1|159.00|23.85|2008-12-28 10:19:55
104442|119482|10162|20007|2291|2170|2|130.00|19.50|2008-12-10 08:23:00
104773|119904|42663|31028|3609|2168|4|1956.00|293.40|2008-12-08 05:25:47
105349|120548|44046|22054|4315|2161|2|582.00|87.30|2008-12-01 10:04:27
105350|120548|44046|29715|4315|2170|1|291.00|43.65|2008-12-10 10:05:09
105467|120691|44602|19749|8487|2179|1|257.00|38.55|2008-12-19 12:59:03
105468|120691|44602|22810|8487|2183|2|514.00|77.10|2008-12-23 01:00:05
105469|120691|44602|17783|8487|2177|3|771.00|115.65|2008-12-17 01:00:27
105736|121026|35251|43152|4171|2174|1|338.00|50.70|2008-12-14 08:46:47
105996|121312|37380|27398|5578|2172|1|442.00|66.30|2008-12-12 04:36:23
106002|121318|47373|1662|8667|2164|1|135.00|20.25|2008-12-04 04:46:03
106193|121532|40803|10809|5187|2162|1|145.00|21.75|2008-12-02 10:37:37
106519|121883|45538|15079|8158|2166|4|668.00|100.20|2008-12-06 08:14:27
107108|122543|8502|33168|2768|2172|4|584.00|87.60|2008-12-12 03:24:31
107400|122923|5412|46868|2630|2166|1|307.00|46.05|2008-12-06 02:22:57
107512|123038|22418|31512|3576|2178|2|480.00|72.00|2008-12-18 05:49:32
107531|123069|27819|2630|7474|2167|1|157.00|23.55|2008-12-07 06:35:04
108237|123865|47047|18007|1341|2185|1|476.00|71.40|2008-12-25 09:49:35
108326|123963|29317|41018|4984|2171|1|420.00|63.00|2008-12-11 01:37:36
108473|124163|21619|10195|216|2162|1|232.00|34.80|2008-12-02 06:14:39
108475|124163|21619|12263|216|2164|3|696.00|104.40|2008-12-04 06:19:56
108677|124422|18431|9817|807|2173|1|192.00|28.80|2008-12-13 12:40:24
108678|124422|18431|7571|807|2171|2|384.00|57.60|2008-12-11 12:42:21
108840|124602|3143|40281|5665|2169|1|42.00|6.30|2008-12-09 06:46:01
109063|124863|4470|9812|7344|2173|2|648.00|97.20|2008-12-13 03:43:47
109064|124863|4470|6781|7344|2170|4|1296.00|194.40|2008-12-10 03:44:02
109455|125354|3125|30845|3253|2169|1|344.00|51.60|2008-12-09 09:44:06
109456|125354|3125|32500|3253|2171|3|1032.00|154.80|2008-12-11 09:45:08
109596|125508|45254|19253|2079|2161|2|622.00|93.30|2008-12-01 03:46:31
109880|125803|7052|27589|7681|2171|2|664.00|99.60|2008-12-11 04:24:07
109881|125803|7052|22900|7681|2165|4|1328.00|199.20|2008-12-05 04:27:44
110018|125997|43439|168|4106|2167|1|137.00|20.55|2008-12-07 10:35:03
110232|126243|8864|40553|7255|2166|1|123.00|18.45|2008-12-06 09:14:30
110762|126886|22359|40312|6761|2167|2|470.00|70.50|2008-12-07 09:47:55
110823|126946|49302|23251|1750|2165|4|1544.00|231.60|2008-12-05 01:36:19
111312|127497|32627|36815|4825|2171|1|203.00|30.45|2008-12-11 09:21:19
111552|127762|30726|36830|5744|2175|4|1520.00|228.00|2008-12-15 01:24:40
111759|128013|37261|8280|8766|2166|1|244.00|36.60|2008-12-06 01:52:53
112231|128585|30390|19678|914|2161|2|252.00|37.80|2008-12-01 01:15:05
112232|128585|30390|44375|914|2191|1|126.00|18.90|2008-12-31 01:19:43
112397|128769|37023|12340|5627|2187|1|303.00|45.45|2008-12-27 04:11:32
112398|128769|37023|47|5627|2173|4|1212.00|181.80|2008-12-13 04:18:15
112405|128776|22824|9567|6110|2170|1|21.00|3.15|2008-12-10 05:03:17
112504|128916|25953|16202|6867|2172|2|568.00|85.20|2008-12-12 01:41:23
112505|128916|25953|8582|6867|2163|1|284.00|42.60|2008-12-03 01:45:04
112633|129064|22851|45784|3588|2172|2|976.00|146.40|2008-12-12 05:45:28
112748|129182|32055|12020|4197|2161|2|582.00|87.30|2008-12-01 10:57:20
112750|129183|37416|10759|4449|2172|2|528.00|79.20|2008-12-12 11:10:58
112807|129241|36769|8153|1261|2181|2|520.00|78.00|2008-12-21 07:34:12
112808|129241|36769|3277|1261|2175|1|260.00|39.00|2008-12-15 07:40:16
112861|129301|19723|33560|5578|2183|1|181.00|27.15|2008-12-23 02:09:21
113063|129537|2602|23033|899|2171|1|291.00|43.65|2008-12-11 01:58:16
113184|129658|29394|29795|6967|2180|2|252.00|37.80|2008-12-20 06:46:46
113346|129860|40727|45033|6146|2181|2|790.00|118.50|2008-12-21 11:01:12
113925|130506|37918|212|8262|2167|1|230.00|34.50|2008-12-07 10:43:18
114148|130745|40728|30316|6435|2173|2|866.00|129.90|2008-12-13 06:59:45
114157|130750|35101|33214|1936|2177|1|243.00|36.45|2008-12-17 08:19:08
114258|130877|41648|14341|2206|2163|2|494.00|74.10|2008-12-03 05:16:53
114259|130877|41648|29763|2206|2181|3|741.00|111.15|2008-12-21 05:20:26
114260|130877|41648|18744|2206|2168|1|247.00|37.05|2008-12-08 05:21:56
114506|131141|29719|26433|6967|2183|2|460.00|69.00|2008-12-23 11:20:34
114507|131141|29719|8858|6967|2162|4|920.00|138.00|2008-12-02 11:26:42
114513|131148|12724|32550|7670|2168|2|414.00|62.10|2008-12-08 11:42:25
114786|131447|48993|25427|467|2179|1|457.00|68.55|2008-12-19 07:10:37
114807|131470|22907|239|2382|2174|1|78.00|11.70|2008-12-14 08:42:24
114983|131647|21486|30143|3356|2162|1|361.00|54.15|2008-12-02 07:24:03
115032|131699|36393|37904|4434|2167|4|1348.00|202.20|2008-12-07 10:27:26
115536|132280|42592|34401|4707|2162|3|1383.00|207.45|2008-12-02 02:08:07
115537|132280|42592|40154|4707|2169|2|922.00|138.30|2008-12-09 02:10:10
116038|132869|35100|28955|5145|2184|2|360.00|54.00|2008-12-24 03:25:43
116110|132956|27544|16987|6857|2166|2|924.00|138.60|2008-12-06 06:50:49
116111|132956|27544|12663|6857|2161|1|462.00|69.30|2008-12-01 06:51:51
116319|133221|31306|9373|1418|2171|2|676.00|101.40|2008-12-11 04:45:20
116367|133265|23186|24322|3424|2172|2|334.00|50.10|2008-12-12 06:42:50
116368|133265|23186|32996|3424|2182|1|167.00|25.05|2008-12-22 06:47:25
116523|133429|31400|3255|3748|2167|4|1736.00|260.40|2008-12-07 12:56:19
117023|133992|28108|5387|5548|2181|1|320.00|48.00|2008-12-21 09:50:10
117477|134525|49823|35241|1284|2179|2|322.00|48.30|2008-12-19 03:52:36
117478|134525|49823|31293|1284|2174|4|644.00|96.60|2008-12-14 03:55:24
117970|135115|15359|11178|8059|2175|2|152.00|22.80|2008-12-15 09:49:15
117971|135115|15359|5774|8059|2168|1|76.00|11.40|2008-12-08 09:56:01
118022|135189|205|18502|349|2164|2|246.00|36.90|2008-12-04 11:43:37
118234|135430|40731|3277|3569|2164|2|858.00|128.70|2008-12-04 07:12:24
118527|135754|42852|18451|7184|2171|2|354.00|53.10|2008-12-11 05:22:34
118634|135884|25160|4359|6034|2182|2|560.00|84.00|2008-12-22 09:07:06
118796|136046|18605|13868|4106|2165|2|526.00|78.90|2008-12-05 02:22:05
118797|136046|18605|15429|4106|2167|1|263.00|39.45|2008-12-07 02:23:45
118807|136057|24294|42306|7660|2166|1|36.00|5.40|2008-12-06 02:39:05
118808|136057|24294|45795|7660|2170|2|72.00|10.80|2008-12-10 02:39:15
118995|136291|19411|35241|6161|2183|2|478.00|71.70|2008-12-23 09:10:17
118996|136291|19411|29949|6161|2176|3|717.00|107.55|2008-12-16 09:11:23
118997|136291|19411|28454|6161|2175|1|239.00|35.85|2008-12-15 09:11:37
119253|136556|40144|27243|6069|2189|4|1504.00|225.60|2008-12-29 06:00:20
119811|137193|7728|39182|3417|2178|2|164.00|24.60|2008-12-18 01:23:15
120328|137799|41542|10013|2852|2163|2|492.00|73.80|2008-12-03 06:15:05
120439|137913|11318|41652|231|2172|3|921.00|138.15|2008-12-12 09:43:29
120440|137913|11318|33201|231|2162|4|1228.00|184.20|2008-12-02 09:44:18
120526|137999|10597|7788|2918|2172|1|317.00|47.55|2008-12-12 12:07:15
121182|138698|38760|29839|4256|2176|2|190.00|28.50|2008-12-16 08:23:37
121318|138889|41061|11857|6630|2167|4|820.00|123.00|2008-12-07 12:19:16
121319|138889|41061|9773|6630|2164|1|205.00|30.75|2008-12-04 12:22:37
121429|139002|11540|12469|7954|2172|1|383.00|57.45|2008-12-12 03:38:51
121430|139002|11540|13039|7954|2173|2|766.00|114.90|2008-12-13 03:41:21
121505|139099|24013|20050|5375|2180|2|456.00|68.40|2008-12-20 05:40:20
121506|139099|24013|15131|5375|2174|4|912.00|136.80|2008-12-14 05:41:00
121647|139259|13272|28675|8766|2174|1|267.00|40.05|2008-12-14 09:16:25
121713|139356|48341|23062|2079|2163|1|135.00|20.25|2008-12-03 11:21:05
121855|139490|40018|43378|1859|2176|1|106.00|15.90|2008-12-16 03:24:39
122299|140022|18744|42354|1249|2175|2|144.00|21.60|2008-12-15 03:07:32
122301|140022|18744|38528|1249|2171|4|288.00|43.20|2008-12-11 03:10:25
122617|140356|2449|13600|1177|2161|2|696.00|104.40|2008-12-01 11:18:51
122662|140407|13926|144|4256|2183|1|350.00|52.50|2008-12-23 12:24:39
122692|140451|42099|16179|2125|2174|2|638.00|95.70|2008-12-14 01:20:52
122799|140569|42737|18998|5324|2164|1|255.00|38.25|2008-12-04 04:25:57
122800|140569|42737|16733|5324|2162|3|765.00|114.75|2008-12-02 04:26:41
122801|140569|42737|24078|5324|2170|2|510.00|76.50|2008-12-10 04:27:03
123057|140888|49753|8061|349|2166|4|424.00|63.60|2008-12-06 10:15:01
123058|140888|49753|15233|349|2175|2|212.00|31.80|2008-12-15 10:15:04
123127|140966|36814|8741|5550|2167|2|662.00|99.30|2008-12-07 11:49:39
123162|141011|22191|11386|1859|2163|2|782.00|117.30|2008-12-03 12:28:29
123196|141046|34623|21177|6793|2162|1|53.00|7.95|2008-12-02 01:12:37
123747|141680|34200|15998|142|2171|2|856.00|128.40|2008-12-11 03:35:45
123748|141680|34200|16459|142|2171|1|428.00|64.20|2008-12-11 03:36:12
123837|141778|35947|2952|4025|2163|1|29.00|4.35|2008-12-03 05:40:52
123846|141795|41407|33316|2691|2167|2|734.00|110.10|2008-12-07 05:57:22
123848|141795|41407|32936|2691|2167|6|2202.00|330.30|2008-12-07 05:58:05
123849|141795|41407|31684|2691|2166|1|367.00|55.05|2008-12-06 05:58:06
124025|142013|19910|5952|2958|2168|1|446.00|66.90|2008-12-08 10:57:24
124118|142159|16872|21129|2431|2175|1|390.00|58.50|2008-12-15 01:33:04
124119|142159|16872|17090|2431|2170|2|780.00|117.00|2008-12-10 01:33:13
124141|142177|40097|28419|1265|2169|1|467.00|70.05|2008-12-09 02:17:55
124142|142177|40097|29117|1265|2169|4|1868.00|280.20|2008-12-09 02:20:01
124143|142177|40097|40344|1265|2183|2|934.00|140.10|2008-12-23 02:22:47
124377|142416|4192|23727|2561|2169|4|1156.00|173.40|2008-12-09 08:16:15
124378|142416|4192|18073|2561|2162|1|289.00|43.35|2008-12-02 08:17:55
124379|142416|4192|22853|2561|2168|2|578.00|86.70|2008-12-08 08:18:01
124864|142973|1102|1341|1295|2171|1|435.00|65.25|2008-12-11 08:02:18
125115|143275|21582|18163|3175|2185|4|1716.00|257.40|2008-12-25 01:47:34
125266|143447|30529|34683|6402|2180|1|68.00|10.20|2008-12-20 05:05:34
125277|143464|47676|4635|3229|2167|2|728.00|109.20|2008-12-07 05:25:40
125379|143566|31860|19263|7878|2171|4|1216.00|182.40|2008-12-11 07:53:20
125536|143747|44284|11547|8163|2180|2|718.00|107.70|2008-12-20 11:22:48
125844|144067|27403|11741|4485|2163|2|596.00|89.40|2008-12-03 06:38:36
125885|144127|33787|8265|5189|2183|1|282.00|42.30|2008-12-23 07:37:58
126024|144281|16521|7199|106|2170|4|1180.00|177.00|2008-12-10 10:29:30
126025|144281|16521|14821|106|2179|2|590.00|88.50|2008-12-19 10:32:16
126109|144412|4994|35446|1515|2168|4|1172.00|175.80|2008-12-08 12:34:34
126268|144609|41546|4332|3059|2190|2|366.00|54.90|2008-12-30 04:30:50
126580|144998|13948|21682|7848|2165|1|246.00|36.90|2008-12-05 11:20:50
126679|145106|38681|13955|4143|2175|1|161.00|24.15|2008-12-15 01:35:37
126702|145131|41105|96|5690|2161|2|138.00|20.70|2008-12-01 02:14:30
127018|145493|16634|18428|5070|2171|1|216.00|32.40|2008-12-11 08:45:32
127144|145639|29026|1968|2401|2177|1|51.00|7.65|2008-12-17 11:26:32
127347|145903|26831|17189|2256|2162|1|313.00|46.95|2008-12-02 03:42:03
127378|145934|20016|31151|4840|2169|1|477.00|71.55|2008-12-09 04:22:56
127379|145934|20016|33166|4840|2171|2|954.00|143.10|2008-12-11 04:26:36
127536|146136|3872|13862|5916|2171|2|66.00|9.90|2008-12-11 08:11:44
127537|146136|3872|6039|5916|2162|4|132.00|19.80|2008-12-02 08:13:44
127538|146136|3872|7228|5916|2163|1|33.00|4.95|2008-12-03 08:13:58
127619|146224|21146|361|2256|2174|2|552.00|82.80|2008-12-14 10:04:21
127851|146512|16911|32454|7800|2185|4|1216.00|182.40|2008-12-25 03:08:17
127896|146555|37745|31755|6340|2170|2|766.00|114.90|2008-12-10 04:02:11
127897|146555|37745|24577|6340|2161|1|383.00|57.45|2008-12-01 04:02:52
128112|146825|6295|13032|8722|2165|4|1776.00|266.40|2008-12-05 09:00:35
128176|146922|19542|13061|969|2165|3|201.00|30.15|2008-12-05 10:33:54
128349|147116|47489|38318|4984|2179|3|957.00|143.55|2008-12-19 02:04:25
128564|147366|30411|42520|6494|2182|2|464.00|69.60|2008-12-22 06:52:33
128565|147366|30411|34380|6494|2172|1|232.00|34.80|2008-12-12 06:53:14
128707|147531|13416|19619|4210|2176|2|188.00|28.20|2008-12-16 09:43:58
129707|148756|8904|1684|7768|2167|1|498.00|74.70|2008-12-07 06:49:05
129808|148869|12663|45611|5528|2187|1|95.00|14.25|2008-12-27 08:43:10
130010|149066|29091|11936|6999|2174|1|394.00|59.10|2008-12-14 12:53:12
130014|149071|30994|17839|1249|2173|1|161.00|24.15|2008-12-13 12:59:35
130083|149139|7790|8683|575|2165|2|604.00|90.60|2008-12-05 02:45:32
130084|149140|49468|4611|6435|2180|2|214.00|32.10|2008-12-20 02:46:42
130347|149438|14944|960|4343|2169|2|806.00|120.90|2008-12-09 08:07:32
130384|149489|48857|15384|479|2167|4|1180.00|177.00|2008-12-07 08:49:17
130454|149561|21614|8985|6726|2183|2|930.00|139.50|2008-12-23 10:09:45
130455|149561|21614|9283|6726|2184|1|465.00|69.75|2008-12-24 10:09:45
130569|149708|439|17316|74|2166|1|294.00|44.10|2008-12-06 12:28:31
130688|149847|3211|22973|2866|2173|1|26.00|3.90|2008-12-13 02:20:46
130726|149900|21835|34753|2929|2166|3|588.00|88.20|2008-12-06 03:01:12
130737|149910|17181|22929|5528|2164|4|752.00|112.80|2008-12-04 03:11:49
130739|149910|17181|29541|5528|2172|2|376.00|56.40|2008-12-12 03:12:24
130807|149986|22817|6619|2290|2186|1|96.00|14.40|2008-12-26 04:19:30
130889|150086|4213|8733|5599|2171|2|684.00|102.60|2008-12-11 06:15:07
130890|150086|4213|1657|5599|2162|1|342.00|51.30|2008-12-02 06:19:03
130948|150162|47705|10662|2401|2168|2|682.00|102.30|2008-12-08 07:29:24
131017|150237|23380|40196|367|2171|2|344.00|51.60|2008-12-11 09:00:05
131264|151579|35969|45966|5474|2172|1|104.00|15.60|2008-12-12 01:30:11
131519|151879|7425|21519|632|2164|1|324.00|48.60|2008-12-04 06:04:39
131588|151952|22532|33297|1829|2175|4|1604.00|240.60|2008-12-15 07:35:23
131612|151981|44255|11483|4056|2164|2|824.00|123.60|2008-12-04 08:05:41
131638|152024|34933|48273|6403|2187|2|476.00|71.40|2008-12-27 08:38:17
131784|152198|38489|9442|5550|2172|1|149.00|22.35|2008-12-12 11:22:28
132147|152623|12963|21310|4171|2170|1|98.00|14.70|2008-12-10 06:19:27
132148|152623|12963|26030|4171|2176|4|392.00|58.80|2008-12-16 06:20:22
132392|152879|34470|43186|4489|2168|1|492.00|73.80|2008-12-08 10:53:21
132435|152944|22288|4140|7575|2174|1|320.00|48.00|2008-12-14 11:37:21
132570|153119|20469|5381|1545|2178|1|339.00|50.85|2008-12-18 02:23:45
132989|153615|26749|14656|5633|2169|1|102.00|15.30|2008-12-09 10:16:19
133034|153670|8843|36527|1453|2181|2|920.00|138.00|2008-12-21 11:13:23
133036|153670|8843|25476|1453|2168|1|460.00|69.00|2008-12-08 11:14:57
133325|154015|32182|38052|7887|2184|2|502.00|75.30|2008-12-24 04:32:41
133359|154056|49546|44899|8667|2166|3|603.00|90.45|2008-12-06 05:12:42
133880|154703|1786|1507|2947|2164|1|233.00|34.95|2008-12-04 02:52:05
134646|155597|15537|40507|2929|2176|1|261.00|39.15|2008-12-16 05:22:03
134647|155597|15537|33415|2929|2168|2|522.00|78.30|2008-12-08 05:22:48
134751|155734|18870|177|2170|2161|2|86.00|12.90|2008-12-01 07:28:33
135049|156044|29258|40058|8366|2168|3|549.00|82.35|2008-12-08 12:56:49
135158|156175|5979|11497|6340|2170|2|756.00|113.40|2008-12-10 02:53:47
135159|156175|5979|21049|6340|2182|1|378.00|56.70|2008-12-22 02:54:29
135312|156330|45122|40623|5000|2169|1|366.00|54.90|2008-12-09 05:49:18
135313|156330|45122|39754|5000|2168|2|732.00|109.80|2008-12-08 05:50:57
135326|156343|1993|5684|7845|2184|3|411.00|61.65|2008-12-24 06:07:21
135590|156638|26375|38511|7188|2171|1|439.00|65.85|2008-12-11 11:05:00
135835|156938|36616|30842|7429|2170|4|1644.00|246.60|2008-12-10 03:07:55
135836|156938|36616|24330|7429|2162|1|411.00|61.65|2008-12-02 03:09:31
135894|157005|19661|27711|1712|2178|2|412.00|61.80|2008-12-18 04:25:10
136030|157155|19199|38464|7681|2174|1|255.00|38.25|2008-12-14 06:48:16
136148|157258|28732|40241|2041|2170|4|784.00|117.60|2008-12-10 08:55:22
136149|157258|28732|39916|2041|2169|2|392.00|58.80|2008-12-09 08:55:46
136162|157270|15306|40350|4019|2178|2|78.00|11.70|2008-12-18 09:08:07
136392|157531|34444|32950|3601|2180|6|2220.00|333.00|2008-12-20 01:44:17
136493|157649|17253|43473|4400|2177|1|313.00|46.95|2008-12-17 03:26:07
136727|157930|47208|29485|5301|2168|2|662.00|99.30|2008-12-08 07:34:50
136728|157930|47208|24951|5301|2162|1|331.00|49.65|2008-12-02 07:34:51
136729|157930|47208|34103|5301|2173|4|1324.00|198.60|2008-12-13 07:36:14
137039|158280|34360|7435|7109|2163|2|664.00|99.60|2008-12-03 01:19:10
137086|158346|34903|40261|5917|2181|1|393.00|58.95|2008-12-21 02:12:49
137087|158346|34903|23459|5917|2161|2|786.00|117.90|2008-12-01 02:13:00
137093|158350|6234|21634|4362|2161|1|468.00|70.20|2008-12-01 02:18:03
137094|158350|6234|37904|4362|2181|2|936.00|140.40|2008-12-21 02:19:36
137221|158511|24125|2246|1521|2162|1|37.00|5.55|2008-12-02 04:43:32
137248|158559|48162|29485|5630|2182|2|198.00|29.70|2008-12-22 05:15:08
137365|158670|21669|3226|6401|2163|1|258.00|38.70|2008-12-03 07:15:49
137573|158904|20855|31777|7878|2177|1|113.00|16.95|2008-12-17 11:24:11
137743|159106|19837|21943|3609|2164|4|328.00|49.20|2008-12-04 02:44:20
137995|159401|16419|33856|2939|2180|1|146.00|21.90|2008-12-20 07:12:29
137998|159403|45757|35707|5281|2172|1|66.00|9.90|2008-12-12 07:17:23
138026|159429|16893|25428|5187|2162|3|1029.00|154.35|2008-12-02 07:54:56
138247|159701|22715|31655|8533|2166|1|495.00|74.25|2008-12-06 12:12:27
138248|159701|22715|31192|8533|2166|2|990.00|148.50|2008-12-06 12:12:32
138486|159997|42228|2429|6359|2181|2|718.00|107.70|2008-12-21 05:00:18
138503|160012|20052|19846|1468|2174|1|478.00|71.70|2008-12-14 05:16:41
138780|160376|24315|18931|5531|2173|1|293.00|43.95|2008-12-13 10:54:33
139148|160799|4143|10262|8606|2170|2|868.00|130.20|2008-12-10 05:42:26
139216|160880|9559|40257|4807|2172|1|87.00|13.05|2008-12-12 07:01:55
139217|160880|9559|44385|4807|2177|2|174.00|26.10|2008-12-17 07:04:35
139450|161133|32231|40987|69|2172|1|314.00|47.10|2008-12-12 11:49:04
139503|161197|31379|15684|2843|2163|3|1281.00|192.15|2008-12-03 12:40:35
139626|161349|11767|46676|6704|2183|4|700.00|105.00|2008-12-23 03:17:57
139627|161349|11767|37461|6704|2171|2|350.00|52.50|2008-12-11 03:19:44
139628|161349|11767|36730|6704|2171|1|175.00|26.25|2008-12-11 03:21:30
139630|161351|3832|24376|7848|2175|2|44.00|6.60|2008-12-15 03:23:17
139681|161422|41588|23200|6867|2170|3|705.00|105.75|2008-12-10 04:31:43
139683|161422|41588|23064|6867|2170|2|470.00|70.50|2008-12-10 04:34:57
139684|161422|41588|21251|6867|2168|4|940.00|141.00|2008-12-08 04:39:01
139725|161481|44351|1840|3566|2161|3|348.00|52.20|2008-12-01 05:21:18
139923|161722|62|36309|8572|2165|3|579.00|86.85|2008-12-05 09:36:14
140205|162103|37569|41375|7602|2179|1|261.00|39.15|2008-12-19 02:52:45
140375|162307|41446|26059|1265|2174|1|409.00|61.35|2008-12-14 06:06:13
140554|162529|22097|35937|8735|2162|2|926.00|138.90|2008-12-02 09:23:49
140596|162578|39257|2200|5531|2181|1|39.00|5.85|2008-12-21 10:00:17
140955|162999|29539|5703|8314|2164|1|66.00|9.90|2008-12-04 04:54:15
141026|163084|24812|14104|5552|2168|4|432.00|64.80|2008-12-08 06:22:21
141047|163110|4781|3979|5917|2171|4|428.00|64.20|2008-12-11 06:43:40
141048|163110|4781|3010|5917|2170|2|214.00|32.10|2008-12-10 06:44:06
141218|163294|15178|40905|4917|2176|1|56.00|8.40|2008-12-16 10:05:08
141470|163629|17477|8827|1940|2171|3|903.00|135.45|2008-12-11 02:48:09
141863|164093|28323|2578|6011|2166|2|340.00|51.00|2008-12-06 10:19:51
142240|164556|41386|6699|5432|2163|1|190.00|28.50|2008-12-03 05:30:52
142803|165287|41808|2272|575|2173|1|491.00|73.65|2008-12-13 04:37:53
142903|165414|39610|617|4343|2177|1|96.00|14.40|2008-12-17 06:26:38
142909|165419|36636|19746|3059|2187|2|590.00|88.50|2008-12-27 06:38:18
142980|165513|34409|21976|1028|2178|1|114.00|17.10|2008-12-18 08:11:17
142981|165513|34409|16291|1028|2171|4|456.00|68.40|2008-12-11 08:12:24
143369|165948|4941|15906|6924|2169|3|165.00|24.75|2008-12-09 03:04:41
143370|165948|4941|13815|6924|2166|2|110.00|16.50|2008-12-06 03:04:47
143385|165960|6321|26385|5569|2165|4|1488.00|223.20|2008-12-05 03:19:31
143404|165981|47412|4187|2358|2184|2|396.00|59.40|2008-12-24 03:37:06
143635|166261|8514|23621|8645|2180|1|472.00|70.80|2008-12-20 07:57:43
143661|166302|24910|36121|2312|2167|2|538.00|80.70|2008-12-07 08:30:30
143776|166473|36740|1919|3658|2162|4|296.00|44.40|2008-12-02 10:43:50
143830|166521|33373|37919|6161|2182|1|178.00|26.70|2008-12-22 11:53:09
144085|166790|40369|21361|4086|2162|1|260.00|39.00|2008-12-02 04:19:47
144146|166862|44304|36446|2442|2181|2|508.00|76.20|2008-12-21 05:30:39
144953|167789|39649|16899|5885|2169|1|495.00|74.25|2008-12-09 08:59:24
144954|167789|39649|32552|5885|2188|2|990.00|148.50|2008-12-28 09:02:15
145021|167867|31703|6752|4870|2176|1|397.00|59.55|2008-12-16 10:22:48
145204|168105|29830|6707|5189|2182|1|147.00|22.05|2008-12-22 01:38:54
145395|168319|11457|42931|2843|2161|2|70.00|10.50|2008-12-01 04:46:40
145772|168794|4036|143|3991|2161|1|229.00|34.35|2008-12-01 12:18:35
145803|168840|49031|6589|8049|2161|4|1148.00|172.20|2008-12-01 12:46:10
146348|169480|32552|31951|231|2167|2|958.00|143.70|2008-12-07 11:39:51
146349|169480|32552|36676|231|2173|1|479.00|71.85|2008-12-13 11:40:49
146802|170017|71|24617|8722|2167|1|437.00|65.55|2008-12-07 07:56:35
146864|170080|19360|16928|4783|2163|2|606.00|90.90|2008-12-03 08:53:57
146952|170166|6696|37321|3537|2169|2|612.00|91.80|2008-12-09 10:15:22
147182|170417|36859|14687|6142|2175|1|106.00|15.90|2008-12-15 02:15:34
147431|170731|38276|20215|4025|2173|1|231.00|34.65|2008-12-13 06:36:58
147854|171189|29751|6842|3484|2172|4|168.00|25.20|2008-12-12 03:16:18
147855|171189|29751|11715|3484|2178|2|84.00|12.60|2008-12-18 03:17:00
147856|171189|29751|7004|3484|2172|3|126.00|18.90|2008-12-12 03:17:41
148306|171764|38779|42119|2745|2162|1|112.00|16.80|2008-12-02 11:38:57
148351|171820|30285|13269|865|2170|1|273.00|40.95|2008-12-10 12:29:56
148590|172107|12745|32631|4197|2162|2|772.00|115.80|2008-12-02 05:02:42
148651|172192|18321|27027|4864|2168|2|992.00|148.80|2008-12-08 06:20:41
148775|172352|48916|384|5277|2181|1|218.00|32.70|2008-12-21 08:55:45
148841|172408|31948|30639|432|2166|1|302.00|45.30|2008-12-06 10:12:27
149100|172689|33907|15572|6250|2166|2|776.00|116.40|2008-12-06 03:29:54
149101|172689|33907|18921|6250|2170|1|388.00|58.20|2008-12-10 03:30:09
149483|173088|10041|5917|4773|2166|4|580.00|87.00|2008-12-06 11:11:58
149484|173088|10041|15175|4773|2177|3|435.00|65.25|2008-12-17 11:12:19
149541|173144|37062|31882|4256|2170|1|22.00|3.30|2008-12-10 12:30:18
149542|173144|37062|34056|4256|2172|2|44.00|6.60|2008-12-12 12:30:52
149680|173290|8275|2127|2158|2169|2|926.00|138.90|2008-12-09 03:00:06
149681|173290|8275|9196|2158|2178|1|463.00|69.45|2008-12-18 03:01:18
149682|173290|8275|17762|2158|2188|4|1852.00|277.80|2008-12-28 03:04:54
150180|173828|22751|27625|8722|2161|2|764.00|114.60|2008-12-01 01:19:37
150388|174062|47254|24848|2745|2165|1|290.00|43.50|2008-12-05 05:07:49
150475|174169|45824|24701|1284|2162|1|51.00|7.65|2008-12-02 06:49:34
150476|174169|45824|35475|1284|2175|4|204.00|30.60|2008-12-15 06:51:14
150562|174274|22002|15173|6034|2181|2|358.00|53.70|2008-12-21 08:20:11
150563|174274|22002|5599|6034|2169|1|179.00|26.85|2008-12-09 08:20:26
150865|174607|853|16417|1009|2167|1|374.00|56.10|2008-12-07 02:02:46
150893|174640|23656|30747|1647|2183|1|129.00|19.35|2008-12-23 02:35:50
150894|174640|23656|14290|1647|2164|4|516.00|77.40|2008-12-04 02:36:33
151120|174919|21830|36347|1561|2182|1|165.00|24.75|2008-12-22 07:18:32
151164|174963|43282|1968|5548|2164|1|137.00|20.55|2008-12-04 08:09:15
151165|174963|43282|10760|5548|2174|2|274.00|41.10|2008-12-14 08:11:41
151221|175037|40070|4121|8230|2167|2|508.00|76.20|2008-12-07 09:25:40
151295|175146|7580|4299|5058|2162|4|1356.00|203.40|2008-12-02 10:49:08
151469|175360|40555|38697|6023|2179|2|248.00|37.20|2008-12-19 02:30:56
151470|175360|40555|36285|6023|2176|3|372.00|55.80|2008-12-16 02:30:58
151670|175571|7815|27020|5550|2172|2|314.00|47.10|2008-12-12 06:22:35
152521|176484|25178|37504|2714|2181|4|1296.00|194.40|2008-12-21 11:35:09
152522|176484|25178|25751|2714|2166|3|972.00|145.80|2008-12-06 11:35:56
152523|176484|25178|33474|2714|2176|2|648.00|97.20|2008-12-16 11:36:58
152524|176484|25178|37447|2714|2180|1|324.00|48.60|2008-12-20 11:39:08
152843|176891|5137|31973|2369|2161|2|332.00|49.80|2008-12-01 05:20:34
153180|177309|5042|15681|7824|2164|2|288.00|43.20|2008-12-04 12:00:55
153468|177653|8184|35346|4807|2168|1|96.00|14.40|2008-12-08 05:33:15
153491|177690|10602|37019|4807|2171|2|318.00|47.70|2008-12-11 05:54:15
153651|177881|42676|40403|6110|2161|2|108.00|16.20|2008-12-01 08:45:46
153725|177958|9689|26929|5284|2162|1|113.00|16.95|2008-12-02 10:20:05
153812|178055|45099|22720|6979|2169|1|270.00|40.50|2008-12-09 11:57:42
153894|178162|19036|6792|189|2170|2|580.00|87.00|2008-12-10 01:25:35
154096|178398|32531|3456|2181|2178|2|614.00|92.10|2008-12-18 05:01:27
154129|178437|12636|32935|7848|2178|2|782.00|117.30|2008-12-18 05:34:45
154278|178612|38911|40059|3569|2169|2|302.00|45.30|2008-12-09 07:59:16
155313|179770|33044|39138|1265|2184|4|868.00|130.20|2008-12-24 03:07:26
155326|179787|49344|23385|4322|2182|2|226.00|33.90|2008-12-22 03:19:10
155572|180075|19900|29777|4485|2171|1|66.00|9.90|2008-12-11 08:07:55
155882|180474|37747|26913|8372|2176|2|670.00|100.50|2008-12-16 02:15:34
156287|180922|26679|40753|2867|2176|2|670.00|100.50|2008-12-16 09:33:35
156679|181398|39770|11716|6726|2182|3|327.00|49.05|2008-12-22 05:04:25
156762|181494|29710|29547|6951|2174|1|57.00|8.55|2008-12-14 06:33:52
156808|205121|11530|26310|5061|2162|2|4706.00|705.90|2008-12-02 07:34:29
156827|205150|33887|28432|5621|2175|1|513.00|76.95|2008-12-15 07:53:11
157272|206027|43157|45592|2836|2172|4|5984.00|897.60|2008-12-12 03:50:21
157273|206027|43157|43937|2836|2170|2|2992.00|448.80|2008-12-10 03:52:42
157444|206380|40064|34082|3588|2162|1|955.00|143.25|2008-12-02 07:19:51
157549|206579|25275|2505|2308|2186|1|1591.00|238.65|2008-12-26 09:15:21
157679|206854|30380|3238|3636|2163|1|1693.00|253.95|2008-12-03 11:26:22
158006|207534|43284|19364|4847|2183|2|1274.00|191.10|2008-12-23 05:56:31
158007|207534|43284|22945|4847|2187|1|637.00|95.55|2008-12-27 05:56:50
158276|208056|44690|1941|4434|2175|2|3802.00|570.30|2008-12-15 11:06:58
158604|208732|24844|36320|5917|2184|1|1631.00|244.65|2008-12-24 05:30:12
158692|208935|26890|8685|7846|2162|1|1152.00|172.80|2008-12-02 06:58:16
158722|208999|34405|37272|2657|2163|2|2936.00|440.40|2008-12-03 07:31:10
159058|209631|24242|3204|8086|2176|2|1116.00|167.40|2008-12-16 01:50:59
159164|209819|38453|2569|4870|2166|2|2100.00|315.00|2008-12-06 04:02:29
159165|209819|38453|13842|4870|2179|1|1050.00|157.50|2008-12-19 04:02:30
159291|210602|28210|14190|4025|2162|2|2022.00|303.30|2008-12-02 06:39:44
159292|210602|28210|17071|4025|2165|3|3033.00|454.95|2008-12-05 06:41:32
159547|211016|25186|12911|3566|2170|1|1444.00|216.60|2008-12-10 12:07:37
159628|211160|14540|34780|5398|2163|1|1021.00|153.15|2008-12-03 01:52:38
159807|211488|8240|13896|2141|2178|1|1202.00|180.30|2008-12-18 05:00:07
159838|211532|43519|35438|1658|2166|2|4114.00|617.10|2008-12-06 05:33:41
160023|211860|41728|1256|5550|2180|1|905.00|135.75|2008-12-20 09:34:33
160033|211897|27538|22531|3632|2167|2|2648.00|397.20|2008-12-07 09:45:54
160384|212514|4207|38197|6509|2173|2|4432.00|664.80|2008-12-13 04:19:07
160597|212939|9260|33660|223|2164|1|1195.00|179.25|2008-12-04 08:09:19
160641|213032|11109|5910|5553|2186|2|1002.00|150.30|2008-12-26 08:57:31
160892|213487|17381|25674|177|2162|1|1074.00|161.10|2008-12-02 01:53:37
161024|213752|36316|26470|807|2166|2|1356.00|203.40|2008-12-06 04:31:56
161025|213752|36316|23201|807|2162|1|678.00|101.70|2008-12-02 04:33:26
161221|214152|35991|28538|7485|2173|2|1756.00|263.40|2008-12-13 08:03:42
161234|214189|29061|22514|2062|2170|2|3952.00|592.80|2008-12-10 08:21:25
161374|214434|22817|12734|1451|2182|2|2066.00|309.90|2008-12-22 11:00:46
161585|214853|13192|23250|2930|2165|2|2668.00|400.20|2008-12-05 03:36:38
161763|215217|31195|26250|1324|2162|2|3398.00|509.70|2008-12-02 07:07:49
162172|215975|42250|668|5187|2163|4|7764.00|1164.60|2008-12-03 02:45:15
162233|216112|29745|12053|3417|2161|2|4678.00|701.70|2008-12-01 03:57:06
162395|216403|35898|26631|3615|2175|1|708.00|106.20|2008-12-15 07:04:03
162960|217438|14004|21205|4741|2161|2|3492.00|523.80|2008-12-01 06:13:10
163406|218235|28884|9781|5569|2173|2|3606.00|540.90|2008-12-13 02:37:50
163407|218235|28884|8258|5569|2171|1|1803.00|270.45|2008-12-11 02:39:31
164254|219754|2500|14829|2442|2162|3|3186.00|477.90|2008-12-02 06:11:31
164390|220038|35582|35116|4056|2184|1|1045.00|156.75|2008-12-24 08:42:12
164774|220788|19300|25896|860|2170|1|1464.00|219.60|2008-12-10 04:07:31
165268|221692|34111|20851|2312|2168|1|404.00|60.60|2008-12-08 12:58:38
165330|221786|37059|37430|106|2186|2|2386.00|357.90|2008-12-26 02:08:46
165374|221868|35567|4841|6080|2170|1|1233.00|184.95|2008-12-10 03:07:14
165564|222273|33679|9421|7213|2163|2|2294.00|344.10|2008-12-03 07:11:41
165593|222337|4595|4767|245|2174|2|2302.00|345.30|2008-12-14 07:46:58
165603|222360|31756|5426|914|2177|1|1828.00|274.20|2008-12-17 07:56:53
165658|222468|37852|9273|560|2172|1|574.00|86.10|2008-12-12 08:55:32
165659|222468|37852|1648|560|2162|2|1148.00|172.20|2008-12-02 08:55:42
165710|222550|36802|30083|7800|2176|1|1578.00|236.70|2008-12-16 09:55:29
165744|222606|47222|19052|3356|2168|2|3814.00|572.10|2008-12-08 10:28:11
165814|222731|19717|38281|7184|2166|1|1750.00|262.50|2008-12-06 11:42:17
165940|222972|2846|45468|164|2162|1|2211.00|331.65|2008-12-02 02:01:56
165948|222983|3417|33201|4197|2167|1|621.00|93.15|2008-12-07 02:09:53
166112|223311|4020|10089|3419|2186|2|1660.00|249.00|2008-12-26 05:23:02
166198|223489|19988|13921|6080|2184|1|483.00|72.45|2008-12-24 07:14:34
166329|223746|37969|2562|74|2175|1|1703.00|255.45|2008-12-15 09:38:57
166579|224196|26859|10850|3601|2168|1|934.00|140.10|2008-12-08 02:24:02
166598|224228|27157|10105|8645|2174|4|6004.00|900.60|2008-12-14 02:50:45
166599|224228|27157|8206|8645|2171|1|1501.00|225.15|2008-12-11 02:54:12
166641|224307|11073|29724|1515|2164|1|1162.00|174.30|2008-12-04 03:42:37
166687|224395|23416|8479|6361|2177|1|1370.00|205.50|2008-12-17 04:45:39
166688|224395|23416|5017|6361|2173|4|5480.00|822.00|2008-12-13 04:46:00
166796|224584|9396|33144|2358|2175|1|1855.00|278.25|2008-12-15 06:34:14
166797|224584|9396|29379|2358|2171|2|3710.00|556.50|2008-12-11 06:34:37
166845|224711|32241|33759|7188|2172|4|9712.00|1456.80|2008-12-12 07:30:38
167119|225291|25595|31198|8681|2167|2|1748.00|262.20|2008-12-07 12:36:04
167120|225291|25595|28964|8681|2164|1|874.00|131.10|2008-12-04 12:37:48
167455|225971|8962|19039|5424|2181|1|893.00|133.95|2008-12-21 06:43:47
167532|226124|32222|37604|4366|2169|1|1095.00|164.25|2008-12-09 08:19:39
167643|226298|9825|41389|5478|2182|4|7816.00|1172.40|2008-12-22 10:28:23
167644|226298|9825|26741|5478|2165|2|3908.00|586.20|2008-12-05 10:29:17
167645|226306|6632|18397|8475|2182|3|1869.00|280.35|2008-12-22 10:29:27
168074|227102|17910|20946|2930|2181|1|1245.00|186.75|2008-12-21 07:06:12
168245|227412|16706|41910|5541|2172|1|2500.00|375.00|2008-12-12 10:41:46
168531|228025|38890|20229|7878|2163|1|1838.00|275.70|2008-12-03 05:13:50
168532|228025|38890|26014|7878|2170|2|3676.00|551.40|2008-12-10 05:14:08
168646|228271|11744|9162|6161|2168|1|455.00|68.25|2008-12-08 07:27:45
168667|228310|36773|30760|2852|2163|1|1288.00|193.20|2008-12-03 08:00:34
168853|228620|22059|26207|2104|2164|1|432.00|64.80|2008-12-04 11:51:35
169001|228892|38030|9180|7670|2161|2|4256.00|638.40|2008-12-01 02:54:26
169002|228892|38030|11865|7670|2164|1|2128.00|319.20|2008-12-04 02:55:20
169086|229062|13729|27024|2747|2165|3|1527.00|229.05|2008-12-05 04:27:11
169375|229575|7562|15728|2947|2172|1|1482.00|222.30|2008-12-12 10:25:33
169633|230082|10075|5290|5145|2188|1|1890.00|283.50|2008-12-28 03:00:24
169653|230142|4190|30117|2041|2171|2|1640.00|246.00|2008-12-11 03:17:38
169654|230142|4190|27219|2041|2167|1|820.00|123.00|2008-12-07 03:20:16
170042|230940|49425|18108|5324|2178|1|2004.00|300.60|2008-12-18 11:21:21
170053|230956|46515|7657|5061|2172|4|3984.00|597.60|2008-12-12 11:30:07
170054|230956|46515|7525|5061|2172|1|996.00|149.40|2008-12-12 11:30:56
170055|230959|39304|17854|5635|2171|2|994.00|149.10|2008-12-11 11:32:01
170407|231600|44604|17953|4434|2163|1|1531.00|229.65|2008-12-03 01:10:35
170438|231652|30419|36951|5324|2169|2|1066.00|159.90|2008-12-09 01:11:36
170675|232129|14297|35507|8475|2176|1|1631.00|244.65|2008-12-16 01:20:42
170676|232129|14297|38928|8475|2180|3|4893.00|733.95|2008-12-20 01:20:42
170905|232556|19493|41090|7848|2172|1|375.00|56.25|2008-12-12 01:29:28
171115|232964|25391|18355|1499|2173|1|2295.00|344.25|2008-12-13 01:37:37
171127|232989|7831|8042|2696|2169|1|1499.00|224.85|2008-12-09 01:38:06
171139|233009|42121|9946|5665|2167|2|2564.00|384.60|2008-12-07 01:38:26
171157|233041|7725|21355|7406|2164|1|416.00|62.40|2008-12-04 01:39:07
171373|233483|43722|2488|1341|2188|2|2742.00|411.30|2008-12-28 01:46:51
171513|233774|30265|33428|355|2163|1|815.00|122.25|2008-12-03 01:52:11
171748|234216|35466|22043|1261|2185|2|4220.00|633.00|2008-12-25 02:01:23
171749|234216|35466|7934|1261|2168|1|2110.00|316.50|2008-12-08 02:01:23
171975|234591|11708|29140|8200|2161|1|1896.00|284.40|2008-12-01 02:09:30
172095|234773|27303|29225|2181|2175|1|595.00|89.25|2008-12-15 02:13:56
172446|235473|41211|37184|7989|2175|2|786.00|117.90|2008-12-15 02:27:10
